645.78
403.71
674.23
368.59
48.62
95.38
488.62
305.46
510.14
278.88
36.79
72.17
594.11
371.40
620.28
339.09
44.73
87.75
454.50
284.13
474.52
259.41
34.22
67.13
438.42
274.07
457.73
250.23
33.01
64.75
905.74
566.22
945.64
516.96
68.19
133.77
937.85
586.29
979.17
535.29
70.61
138.52
813.87
508.79
849.73
464.53
61.27
120.21
563.04
351.98
587.84
321.36
42.39
83.16
193.55
121.00
202.08
110.47
14.57
28.59
249.91
156.23
260.92
142.64
18.81
36.91
63.26
39.55
66.05
36.11
4.76
9.34
616.23
385.24
643.38
351.72
46.39
91.02
684.62
427.99
714.78
390.76
51.54
101.12
334.39
209.04
349.12
190.86
25.17
49.39
