95.38
140.53
342.73
362.97
360.30
157.90
72.17
106.33
259.31
274.63
272.61
119.47
87.75
129.28
315.30
333.93
331.47
145.27
67.13
98.90
241.21
255.46
253.58
111.13
64.75
95.40
232.67
246.42
244.61
107.20
133.77
197.09
480.69
509.09
505.34
221.47
138.52
204.08
497.73
527.13
523.26
229.32
120.21
177.10
431.93
457.45
454.09
199.00
83.16
122.52
298.81
316.47
314.14
137.67
28.59
42.12
102.72
108.79
107.99
47.33
36.91
54.38
132.63
140.47
139.43
61.11
9.34
13.77
33.57
35.56
35.30
15.47
91.02
134.10
327.04
346.36
343.82
150.68
101.12
148.98
363.34
384.80
381.97
167.40
49.39
72.76
177.47
187.95
186.57
81.76
134.01
197.44
481.54
509.99
506.23
221.86
83.78
123.43
301.03
318.81
316.47
138.69
139.91
206.14
502.75
532.45
528.54
231.63
76.49
112.69
274.84
291.08
288.94
126.63
10.09
14.86
36.25
38.39
38.11
16.70
