157.90
410.50
476.53
119.47
310.60
360.55
145.27
377.65
438.40
111.13
288.91
335.38
107.20
278.69
323.51
221.47
575.75
668.35
229.32
596.16
692.05
199.00
517.35
600.57
137.67
357.91
415.47
47.33
123.04
142.82
61.11
158.86
184.41
15.47
40.21
46.68
150.68
391.72
454.72
167.40
435.19
505.19
81.76
212.56
246.75
221.86
576.77
669.53
138.69
360.56
418.56
231.63
602.17
699.03
126.63
329.20
382.14
16.70
43.42
50.41
32.77
85.19
98.89
48.28
125.51
145.69
117.74
306.10
355.33
124.70
324.18
376.32
123.78
321.80
373.56
