72.01
230.10
177.84
179.41
122.35
39.72
54.48
174.10
134.56
135.75
92.57
30.06
66.25
211.69
163.61
165.05
112.56
36.54
50.68
161.94
125.17
126.27
86.11
27.96
48.89
156.21
120.74
121.80
83.06
26.97
101.00
322.73
249.43
251.63
171.60
55.71
104.58
334.17
258.28
260.55
177.69
57.69
90.75
289.99
224.14
226.11
154.20
50.06
62.78
200.62
155.06
156.42
106.68
34.63
21.58
68.97
53.30
53.77
36.67
11.91
27.87
89.05
68.82
69.43
47.35
15.37
7.05
22.54
17.42
17.58
11.99
3.89
68.72
219.57
169.71
171.20
116.75
37.91
76.34
243.94
188.54
190.20
129.71
42.11
37.29
119.15
92.09
92.90
63.35
20.57
101.18
323.30
249.88
252.08
171.91
55.81
63.25
202.11
156.21
157.58
107.47
34.89
105.63
337.54
260.88
263.18
179.48
58.27
57.75
184.52
142.62
143.88
98.12
31.85
7.62
24.34
18.81
18.98
12.94
4.20
14.94
47.75
36.91
37.23
25.39
8.24
22.02
70.35
54.37
54.85
37.41
12.14
53.70
171.58
132.61
133.78
91.23
29.62
56.87
181.71
140.45
141.68
96.62
31.37
56.45
180.38
139.41
140.64
95.91
31.14
24.74
79.05
61.10
61.64
42.03
13.65
64.31
205.51
158.84
160.24
109.28
35.48
74.66
238.56
184.39
186.01
126.85
41.18
7.08
22.61
17.48
17.63
12.02
3.90
25.14
80.33
62.09
62.63
42.71
13.87
16.88
53.95
41.70
42.07
28.69
9.31
103.38
330.34
255.32
257.57
175.65
57.03
75.44
241.06
186.32
187.96
128.18
41.62
8.80
28.12
21.73
21.93
14.95
4.85
58.25
186.12
143.85
145.12
98.97
32.13
15.13
48.35
37.37
37.70
25.71
8.35
11.39
36.39
28.12
28.37
19.35
6.28
65.60
209.61
162.01
163.43
111.46
36.19
96.86
309.49
239.21
241.31
164.57
53.43
96.16
307.26
237.48
239.58
163.38
53.04
