0.00
0.00
0.00
0.00
602.04
0.00
0.00
0.00
658.03
0.00
0.00
0.00
583.93
0.00
0.00
0.00
575.40
0.00
0.00
0.00
823.41
0.00
0.00
0.00
840.46
0.00
0.00
0.00
774.66
0.00
0.00
0.00
641.54
0.00
0.00
0.00
445.45
0.00
0.00
0.00
475.36
0.00
0.00
0.00
376.30
0.00
0.00
0.00
669.77
0.00
0.00
0.00
706.06
0.00
0.00
0.00
520.19
0.00
0.00
0.00
824.26
0.00
0.00
0.00
643.76
0.00
0.00
0.00
845.48
0.00
0.00
0.00
617.57
0.00
0.00
0.00
378.98
0.00
0.00
0.00
413.85
0.00
0.00
0.00
447.51
0.00
0.00
0.00
0.00
0.00
0.00
0.00
0.00
637.61
0.00
0.00
0.00
696.90
0.00
0.00
0.00
618.43
0.00
0.00
0.00
609.39
0.00
0.00
0.00
872.06
0.00
0.00
0.00
890.11
0.00
0.00
0.00
820.42
0.00
0.00
0.00
679.44
0.00
0.00
0.00
471.76
0.00
0.00
0.00
503.44
0.00
0.00
0.00
398.53
0.00
0.00
0.00
709.34
0.00
0.00
0.00
747.78
0.00
0.00
0.00
550.92
0.00
0.00
0.00
872.96
0.00
0.00
0.00
681.79
0.00
0.00
0.00
895.42
0.00
0.00
0.00
654.05
0.00
0.00
0.00
401.37
0.00
0.00
0.00
438.30
0.00
0.00
0.00
473.95
0.00
0.00
0.00
0.00
0.00
0.00
0.00
0.00
632.92
0.00
0.00
0.00
691.77
0.00
0.00
0.00
613.88
0.00
0.00
0.00
604.91
0.00
0.00
0.00
865.64
0.00
0.00
0.00
883.56
0.00
0.00
0.00
814.39
0.00
0.00
0.00
674.44
0.00
0.00
0.00
468.29
0.00
0.00
0.00
499.74
0.00
0.00
0.00
395.60
0.00
0.00
0.00
704.12
0.00
0.00
0.00
742.28
0.00
0.00
0.00
546.87
0.00
0.00
0.00
866.54
0.00
0.00
0.00
676.77
0.00
0.00
0.00
888.84
0.00
0.00
0.00
649.24
0.00
0.00
0.00
398.41
0.00
0.00
0.00
435.07
0.00
0.00
0.00
470.46
0.00
0.00
0.00
0.00
0.00
0.00
0.00
0.00
277.38
0.00
0.00
0.00
303.17
0.00
0.00
0.00
269.04
0.00
0.00
0.00
265.10
0.00
0.00
0.00
379.37
0.00
0.00
0.00
387.22
0.00
0.00
0.00
356.91
0.00
0.00
0.00
295.57
0.00
0.00
0.00
205.23
0.00
0.00
0.00
219.01
0.00
0.00
0.00
173.37
0.00
0.00
0.00
308.58
0.00
0.00
0.00
325.30
0.00
0.00
0.00
239.67
0.00
0.00
0.00
379.76
0.00
0.00
0.00
296.60
0.00
0.00
0.00
389.54
0.00
0.00
0.00
284.53
0.00
0.00
0.00
174.61
0.00
0.00
0.00
190.67
0.00
0.00
0.00
206.18
0.00
0.00
0.00
0.00
0.00
0.00
0.00
0.00
574.62
0.00
0.00
0.00
500.52
0.00
0.00
0.00
491.99
0.00
0.00
0.00
740.00
0.00
0.00
0.00
757.04
0.00
0.00
0.00
691.25
0.00
0.00
0.00
558.13
0.00
0.00
0.00
362.04
0.00
0.00
0.00
391.94
0.00
0.00
0.00
292.89
0.00
0.00
0.00
586.36
0.00
0.00
0.00
622.65
0.00
0.00
0.00
436.78
0.00
0.00
0.00
740.85
0.00
0.00
0.00
560.34
0.00
0.00
0.00
762.06
0.00
0.00
0.00
534.16
0.00
0.00
0.00
295.57
0.00
0.00
0.00
330.44
0.00
0.00
0.00
364.10
0.00
0.00
0.00
0.00
0.00
0.00
0.00
0.00
0.00
0.00
0.00
0.00
608.56
0.00
0.00
0.00
530.09
0.00
0.00
0.00
521.05
0.00
0.00
0.00
783.72
0.00
0.00
0.00
801.77
0.00
0.00
0.00
732.09
0.00
0.00
0.00
591.10
0.00
0.00
0.00
383.42
0.00
0.00
0.00
415.10
0.00
0.00
0.00
310.19
0.00
0.00
0.00
621.00
0.00
0.00
0.00
659.44
0.00
0.00
0.00
462.58
0.00
0.00
0.00
784.62
0.00
0.00
0.00
593.45
0.00
0.00
0.00
807.09
0.00
0.00
0.00
565.71
0.00
0.00
0.00
313.03
0.00
0.00
0.00
349.96
0.00
0.00
0.00
385.61
0.00
0.00
0.00
0.00
0.00
0.00
0.00
0.00
0.00
0.00
0.00
0.00
604.09
0.00
0.00
0.00
526.19
0.00
0.00
0.00
517.22
0.00
0.00
0.00
777.96
0.00
0.00
0.00
795.87
0.00
0.00
0.00
726.70
0.00
0.00
0.00
586.75
0.00
0.00
0.00
380.60
0.00
0.00
0.00
412.05
0.00
0.00
0.00
307.91
0.00
0.00
0.00
616.43
0.00
0.00
0.00
654.59
0.00
0.00
0.00
459.18
0.00
0.00
0.00
778.85
0.00
0.00
0.00
589.08
0.00
0.00
0.00
801.15
0.00
0.00
0.00
561.55
0.00
0.00
0.00
310.73
0.00
0.00
0.00
347.38
0.00
0.00
0.00
382.77
0.00
0.00
0.00
0.00
0.00
0.00
0.00
0.00
0.00
0.00
0.00
0.00
264.74
0.00
0.00
0.00
230.61
0.00
0.00
0.00
226.67
0.00
0.00
0.00
340.94
0.00
0.00
0.00
348.79
0.00
0.00
0.00
318.48
0.00
0.00
0.00
257.15
0.00
0.00
0.00
166.80
0.00
0.00
0.00
180.58
0.00
0.00
0.00
134.94
0.00
0.00
0.00
270.15
0.00
0.00
0.00
286.87
0.00
0.00
0.00
201.24
0.00
0.00
0.00
341.33
0.00
0.00
0.00
258.17
0.00
0.00
0.00
351.11
0.00
0.00
0.00
246.10
0.00
0.00
0.00
136.18
0.00
0.00
0.00
152.24
0.00
0.00
0.00
167.75
0.00
0.00
0.00
0.00
0.00
0.00
0.00
0.00
0.00
0.00
0.00
0.00
556.51
0.00
0.00
0.00
547.97
0.00
0.00
0.00
795.99
0.00
0.00
0.00
813.03
0.00
0.00
0.00
747.23
0.00
0.00
0.00
614.11
0.00
0.00
0.00
418.02
0.00
0.00
0.00
447.93
0.00
0.00
0.00
348.88
0.00
0.00
0.00
642.34
0.00
0.00
0.00
678.64
0.00
0.00
0.00
492.77
0.00
0.00
0.00
796.84
0.00
0.00
0.00
616.33
0.00
0.00
0.00
818.05
0.00
0.00
0.00
590.14
0.00
0.00
0.00
351.55
0.00
0.00
0.00
386.42
0.00
0.00
0.00
420.09
0.00
0.00
0.00
0.00
0.00
0.00
0.00
0.00
0.00
0.00
0.00
0.00
0.00
0.00
0.00
0.00
589.39
0.00
0.00
0.00
580.35
0.00
0.00
0.00
843.01
0.00
0.00
0.00
861.06
0.00
0.00
0.00
791.38
0.00
0.00
0.00
650.39
0.00
0.00
0.00
442.72
0.00
0.00
0.00
474.39
0.00
0.00
0.00
369.49
0.00
0.00
0.00
680.29
0.00
0.00
0.00
718.73
0.00
0.00
0.00
521.88
0.00
0.00
0.00
843.91
0.00
0.00
0.00
652.74
0.00
0.00
0.00
866.38
0.00
0.00
0.00
625.01
0.00
0.00
0.00
372.32
0.00
0.00
0.00
409.25
0.00
0.00
0.00
444.90
0.00
0.00
0.00
0.00
0.00
0.00
0.00
0.00
0.00
0.00
0.00
0.00
0.00
0.00
0.00
0.00
585.05
0.00
0.00
0.00
576.08
0.00
0.00
0.00
836.81
0.00
0.00
0.00
854.73
0.00
0.00
0.00
785.56
0.00
0.00
0.00
645.61
0.00
0.00
0.00
439.46
0.00
0.00
0.00
470.90
0.00
0.00
0.00
366.77
0.00
0.00
0.00
675.29
0.00
0.00
0.00
713.45
0.00
0.00
0.00
518.04
0.00
0.00
0.00
837.71
0.00
0.00
0.00
647.94
0.00
0.00
0.00
860.01
0.00
0.00
0.00
620.41
0.00
0.00
0.00
369.58
0.00
0.00
0.00
406.24
0.00
0.00
0.00
441.63
0.00
0.00
0.00
0.00
0.00
0.00
0.00
0.00
0.00
0.00
0.00
0.00
0.00
0.00
0.00
0.00
256.40
0.00
0.00
0.00
252.47
0.00
0.00
0.00
366.74
0.00
0.00
0.00
374.59
0.00
0.00
0.00
344.27
0.00
0.00
0.00
282.94
0.00
0.00
0.00
192.59
0.00
0.00
0.00
206.37
0.00
0.00
0.00
160.74
0.00
0.00
0.00
295.95
0.00
0.00
0.00
312.67
0.00
0.00
0.00
227.03
0.00
0.00
0.00
367.13
0.00
0.00
0.00
283.96
0.00
0.00
0.00
376.90
0.00
0.00
0.00
271.90
0.00
0.00
0.00
161.97
0.00
0.00
0.00
178.04
0.00
0.00
0.00
193.55
0.00
0.00
0.00
0.00
0.00
0.00
0.00
0.00
0.00
0.00
0.00
0.00
0.00
0.00
0.00
0.00
473.88
0.00
0.00
0.00
721.90
0.00
0.00
0.00
738.94
0.00
0.00
0.00
673.14
0.00
0.00
0.00
540.02
0.00
0.00
0.00
343.93
0.00
0.00
0.00
373.84
0.00
0.00
0.00
274.78
0.00
0.00
0.00
568.25
0.00
0.00
0.00
604.55
0.00
0.00
0.00
418.67
0.00
0.00
0.00
722.75
0.00
0.00
0.00
542.24
0.00
0.00
0.00
743.96
0.00
0.00
0.00
516.05
0.00
0.00
0.00
277.46
0.00
0.00
0.00
312.33
0.00
0.00
0.00
345.99
0.00
0.00
0.00
0.00
0.00
0.00
0.00
0.00
0.00
0.00
0.00
0.00
0.00
0.00
0.00
0.00
0.00
0.00
0.00
0.00
501.88
0.00
0.00
0.00
764.55
0.00
0.00
0.00
782.59
0.00
0.00
0.00
712.91
0.00
0.00
0.00
571.92
0.00
0.00
0.00
364.25
0.00
0.00
0.00
395.92
0.00
0.00
0.00
291.02
0.00
0.00
0.00
601.82
0.00
0.00
0.00
640.26
0.00
0.00
0.00
443.41
0.00
0.00
0.00
765.44
0.00
0.00
0.00
574.27
0.00
0.00
0.00
787.91
0.00
0.00
0.00
546.54
0.00
0.00
0.00
293.85
0.00
0.00
0.00
330.78
0.00
0.00
0.00
366.43
0.00
0.00
0.00
0.00
0.00
0.00
0.00
0.00
0.00
0.00
0.00
0.00
0.00
0.00
0.00
0.00
0.00
0.00
0.00
0.00
498.19
0.00
0.00
0.00
758.92
0.00
0.00
0.00
776.84
0.00
0.00
0.00
707.67
0.00
0.00
0.00
567.72
0.00
0.00
0.00
361.57
0.00
0.00
0.00
393.01
0.00
0.00
0.00
288.88
0.00
0.00
0.00
597.40
0.00
0.00
0.00
635.55
0.00
0.00
0.00
440.15
0.00
0.00
0.00
759.81
0.00
0.00
0.00
570.05
0.00
0.00
0.00
782.12
0.00
0.00
0.00
542.52
0.00
0.00
0.00
291.69
0.00
0.00
0.00
328.35
0.00
0.00
0.00
363.74
0.00
0.00
0.00
0.00
0.00
0.00
0.00
0.00
0.00
0.00
0.00
0.00
0.00
0.00
0.00
0.00
0.00
0.00
0.00
0.00
218.33
0.00
0.00
0.00
332.60
0.00
0.00
0.00
340.45
0.00
0.00
0.00
310.14
0.00
0.00
0.00
248.80
0.00
0.00
0.00
158.46
0.00
0.00
0.00
172.24
0.00
0.00
0.00
126.60
0.00
0.00
0.00
261.81
0.00
0.00
0.00
278.53
0.00
0.00
0.00
192.90
0.00
0.00
0.00
332.99
0.00
0.00
0.00
249.83
0.00
0.00
0.00
342.76
0.00
0.00
0.00
237.76
0.00
0.00
0.00
127.83
0.00
0.00
0.00
143.90
0.00
0.00
0.00
159.41
0.00
0.00
0.00
0.00
0.00
0.00
0.00
0.00
0.00
0.00
0.00
0.00
0.00
0.00
0.00
0.00
0.00
0.00
0.00
0.00
713.36
0.00
0.00
0.00
730.40
0.00
0.00
0.00
664.61
0.00
0.00
0.00
531.49
0.00
0.00
0.00
335.40
0.00
0.00
0.00
365.30
0.00
0.00
0.00
266.25
0.00
0.00
0.00
559.72
0.00
0.00
0.00
596.01
0.00
0.00
0.00
410.14
0.00
0.00
0.00
714.21
0.00
0.00
0.00
533.70
0.00
0.00
0.00
735.42
0.00
0.00
0.00
507.52
0.00
0.00
0.00
268.93
0.00
0.00
0.00
303.79
0.00
0.00
0.00
337.46
0.00
0.00
0.00
0.00
0.00
0.00
0.00
0.00
0.00
0.00
0.00
0.00
0.00
0.00
0.00
0.00
0.00
0.00
0.00
0.00
0.00
0.00
0.00
0.00
755.51
0.00
0.00
0.00
773.55
0.00
0.00
0.00
703.87
0.00
0.00
0.00
562.89
0.00
0.00
0.00
355.21
0.00
0.00
0.00
386.89
0.00
0.00
0.00
281.98
0.00
0.00
0.00
592.78
0.00
0.00
0.00
631.22
0.00
0.00
0.00
434.37
0.00
0.00
0.00
756.40
0.00
0.00
0.00
565.23
0.00
0.00
0.00
778.87
0.00
0.00
0.00
537.50
0.00
0.00
0.00
284.81
0.00
0.00
0.00
321.74
0.00
0.00
0.00
357.40
0.00
0.00
0.00
0.00
0.00
0.00
0.00
0.00
0.00
0.00
0.00
0.00
0.00
0.00
0.00
0.00
0.00
0.00
0.00
0.00
0.00
0.00
0.00
0.00
749.95
0.00
0.00
0.00
767.87
0.00
0.00
0.00
698.69
0.00
0.00
0.00
558.75
0.00
0.00
0.00
352.60
0.00
0.00
0.00
384.04
0.00
0.00
0.00
279.90
0.00
0.00
0.00
588.42
0.00
0.00
0.00
626.58
0.00
0.00
0.00
431.17
0.00
0.00
0.00
750.84
0.00
0.00
0.00
561.08
0.00
0.00
0.00
773.14
0.00
0.00
0.00
533.55
0.00
0.00
0.00
282.72
0.00
0.00
0.00
319.38
0.00
0.00
0.00
354.77
0.00
0.00
0.00
0.00
0.00
0.00
0.00
0.00
0.00
0.00
0.00
0.00
0.00
0.00
0.00
0.00
0.00
0.00
0.00
0.00
0.00
0.00
0.00
0.00
328.67
0.00
0.00
0.00
336.52
0.00
0.00
0.00
306.20
0.00
0.00
0.00
244.87
0.00
0.00
0.00
154.53
0.00
0.00
0.00
168.31
0.00
0.00
0.00
122.67
0.00
0.00
0.00
257.88
0.00
0.00
0.00
274.60
0.00
0.00
0.00
188.96
0.00
0.00
0.00
329.06
0.00
0.00
0.00
245.89
0.00
0.00
0.00
338.83
0.00
0.00
0.00
233.83
0.00
0.00
0.00
123.90
0.00
0.00
0.00
139.97
0.00
0.00
0.00
155.48
0.00
0.00
0.00
0.00
0.00
0.00
0.00
0.00
0.00
0.00
0.00
0.00
0.00
0.00
0.00
0.00
0.00
0.00
0.00
0.00
0.00
0.00
0.00
0.00
978.42
0.00
0.00
0.00
912.62
0.00
0.00
0.00
779.50
0.00
0.00
0.00
583.41
0.00
0.00
0.00
613.32
0.00
0.00
0.00
514.26
0.00
0.00
0.00
807.73
0.00
0.00
0.00
844.03
0.00
0.00
0.00
658.15
0.00
0.00
0.00
962.23
0.00
0.00
0.00
781.72
0.00
0.00
0.00
983.44
0.00
0.00
0.00
755.53
0.00
0.00
0.00
516.94
0.00
0.00
0.00
551.81
0.00
0.00
0.00
585.47
0.00
0.00
0.00
0.00
0.00
0.00
0.00
0.00
0.00
0.00
0.00
0.00
0.00
0.00
0.00
0.00
0.00
0.00
0.00
0.00
0.00
0.00
0.00
0.00
0.00
0.00
0.00
0.00
1036.22
0.00
0.00
0.00
966.54
0.00
0.00
0.00
825.55
0.00
0.00
0.00
617.88
0.00
0.00
0.00
649.55
0.00
0.00
0.00
544.64
0.00
0.00
0.00
855.45
0.00
0.00
0.00
893.89
0.00
0.00
0.00
697.04
0.00
0.00
0.00
1019.07
0.00
0.00
0.00
827.90
0.00
0.00
0.00
1041.54
0.00
0.00
0.00
800.17
0.00
0.00
0.00
547.48
0.00
0.00
0.00
584.41
0.00
0.00
0.00
620.06
0.00
0.00
0.00
0.00
0.00
0.00
0.00
0.00
0.00
0.00
0.00
0.00
0.00
0.00
0.00
0.00
0.00
0.00
0.00
0.00
0.00
0.00
0.00
0.00
0.00
0.00
0.00
0.00
1028.60
0.00
0.00
0.00
959.43
0.00
0.00
0.00
819.48
0.00
0.00
0.00
613.33
0.00
0.00
0.00
644.77
0.00
0.00
0.00
540.64
0.00
0.00
0.00
849.16
0.00
0.00
0.00
887.32
0.00
0.00
0.00
691.91
0.00
0.00
0.00
1011.58
0.00
0.00
0.00
821.81
0.00
0.00
0.00
1033.88
0.00
0.00
0.00
794.28
0.00
0.00
0.00
543.45
0.00
0.00
0.00
580.11
0.00
0.00
0.00
615.50
0.00
0.00
0.00
0.00
0.00
0.00
0.00
0.00
0.00
0.00
0.00
0.00
0.00
0.00
0.00
0.00
0.00
0.00
0.00
0.00
0.00
0.00
0.00
0.00
0.00
0.00
0.00
0.00
450.79
0.00
0.00
0.00
420.47
0.00
0.00
0.00
359.14
0.00
0.00
0.00
268.79
0.00
0.00
0.00
282.57
0.00
0.00
0.00
236.94
0.00
0.00
0.00
372.15
0.00
0.00
0.00
388.87
0.00
0.00
0.00
303.23
0.00
0.00
0.00
443.33
0.00
0.00
0.00
360.16
0.00
0.00
0.00
453.10
0.00
0.00
0.00
348.09
0.00
0.00
0.00
238.17
0.00
0.00
0.00
254.23
0.00
0.00
0.00
269.74
0.00
0.00
0.00
0.00
0.00
0.00
0.00
0.00
0.00
0.00
0.00
0.00
0.00
0.00
0.00
0.00
0.00
0.00
0.00
0.00
0.00
0.00
0.00
0.00
0.00
0.00
0.00
0.00
929.66
0.00
0.00
0.00
796.54
0.00
0.00
0.00
600.45
0.00
0.00
0.00
630.36
0.00
0.00
0.00
531.30
0.00
0.00
0.00
824.77
0.00
0.00
0.00
861.07
0.00
0.00
0.00
675.19
0.00
0.00
0.00
979.27
0.00
0.00
0.00
798.76
0.00
0.00
0.00
1000.48
0.00
0.00
0.00
772.57
0.00
0.00
0.00
533.98
0.00
0.00
0.00
568.85
0.00
0.00
0.00
602.51
0.00
0.00
0.00
0.00
0.00
0.00
0.00
0.00
0.00
0.00
0.00
0.00
0.00
0.00
0.00
0.00
0.00
0.00
0.00
0.00
0.00
0.00
0.00
0.00
0.00
0.00
0.00
0.00
0.00
0.00
0.00
0.00
984.59
0.00
0.00
0.00
843.60
0.00
0.00
0.00
635.92
0.00
0.00
0.00
667.60
0.00
0.00
0.00
562.69
0.00
0.00
0.00
873.50
0.00
0.00
0.00
911.94
0.00
0.00
0.00
715.08
0.00
0.00
0.00
1037.12
0.00
0.00
0.00
845.95
0.00
0.00
0.00
1059.59
0.00
0.00
0.00
818.21
0.00
0.00
0.00
565.53
0.00
0.00
0.00
602.46
0.00
0.00
0.00
638.11
0.00
0.00
0.00
0.00
0.00
0.00
0.00
0.00
0.00
0.00
0.00
0.00
0.00
0.00
0.00
0.00
0.00
0.00
0.00
0.00
0.00
0.00
0.00
0.00
0.00
0.00
0.00
0.00
0.00
0.00
0.00
0.00
977.34
0.00
0.00
0.00
837.40
0.00
0.00
0.00
631.25
0.00
0.00
0.00
662.69
0.00
0.00
0.00
558.55
0.00
0.00
0.00
867.07
0.00
0.00
0.00
905.23
0.00
0.00
0.00
709.82
0.00
0.00
0.00
1029.49
0.00
0.00
0.00
839.73
0.00
0.00
0.00
1051.79
0.00
0.00
0.00
812.20
0.00
0.00
0.00
561.37
0.00
0.00
0.00
598.03
0.00
0.00
0.00
633.42
0.00
0.00
0.00
0.00
0.00
0.00
0.00
0.00
0.00
0.00
0.00
0.00
0.00
0.00
0.00
0.00
0.00
0.00
0.00
0.00
0.00
0.00
0.00
0.00
0.00
0.00
0.00
0.00
0.00
0.00
0.00
0.00
428.32
0.00
0.00
0.00
366.99
0.00
0.00
0.00
276.65
0.00
0.00
0.00
290.43
0.00
0.00
0.00
244.79
0.00
0.00
0.00
380.00
0.00
0.00
0.00
396.72
0.00
0.00
0.00
311.08
0.00
0.00
0.00
451.18
0.00
0.00
0.00
368.01
0.00
0.00
0.00
460.95
0.00
0.00
0.00
355.95
0.00
0.00
0.00
246.02
0.00
0.00
0.00
262.09
0.00
0.00
0.00
277.60
0.00
0.00
0.00
0.00
0.00
0.00
0.00
0.00
0.00
0.00
0.00
0.00
0.00
0.00
0.00
0.00
0.00
0.00
0.00
0.00
0.00
0.00
0.00
0.00
0.00
0.00
0.00
0.00
0.00
0.00
0.00
0.00
730.75
0.00
0.00
0.00
534.66
0.00
0.00
0.00
564.56
0.00
0.00
0.00
465.51
0.00
0.00
0.00
758.98
0.00
0.00
0.00
795.27
0.00
0.00
0.00
609.40
0.00
0.00
0.00
913.47
0.00
0.00
0.00
732.96
0.00
0.00
0.00
934.68
0.00
0.00
0.00
706.78
0.00
0.00
0.00
468.19
0.00
0.00
0.00
503.05
0.00
0.00
0.00
536.72
0.00
0.00
0.00
0.00
0.00
0.00
0.00
0.00
0.00
0.00
0.00
0.00
0.00
0.00
0.00
0.00
0.00
0.00
0.00
0.00
0.00
0.00
0.00
0.00
0.00
0.00
0.00
0.00
0.00
0.00
0.00
0.00
0.00
0.00
0.00
0.00
773.92
0.00
0.00
0.00
566.24
0.00
0.00
0.00
597.92
0.00
0.00
0.00
493.01
0.00
0.00
0.00
803.82
0.00
0.00
0.00
842.26
0.00
0.00
0.00
645.40
0.00
0.00
0.00
967.44
0.00
0.00
0.00
776.27
0.00
0.00
0.00
989.90
0.00
0.00
0.00
748.53
0.00
0.00
0.00
495.85
0.00
0.00
0.00
532.77
0.00
0.00
0.00
568.43
0.00
0.00
0.00
0.00
0.00
0.00
0.00
0.00
0.00
0.00
0.00
0.00
0.00
0.00
0.00
0.00
0.00
0.00
0.00
0.00
0.00
0.00
0.00
0.00
0.00
0.00
0.00
0.00
0.00
0.00
0.00
0.00
0.00
0.00
0.00
0.00
768.23
0.00
0.00
0.00
562.08
0.00
0.00
0.00
593.52
0.00
0.00
0.00
489.38
0.00
0.00
0.00
797.90
0.00
0.00
0.00
836.06
0.00
0.00
0.00
640.65
0.00
0.00
0.00
960.32
0.00
0.00
0.00
770.56
0.00
0.00
0.00
982.62
0.00
0.00
0.00
743.03
0.00
0.00
0.00
492.20
0.00
0.00
0.00
528.86
0.00
0.00
0.00
564.25
0.00
0.00
0.00
0.00
0.00
0.00
0.00
0.00
0.00
0.00
0.00
0.00
0.00
0.00
0.00
0.00
0.00
0.00
0.00
0.00
0.00
0.00
0.00
0.00
0.00
0.00
0.00
0.00
0.00
0.00
0.00
0.00
0.00
0.00
0.00
0.00
336.68
0.00
0.00
0.00
246.33
0.00
0.00
0.00
260.11
0.00
0.00
0.00
214.47
0.00
0.00
0.00
349.68
0.00
0.00
0.00
366.41
0.00
0.00
0.00
280.77
0.00
0.00
0.00
420.86
0.00
0.00
0.00
337.70
0.00
0.00
0.00
430.64
0.00
0.00
0.00
325.63
0.00
0.00
0.00
215.71
0.00
0.00
0.00
231.77
0.00
0.00
0.00
247.28
0.00
0.00
0.00
0.00
0.00
0.00
0.00
0.00
0.00
0.00
0.00
0.00
0.00
0.00
0.00
0.00
0.00
0.00
0.00
0.00
0.00
0.00
0.00
0.00
0.00
0.00
0.00
0.00
0.00
0.00
0.00
0.00
0.00
0.00
0.00
0.00
401.53
0.00
0.00
0.00
431.44
0.00
0.00
0.00
332.39
0.00
0.00
0.00
625.86
0.00
0.00
0.00
662.15
0.00
0.00
0.00
476.28
0.00
0.00
0.00
780.35
0.00
0.00
0.00
599.84
0.00
0.00
0.00
801.56
0.00
0.00
0.00
573.65
0.00
0.00
0.00
335.07
0.00
0.00
0.00
369.93
0.00
0.00
0.00
403.60
0.00
0.00
0.00
0.00
0.00
0.00
0.00
0.00
0.00
0.00
0.00
0.00
0.00
0.00
0.00
0.00
0.00
0.00
0.00
0.00
0.00
0.00
0.00
0.00
0.00
0.00
0.00
0.00
0.00
0.00
0.00
0.00
0.00
0.00
0.00
0.00
0.00
0.00
0.00
0.00
425.26
0.00
0.00
0.00
456.93
0.00
0.00
0.00
352.02
0.00
0.00
0.00
662.83
0.00
0.00
0.00
701.27
0.00
0.00
0.00
504.41
0.00
0.00
0.00
826.45
0.00
0.00
0.00
635.28
0.00
0.00
0.00
848.92
0.00
0.00
0.00
607.54
0.00
0.00
0.00
354.86
0.00
0.00
0.00
391.79
0.00
0.00
0.00
427.44
0.00
0.00
0.00
0.00
0.00
0.00
0.00
0.00
0.00
0.00
0.00
0.00
0.00
0.00
0.00
0.00
0.00
0.00
0.00
0.00
0.00
0.00
0.00
0.00
0.00
0.00
0.00
0.00
0.00
0.00
0.00
0.00
0.00
0.00
0.00
0.00
0.00
0.00
0.00
0.00
422.13
0.00
0.00
0.00
453.57
0.00
0.00
0.00
349.43
0.00
0.00
0.00
657.95
0.00
0.00
0.00
696.11
0.00
0.00
0.00
500.70
0.00
0.00
0.00
820.37
0.00
0.00
0.00
630.61
0.00
0.00
0.00
842.67
0.00
0.00
0.00
603.08
0.00
0.00
0.00
352.25
0.00
0.00
0.00
388.91
0.00
0.00
0.00
424.30
0.00
0.00
0.00
0.00
0.00
0.00
0.00
0.00
0.00
0.00
0.00
0.00
0.00
0.00
0.00
0.00
0.00
0.00
0.00
0.00
0.00
0.00
0.00
0.00
0.00
0.00
0.00
0.00
0.00
0.00
0.00
0.00
0.00
0.00
0.00
0.00
0.00
0.00
0.00
0.00
185.00
0.00
0.00
0.00
198.78
0.00
0.00
0.00
153.14
0.00
0.00
0.00
288.35
0.00
0.00
0.00
305.07
0.00
0.00
0.00
219.43
0.00
0.00
0.00
359.53
0.00
0.00
0.00
276.36
0.00
0.00
0.00
369.30
0.00
0.00
0.00
264.30
0.00
0.00
0.00
154.37
0.00
0.00
0.00
170.44
0.00
0.00
0.00
185.95
0.00
0.00
0.00
0.00
0.00
0.00
0.00
0.00
0.00
0.00
0.00
0.00
0.00
0.00
0.00
0.00
0.00
0.00
0.00
0.00
0.00
0.00
0.00
0.00
0.00
0.00
0.00
0.00
0.00
0.00
0.00
0.00
0.00
0.00
0.00
0.00
0.00
0.00
0.00
0.00
235.35
0.00
0.00
0.00
136.30
0.00
0.00
0.00
429.76
0.00
0.00
0.00
466.06
0.00
0.00
0.00
280.19
0.00
0.00
0.00
584.26
0.00
0.00
0.00
403.75
0.00
0.00
0.00
605.47
0.00
0.00
0.00
377.56
0.00
0.00
0.00
138.97
0.00
0.00
0.00
173.84
0.00
0.00
0.00
207.51
0.00
0.00
0.00
0.00
0.00
0.00
0.00
0.00
0.00
0.00
0.00
0.00
0.00
0.00
0.00
0.00
0.00
0.00
0.00
0.00
0.00
0.00
0.00
0.00
0.00
0.00
0.00
0.00
0.00
0.00
0.00
0.00
0.00
0.00
0.00
0.00
0.00
0.00
0.00
0.00
0.00
0.00
0.00
0.00
249.26
0.00
0.00
0.00
144.35
0.00
0.00
0.00
455.15
0.00
0.00
0.00
493.59
0.00
0.00
0.00
296.74
0.00
0.00
0.00
618.77
0.00
0.00
0.00
427.60
0.00
0.00
0.00
641.24
0.00
0.00
0.00
399.87
0.00
0.00
0.00
147.18
0.00
0.00
0.00
184.11
0.00
0.00
0.00
219.77
0.00
0.00
0.00
0.00
0.00
0.00
0.00
0.00
0.00
0.00
0.00
0.00
0.00
0.00
0.00
0.00
0.00
0.00
0.00
0.00
0.00
0.00
0.00
0.00
0.00
0.00
0.00
0.00
0.00
0.00
0.00
0.00
0.00
0.00
0.00
0.00
0.00
0.00
0.00
0.00
0.00
0.00
0.00
0.00
247.42
0.00
0.00
0.00
143.29
0.00
0.00
0.00
451.81
0.00
0.00
0.00
489.96
0.00
0.00
0.00
294.56
0.00
0.00
0.00
614.22
0.00
0.00
0.00
424.46
0.00
0.00
0.00
636.53
0.00
0.00
0.00
396.93
0.00
0.00
0.00
146.10
0.00
0.00
0.00
182.76
0.00
0.00
0.00
218.15
0.00
0.00
0.00
0.00
0.00
0.00
0.00
0.00
0.00
0.00
0.00
0.00
0.00
0.00
0.00
0.00
0.00
0.00
0.00
0.00
0.00
0.00
0.00
0.00
0.00
0.00
0.00
0.00
0.00
0.00
0.00
0.00
0.00
0.00
0.00
0.00
0.00
0.00
0.00
0.00
0.00
0.00
0.00
0.00
108.43
0.00
0.00
0.00
62.80
0.00
0.00
0.00
198.01
0.00
0.00
0.00
214.73
0.00
0.00
0.00
129.09
0.00
0.00
0.00
269.18
0.00
0.00
0.00
186.02
0.00
0.00
0.00
278.96
0.00
0.00
0.00
173.95
0.00
0.00
0.00
64.03
0.00
0.00
0.00
80.09
0.00
0.00
0.00
95.60
0.00
0.00
0.00
0.00
0.00
0.00
0.00
0.00
0.00
0.00
0.00
0.00
0.00
0.00
0.00
0.00
0.00
0.00
0.00
0.00
0.00
0.00
0.00
0.00
0.00
0.00
0.00
0.00
0.00
0.00
0.00
0.00
0.00
0.00
0.00
0.00
0.00
0.00
0.00
0.00
0.00
0.00
0.00
0.00
166.20
0.00
0.00
0.00
459.67
0.00
0.00
0.00
495.97
0.00
0.00
0.00
310.10
0.00
0.00
0.00
614.17
0.00
0.00
0.00
433.66
0.00
0.00
0.00
635.38
0.00
0.00
0.00
407.47
0.00
0.00
0.00
168.88
0.00
0.00
0.00
203.75
0.00
0.00
0.00
237.42
0.00
0.00
0.00
0.00
0.00
0.00
0.00
0.00
0.00
0.00
0.00
0.00
0.00
0.00
0.00
0.00
0.00
0.00
0.00
0.00
0.00
0.00
0.00
0.00
0.00
0.00
0.00
0.00
0.00
0.00
0.00
0.00
0.00
0.00
0.00
0.00
0.00
0.00
0.00
0.00
0.00
0.00
0.00
0.00
0.00
0.00
0.00
0.00
176.02
0.00
0.00
0.00
486.83
0.00
0.00
0.00
525.27
0.00
0.00
0.00
328.42
0.00
0.00
0.00
650.45
0.00
0.00
0.00
459.28
0.00
0.00
0.00
672.92
0.00
0.00
0.00
431.54
0.00
0.00
0.00
178.86
0.00
0.00
0.00
215.79
0.00
0.00
0.00
251.44
0.00
0.00
0.00
0.00
0.00
0.00
0.00
0.00
0.00
0.00
0.00
0.00
0.00
0.00
0.00
0.00
0.00
0.00
0.00
0.00
0.00
0.00
0.00
0.00
0.00
0.00
0.00
0.00
0.00
0.00
0.00
0.00
0.00
0.00
0.00
0.00
0.00
0.00
0.00
0.00
0.00
0.00
0.00
0.00
0.00
0.00
0.00
0.00
174.73
0.00
0.00
0.00
483.25
0.00
0.00
0.00
521.41
0.00
0.00
0.00
326.00
0.00
0.00
0.00
645.67
0.00
0.00
0.00
455.90
0.00
0.00
0.00
667.97
0.00
0.00
0.00
428.37
0.00
0.00
0.00
177.54
0.00
0.00
0.00
214.20
0.00
0.00
0.00
249.59
0.00
0.00
0.00
0.00
0.00
0.00
0.00
0.00
0.00
0.00
0.00
0.00
0.00
0.00
0.00
0.00
0.00
0.00
0.00
0.00
0.00
0.00
0.00
0.00
0.00
0.00
0.00
0.00
0.00
0.00
0.00
0.00
0.00
0.00
0.00
0.00
0.00
0.00
0.00
0.00
0.00
0.00
0.00
0.00
0.00
0.00
0.00
0.00
76.58
0.00
0.00
0.00
211.79
0.00
0.00
0.00
228.51
0.00
0.00
0.00
142.87
0.00
0.00
0.00
282.96
0.00
0.00
0.00
199.80
0.00
0.00
0.00
292.74
0.00
0.00
0.00
187.73
0.00
0.00
0.00
77.81
0.00
0.00
0.00
93.87
0.00
0.00
0.00
109.38
0.00
0.00
0.00
0.00
0.00
0.00
0.00
0.00
0.00
0.00
0.00
0.00
0.00
0.00
0.00
0.00
0.00
0.00
0.00
0.00
0.00
0.00
0.00
0.00
0.00
0.00
0.00
0.00
0.00
0.00
0.00
0.00
0.00
0.00
0.00
0.00
0.00
0.00
0.00
0.00
0.00
0.00
0.00
0.00
0.00
0.00
0.00
0.00
360.62
0.00
0.00
0.00
396.91
0.00
0.00
0.00
211.04
0.00
0.00
0.00
515.11
0.00
0.00
0.00
334.60
0.00
0.00
0.00
536.32
0.00
0.00
0.00
308.42
0.00
0.00
0.00
69.83
0.00
0.00
0.00
104.70
0.00
0.00
0.00
138.36
0.00
0.00
0.00
0.00
0.00
0.00
0.00
0.00
0.00
0.00
0.00
0.00
0.00
0.00
0.00
0.00
0.00
0.00
0.00
0.00
0.00
0.00
0.00
0.00
0.00
0.00
0.00
0.00
0.00
0.00
0.00
0.00
0.00
0.00
0.00
0.00
0.00
0.00
0.00
0.00
0.00
0.00
0.00
0.00
0.00
0.00
0.00
0.00
0.00
0.00
0.00
0.00
381.92
0.00
0.00
0.00
420.36
0.00
0.00
0.00
223.51
0.00
0.00
0.00
545.54
0.00
0.00
0.00
354.37
0.00
0.00
0.00
568.01
0.00
0.00
0.00
326.64
0.00
0.00
0.00
73.95
0.00
0.00
0.00
110.88
0.00
0.00
0.00
146.53
0.00
0.00
0.00
0.00
0.00
0.00
0.00
0.00
0.00
0.00
0.00
0.00
0.00
0.00
0.00
0.00
0.00
0.00
0.00
0.00
0.00
0.00
0.00
0.00
0.00
0.00
0.00
0.00
0.00
0.00
0.00
0.00
0.00
0.00
0.00
0.00
0.00
0.00
0.00
0.00
0.00
0.00
0.00
0.00
0.00
0.00
0.00
0.00
0.00
0.00
0.00
0.00
379.11
0.00
0.00
0.00
417.27
0.00
0.00
0.00
221.86
0.00
0.00
0.00
541.53
0.00
0.00
0.00
351.77
0.00
0.00
0.00
563.83
0.00
0.00
0.00
324.23
0.00
0.00
0.00
73.41
0.00
0.00
0.00
110.07
0.00
0.00
0.00
145.46
0.00
0.00
0.00
0.00
0.00
0.00
0.00
0.00
0.00
0.00
0.00
0.00
0.00
0.00
0.00
0.00
0.00
0.00
0.00
0.00
0.00
0.00
0.00
0.00
0.00
0.00
0.00
0.00
0.00
0.00
0.00
0.00
0.00
0.00
0.00
0.00
0.00
0.00
0.00
0.00
0.00
0.00
0.00
0.00
0.00
0.00
0.00
0.00
0.00
0.00
0.00
0.00
166.15
0.00
0.00
0.00
182.87
0.00
0.00
0.00
97.23
0.00
0.00
0.00
237.33
0.00
0.00
0.00
154.16
0.00
0.00
0.00
247.10
0.00
0.00
0.00
142.10
0.00
0.00
0.00
32.17
0.00
0.00
0.00
48.24
0.00
0.00
0.00
63.75
0.00
0.00
0.00
0.00
0.00
0.00
0.00
0.00
0.00
0.00
0.00
0.00
0.00
0.00
0.00
0.00
0.00
0.00
0.00
0.00
0.00
0.00
0.00
0.00
0.00
0.00
0.00
0.00
0.00
0.00
0.00
0.00
0.00
0.00
0.00
0.00
0.00
0.00
0.00
0.00
0.00
0.00
0.00
0.00
0.00
0.00
0.00
0.00
0.00
0.00
0.00
0.00
690.38
0.00
0.00
0.00
504.51
0.00
0.00
0.00
808.58
0.00
0.00
0.00
628.07
0.00
0.00
0.00
829.79
0.00
0.00
0.00
601.89
0.00
0.00
0.00
363.30
0.00
0.00
0.00
398.16
0.00
0.00
0.00
431.83
0.00
0.00
0.00
0.00
0.00
0.00
0.00
0.00
0.00
0.00
0.00
0.00
0.00
0.00
0.00
0.00
0.00
0.00
0.00
0.00
0.00
0.00
0.00
0.00
0.00
0.00
0.00
0.00
0.00
0.00
0.00
0.00
0.00
0.00
0.00
0.00
0.00
0.00
0.00
0.00
0.00
0.00
0.00
0.00
0.00
0.00
0.00
0.00
0.00
0.00
0.00
0.00
0.00
0.00
0.00
0.00
731.17
0.00
0.00
0.00
534.31
0.00
0.00
0.00
856.35
0.00
0.00
0.00
665.18
0.00
0.00
0.00
878.82
0.00
0.00
0.00
637.44
0.00
0.00
0.00
384.76
0.00
0.00
0.00
421.69
0.00
0.00
0.00
457.34
0.00
0.00
0.00
0.00
0.00
0.00
0.00
0.00
0.00
0.00
0.00
0.00
0.00
0.00
0.00
0.00
0.00
0.00
0.00
0.00
0.00
0.00
0.00
0.00
0.00
0.00
0.00
0.00
0.00
0.00
0.00
0.00
0.00
0.00
0.00
0.00
0.00
0.00
0.00
0.00
0.00
0.00
0.00
0.00
0.00
0.00
0.00
0.00
0.00
0.00
0.00
0.00
0.00
0.00
0.00
0.00
725.79
0.00
0.00
0.00
530.38
0.00
0.00
0.00
850.05
0.00
0.00
0.00
660.29
0.00
0.00
0.00
872.35
0.00
0.00
0.00
632.75
0.00
0.00
0.00
381.93
0.00
0.00
0.00
418.59
0.00
0.00
0.00
453.98
0.00
0.00
0.00
0.00
0.00
0.00
0.00
0.00
0.00
0.00
0.00
0.00
0.00
0.00
0.00
0.00
0.00
0.00
0.00
0.00
0.00
0.00
0.00
0.00
0.00
0.00
0.00
0.00
0.00
0.00
0.00
0.00
0.00
0.00
0.00
0.00
0.00
0.00
0.00
0.00
0.00
0.00
0.00
0.00
0.00
0.00
0.00
0.00
0.00
0.00
0.00
0.00
0.00
0.00
0.00
0.00
318.08
0.00
0.00
0.00
232.44
0.00
0.00
0.00
372.54
0.00
0.00
0.00
289.37
0.00
0.00
0.00
382.31
0.00
0.00
0.00
277.31
0.00
0.00
0.00
167.38
0.00
0.00
0.00
183.45
0.00
0.00
0.00
198.96
0.00
0.00
0.00
0.00
0.00
0.00
0.00
0.00
0.00
0.00
0.00
0.00
0.00
0.00
0.00
0.00
0.00
0.00
0.00
0.00
0.00
0.00
0.00
0.00
0.00
0.00
0.00
0.00
0.00
0.00
0.00
0.00
0.00
0.00
0.00
0.00
0.00
0.00
0.00
0.00
0.00
0.00
0.00
0.00
0.00
0.00
0.00
0.00
0.00
0.00
0.00
0.00
0.00
0.00
0.00
0.00
540.80
0.00
0.00
0.00
844.88
0.00
0.00
0.00
664.37
0.00
0.00
0.00
866.09
0.00
0.00
0.00
638.18
0.00
0.00
0.00
399.59
0.00
0.00
0.00
434.46
0.00
0.00
0.00
468.12
0.00
0.00
0.00
0.00
0.00
0.00
0.00
0.00
0.00
0.00
0.00
0.00
0.00
0.00
0.00
0.00
0.00
0.00
0.00
0.00
0.00
0.00
0.00
0.00
0.00
0.00
0.00
0.00
0.00
0.00
0.00
0.00
0.00
0.00
0.00
0.00
0.00
0.00
0.00
0.00
0.00
0.00
0.00
0.00
0.00
0.00
0.00
0.00
0.00
0.00
0.00
0.00
0.00
0.00
0.00
0.00
0.00
0.00
0.00
0.00
572.75
0.00
0.00
0.00
894.79
0.00
0.00
0.00
703.62
0.00
0.00
0.00
917.26
0.00
0.00
0.00
675.88
0.00
0.00
0.00
423.20
0.00
0.00
0.00
460.13
0.00
0.00
0.00
495.78
0.00
0.00
0.00
0.00
0.00
0.00
0.00
0.00
0.00
0.00
0.00
0.00
0.00
0.00
0.00
0.00
0.00
0.00
0.00
0.00
0.00
0.00
0.00
0.00
0.00
0.00
0.00
0.00
0.00
0.00
0.00
0.00
0.00
0.00
0.00
0.00
0.00
0.00
0.00
0.00
0.00
0.00
0.00
0.00
0.00
0.00
0.00
0.00
0.00
0.00
0.00
0.00
0.00
0.00
0.00
0.00
0.00
0.00
0.00
0.00
568.54
0.00
0.00
0.00
888.21
0.00
0.00
0.00
698.44
0.00
0.00
0.00
910.51
0.00
0.00
0.00
670.91
0.00
0.00
0.00
420.09
0.00
0.00
0.00
456.74
0.00
0.00
0.00
492.13
0.00
0.00
0.00
0.00
0.00
0.00
0.00
0.00
0.00
0.00
0.00
0.00
0.00
0.00
0.00
0.00
0.00
0.00
0.00
0.00
0.00
0.00
0.00
0.00
0.00
0.00
0.00
0.00
0.00
0.00
0.00
0.00
0.00
0.00
0.00
0.00
0.00
0.00
0.00
0.00
0.00
0.00
0.00
0.00
0.00
0.00
0.00
0.00
0.00
0.00
0.00
0.00
0.00
0.00
0.00
0.00
0.00
0.00
0.00
0.00
249.16
0.00
0.00
0.00
389.26
0.00
0.00
0.00
306.09
0.00
0.00
0.00
399.03
0.00
0.00
0.00
294.03
0.00
0.00
0.00
184.10
0.00
0.00
0.00
200.17
0.00
0.00
0.00
215.68
0.00
0.00
0.00
0.00
0.00
0.00
0.00
0.00
0.00
0.00
0.00
0.00
0.00
0.00
0.00
0.00
0.00
0.00
0.00
0.00
0.00
0.00
0.00
0.00
0.00
0.00
0.00
0.00
0.00
0.00
0.00
0.00
0.00
0.00
0.00
0.00
0.00
0.00
0.00
0.00
0.00
0.00
0.00
0.00
0.00
0.00
0.00
0.00
0.00
0.00
0.00
0.00
0.00
0.00
0.00
0.00
0.00
0.00
0.00
0.00
659.00
0.00
0.00
0.00
478.50
0.00
0.00
0.00
680.22
0.00
0.00
0.00
452.31
0.00
0.00
0.00
213.72
0.00
0.00
0.00
248.59
0.00
0.00
0.00
282.25
0.00
0.00
0.00
0.00
0.00
0.00
0.00
0.00
0.00
0.00
0.00
0.00
0.00
0.00
0.00
0.00
0.00
0.00
0.00
0.00
0.00
0.00
0.00
0.00
0.00
0.00
0.00
0.00
0.00
0.00
0.00
0.00
0.00
0.00
0.00
0.00
0.00
0.00
0.00
0.00
0.00
0.00
0.00
0.00
0.00
0.00
0.00
0.00
0.00
0.00
0.00
0.00
0.00
0.00
0.00
0.00
0.00
0.00
0.00
0.00
0.00
0.00
0.00
0.00
697.93
0.00
0.00
0.00
506.76
0.00
0.00
0.00
720.40
0.00
0.00
0.00
479.03
0.00
0.00
0.00
226.34
0.00
0.00
0.00
263.27
0.00
0.00
0.00
298.92
0.00
0.00
0.00
0.00
0.00
0.00
0.00
0.00
0.00
0.00
0.00
0.00
0.00
0.00
0.00
0.00
0.00
0.00
0.00
0.00
0.00
0.00
0.00
0.00
0.00
0.00
0.00
0.00
0.00
0.00
0.00
0.00
0.00
0.00
0.00
0.00
0.00
0.00
0.00
0.00
0.00
0.00
0.00
0.00
0.00
0.00
0.00
0.00
0.00
0.00
0.00
0.00
0.00
0.00
0.00
0.00
0.00
0.00
0.00
0.00
0.00
0.00
0.00
0.00
692.80
0.00
0.00
0.00
503.04
0.00
0.00
0.00
715.10
0.00
0.00
0.00
475.50
0.00
0.00
0.00
224.68
0.00
0.00
0.00
261.34
0.00
0.00
0.00
296.73
0.00
0.00
0.00
0.00
0.00
0.00
0.00
0.00
0.00
0.00
0.00
0.00
0.00
0.00
0.00
0.00
0.00
0.00
0.00
0.00
0.00
0.00
0.00
0.00
0.00
0.00
0.00
0.00
0.00
0.00
0.00
0.00
0.00
0.00
0.00
0.00
0.00
0.00
0.00
0.00
0.00
0.00
0.00
0.00
0.00
0.00
0.00
0.00
0.00
0.00
0.00
0.00
0.00
0.00
0.00
0.00
0.00
0.00
0.00
0.00
0.00
0.00
0.00
0.00
303.62
0.00
0.00
0.00
220.46
0.00
0.00
0.00
313.39
0.00
0.00
0.00
208.39
0.00
0.00
0.00
98.47
0.00
0.00
0.00
114.53
0.00
0.00
0.00
130.04
0.00
0.00
0.00
0.00
0.00
0.00
0.00
0.00
0.00
0.00
0.00
0.00
0.00
0.00
0.00
0.00
0.00
0.00
0.00
0.00
0.00
0.00
0.00
0.00
0.00
0.00
0.00
0.00
0.00
0.00
0.00
0.00
0.00
0.00
0.00
0.00
0.00
0.00
0.00
0.00
0.00
0.00
0.00
0.00
0.00
0.00
0.00
0.00
0.00
0.00
0.00
0.00
0.00
0.00
0.00
0.00
0.00
0.00
0.00
0.00
0.00
0.00
0.00
0.00
782.57
0.00
0.00
0.00
984.29
0.00
0.00
0.00
756.38
0.00
0.00
0.00
517.79
0.00
0.00
0.00
552.66
0.00
0.00
0.00
586.32
0.00
0.00
0.00
0.00
0.00
0.00
0.00
0.00
0.00
0.00
0.00
0.00
0.00
0.00
0.00
0.00
0.00
0.00
0.00
0.00
0.00
0.00
0.00
0.00
0.00
0.00
0.00
0.00
0.00
0.00
0.00
0.00
0.00
0.00
0.00
0.00
0.00
0.00
0.00
0.00
0.00
0.00
0.00
0.00
0.00
0.00
0.00
0.00
0.00
0.00
0.00
0.00
0.00
0.00
0.00
0.00
0.00
0.00
0.00
0.00
0.00
0.00
0.00
0.00
0.00
0.00
0.00
0.00
828.80
0.00
0.00
0.00
1042.44
0.00
0.00
0.00
801.06
0.00
0.00
0.00
548.38
0.00
0.00
0.00
585.31
0.00
0.00
0.00
620.96
0.00
0.00
0.00
0.00
0.00
0.00
0.00
0.00
0.00
0.00
0.00
0.00
0.00
0.00
0.00
0.00
0.00
0.00
0.00
0.00
0.00
0.00
0.00
0.00
0.00
0.00
0.00
0.00
0.00
0.00
0.00
0.00
0.00
0.00
0.00
0.00
0.00
0.00
0.00
0.00
0.00
0.00
0.00
0.00
0.00
0.00
0.00
0.00
0.00
0.00
0.00
0.00
0.00
0.00
0.00
0.00
0.00
0.00
0.00
0.00
0.00
0.00
0.00
0.00
0.00
0.00
0.00
0.00
822.70
0.00
0.00
0.00
1034.77
0.00
0.00
0.00
795.17
0.00
0.00
0.00
544.35
0.00
0.00
0.00
581.00
0.00
0.00
0.00
616.39
0.00
0.00
0.00
0.00
0.00
0.00
0.00
0.00
0.00
0.00
0.00
0.00
0.00
0.00
0.00
0.00
0.00
0.00
0.00
0.00
0.00
0.00
0.00
0.00
0.00
0.00
0.00
0.00
0.00
0.00
0.00
0.00
0.00
0.00
0.00
0.00
0.00
0.00
0.00
0.00
0.00
0.00
0.00
0.00
0.00
0.00
0.00
0.00
0.00
0.00
0.00
0.00
0.00
0.00
0.00
0.00
0.00
0.00
0.00
0.00
0.00
0.00
0.00
0.00
0.00
0.00
0.00
0.00
360.55
0.00
0.00
0.00
453.49
0.00
0.00
0.00
348.49
0.00
0.00
0.00
238.56
0.00
0.00
0.00
254.63
0.00
0.00
0.00
270.14
0.00
0.00
0.00
0.00
0.00
0.00
0.00
0.00
0.00
0.00
0.00
0.00
0.00
0.00
0.00
0.00
0.00
0.00
0.00
0.00
0.00
0.00
0.00
0.00
0.00
0.00
0.00
0.00
0.00
0.00
0.00
0.00
0.00
0.00
0.00
0.00
0.00
0.00
0.00
0.00
0.00
0.00
0.00
0.00
0.00
0.00
0.00
0.00
0.00
0.00
0.00
0.00
0.00
0.00
0.00
0.00
0.00
0.00
0.00
0.00
0.00
0.00
0.00
0.00
0.00
0.00
0.00
0.00
803.78
0.00
0.00
0.00
575.87
0.00
0.00
0.00
337.28
0.00
0.00
0.00
372.15
0.00
0.00
0.00
405.82
0.00
0.00
0.00
0.00
0.00
0.00
0.00
0.00
0.00
0.00
0.00
0.00
0.00
0.00
0.00
0.00
0.00
0.00
0.00
0.00
0.00
0.00
0.00
0.00
0.00
0.00
0.00
0.00
0.00
0.00
0.00
0.00
0.00
0.00
0.00
0.00
0.00
0.00
0.00
0.00
0.00
0.00
0.00
0.00
0.00
0.00
0.00
0.00
0.00
0.00
0.00
0.00
0.00
0.00
0.00
0.00
0.00
0.00
0.00
0.00
0.00
0.00
0.00
0.00
0.00
0.00
0.00
0.00
0.00
0.00
0.00
0.00
851.27
0.00
0.00
0.00
609.89
0.00
0.00
0.00
357.21
0.00
0.00
0.00
394.14
0.00
0.00
0.00
429.79
0.00
0.00
0.00
0.00
0.00
0.00
0.00
0.00
0.00
0.00
0.00
0.00
0.00
0.00
0.00
0.00
0.00
0.00
0.00
0.00
0.00
0.00
0.00
0.00
0.00
0.00
0.00
0.00
0.00
0.00
0.00
0.00
0.00
0.00
0.00
0.00
0.00
0.00
0.00
0.00
0.00
0.00
0.00
0.00
0.00
0.00
0.00
0.00
0.00
0.00
0.00
0.00
0.00
0.00
0.00
0.00
0.00
0.00
0.00
0.00
0.00
0.00
0.00
0.00
0.00
0.00
0.00
0.00
0.00
0.00
0.00
0.00
845.00
0.00
0.00
0.00
605.41
0.00
0.00
0.00
354.58
0.00
0.00
0.00
391.24
0.00
0.00
0.00
426.63
0.00
0.00
0.00
0.00
0.00
0.00
0.00
0.00
0.00
0.00
0.00
0.00
0.00
0.00
0.00
0.00
0.00
0.00
0.00
0.00
0.00
0.00
0.00
0.00
0.00
0.00
0.00
0.00
0.00
0.00
0.00
0.00
0.00
0.00
0.00
0.00
0.00
0.00
0.00
0.00
0.00
0.00
0.00
0.00
0.00
0.00
0.00
0.00
0.00
0.00
0.00
0.00
0.00
0.00
0.00
0.00
0.00
0.00
0.00
0.00
0.00
0.00
0.00
0.00
0.00
0.00
0.00
0.00
0.00
0.00
0.00
0.00
370.32
0.00
0.00
0.00
265.32
0.00
0.00
0.00
155.40
0.00
0.00
0.00
171.46
0.00
0.00
0.00
186.97
0.00
0.00
0.00
0.00
0.00
0.00
0.00
0.00
0.00
0.00
0.00
0.00
0.00
0.00
0.00
0.00
0.00
0.00
0.00
0.00
0.00
0.00
0.00
0.00
0.00
0.00
0.00
0.00
0.00
0.00
0.00
0.00
0.00
0.00
0.00
0.00
0.00
0.00
0.00
0.00
0.00
0.00
0.00
0.00
0.00
0.00
0.00
0.00
0.00
0.00
0.00
0.00
0.00
0.00
0.00
0.00
0.00
0.00
0.00
0.00
0.00
0.00
0.00
0.00
0.00
0.00
0.00
0.00
0.00
0.00
0.00
0.00
777.59
0.00
0.00
0.00
539.00
0.00
0.00
0.00
573.87
0.00
0.00
0.00
607.54
0.00
0.00
0.00
0.00
0.00
0.00
0.00
0.00
0.00
0.00
0.00
0.00
0.00
0.00
0.00
0.00
0.00
0.00
0.00
0.00
0.00
0.00
0.00
0.00
0.00
0.00
0.00
0.00
0.00
0.00
0.00
0.00
0.00
0.00
0.00
0.00
0.00
0.00
0.00
0.00
0.00
0.00
0.00
0.00
0.00
0.00
0.00
0.00
0.00
0.00
0.00
0.00
0.00
0.00
0.00
0.00
0.00
0.00
0.00
0.00
0.00
0.00
0.00
0.00
0.00
0.00
0.00
0.00
0.00
0.00
0.00
0.00
0.00
0.00
0.00
0.00
823.53
0.00
0.00
0.00
570.85
0.00
0.00
0.00
607.77
0.00
0.00
0.00
643.43
0.00
0.00
0.00
0.00
0.00
0.00
0.00
0.00
0.00
0.00
0.00
0.00
0.00
0.00
0.00
0.00
0.00
0.00
0.00
0.00
0.00
0.00
0.00
0.00
0.00
0.00
0.00
0.00
0.00
0.00
0.00
0.00
0.00
0.00
0.00
0.00
0.00
0.00
0.00
0.00
0.00
0.00
0.00
0.00
0.00
0.00
0.00
0.00
0.00
0.00
0.00
0.00
0.00
0.00
0.00
0.00
0.00
0.00
0.00
0.00
0.00
0.00
0.00
0.00
0.00
0.00
0.00
0.00
0.00
0.00
0.00
0.00
0.00
0.00
0.00
0.00
817.47
0.00
0.00
0.00
566.65
0.00
0.00
0.00
603.30
0.00
0.00
0.00
638.69
0.00
0.00
0.00
0.00
0.00
0.00
0.00
0.00
0.00
0.00
0.00
0.00
0.00
0.00
0.00
0.00
0.00
0.00
0.00
0.00
0.00
0.00
0.00
0.00
0.00
0.00
0.00
0.00
0.00
0.00
0.00
0.00
0.00
0.00
0.00
0.00
0.00
0.00
0.00
0.00
0.00
0.00
0.00
0.00
0.00
0.00
0.00
0.00
0.00
0.00
0.00
0.00
0.00
0.00
0.00
0.00
0.00
0.00
0.00
0.00
0.00
0.00
0.00
0.00
0.00
0.00
0.00
0.00
0.00
0.00
0.00
0.00
0.00
0.00
0.00
0.00
358.26
0.00
0.00
0.00
248.33
0.00
0.00
0.00
264.40
0.00
0.00
0.00
279.91
0.00
0.00
0.00
0.00
0.00
0.00
0.00
0.00
0.00
0.00
0.00
0.00
0.00
0.00
0.00
0.00
0.00
0.00
0.00
0.00
0.00
0.00
0.00
0.00
0.00
0.00
0.00
0.00
0.00
0.00
0.00
0.00
0.00
0.00
0.00
0.00
0.00
0.00
0.00
0.00
0.00
0.00
0.00
0.00
0.00
0.00
0.00
0.00
0.00
0.00
0.00
0.00
0.00
0.00
0.00
0.00
0.00
0.00
0.00
0.00
0.00
0.00
0.00
0.00
0.00
0.00
0.00
0.00
0.00
0.00
0.00
0.00
0.00
0.00
0.00
0.00
311.09
0.00
0.00
0.00
345.96
0.00
0.00
0.00
379.63
0.00
0.00
0.00
0.00
0.00
0.00
0.00
0.00
0.00
0.00
0.00
0.00
0.00
0.00
0.00
0.00
0.00
0.00
0.00
0.00
0.00
0.00
0.00
0.00
0.00
0.00
0.00
0.00
0.00
0.00
0.00
0.00
0.00
0.00
0.00
0.00
0.00
0.00
0.00
0.00
0.00
0.00
0.00
0.00
0.00
0.00
0.00
0.00
0.00
0.00
0.00
0.00
0.00
0.00
0.00
0.00
0.00
0.00
0.00
0.00
0.00
0.00
0.00
0.00
0.00
0.00
0.00
0.00
0.00
0.00
0.00
0.00
0.00
0.00
0.00
0.00
0.00
0.00
0.00
0.00
329.47
0.00
0.00
0.00
366.40
0.00
0.00
0.00
402.05
0.00
0.00
0.00
0.00
0.00
0.00
0.00
0.00
0.00
0.00
0.00
0.00
0.00
0.00
0.00
0.00
0.00
0.00
0.00
0.00
0.00
0.00
0.00
0.00
0.00
0.00
0.00
0.00
0.00
0.00
0.00
0.00
0.00
0.00
0.00
0.00
0.00
0.00
0.00
0.00
0.00
0.00
0.00
0.00
0.00
0.00
0.00
0.00
0.00
0.00
0.00
0.00
0.00
0.00
0.00
0.00
0.00
0.00
0.00
0.00
0.00
0.00
0.00
0.00
0.00
0.00
0.00
0.00
0.00
0.00
0.00
0.00
0.00
0.00
0.00
0.00
0.00
0.00
0.00
0.00
327.05
0.00
0.00
0.00
363.71
0.00
0.00
0.00
399.10
0.00
0.00
0.00
0.00
0.00
0.00
0.00
0.00
0.00
0.00
0.00
0.00
0.00
0.00
0.00
0.00
0.00
0.00
0.00
0.00
0.00
0.00
0.00
0.00
0.00
0.00
0.00
0.00
0.00
0.00
0.00
0.00
0.00
0.00
0.00
0.00
0.00
0.00
0.00
0.00
0.00
0.00
0.00
0.00
0.00
0.00
0.00
0.00
0.00
0.00
0.00
0.00
0.00
0.00
0.00
0.00
0.00
0.00
0.00
0.00
0.00
0.00
0.00
0.00
0.00
0.00
0.00
0.00
0.00
0.00
0.00
0.00
0.00
0.00
0.00
0.00
0.00
0.00
0.00
0.00
143.33
0.00
0.00
0.00
159.40
0.00
0.00
0.00
174.91
0.00
0.00
0.00
0.00
0.00
0.00
0.00
0.00
0.00
0.00
0.00
0.00
0.00
0.00
0.00
0.00
0.00
0.00
0.00
0.00
0.00
0.00
0.00
0.00
0.00
0.00
0.00
0.00
0.00
0.00
0.00
0.00
0.00
0.00
0.00
0.00
0.00
0.00
0.00
0.00
0.00
0.00
0.00
0.00
0.00
0.00
0.00
0.00
0.00
0.00
0.00
0.00
0.00
0.00
0.00
0.00
0.00
0.00
0.00
0.00
0.00
0.00
0.00
0.00
0.00
0.00
0.00
0.00
0.00
0.00
0.00
0.00
0.00
0.00
0.00
0.00
0.00
0.00
0.00
0.00
107.37
0.00
0.00
0.00
141.04
0.00
0.00
0.00
0.00
0.00
0.00
0.00
0.00
0.00
0.00
0.00
0.00
0.00
0.00
0.00
0.00
0.00
0.00
0.00
0.00
0.00
0.00
0.00
0.00
0.00
0.00
0.00
0.00
0.00
0.00
0.00
0.00
0.00
0.00
0.00
0.00
0.00
0.00
0.00
0.00
0.00
0.00
0.00
0.00
0.00
0.00
0.00
0.00
0.00
0.00
0.00
0.00
0.00
0.00
0.00
0.00
0.00
0.00
0.00
0.00
0.00
0.00
0.00
0.00
0.00
0.00
0.00
0.00
0.00
0.00
0.00
0.00
0.00
0.00
0.00
0.00
0.00
0.00
0.00
0.00
0.00
0.00
0.00
0.00
113.72
0.00
0.00
0.00
149.37
0.00
0.00
0.00
0.00
0.00
0.00
0.00
0.00
0.00
0.00
0.00
0.00
0.00
0.00
0.00
0.00
0.00
0.00
0.00
0.00
0.00
0.00
0.00
0.00
0.00
0.00
0.00
0.00
0.00
0.00
0.00
0.00
0.00
0.00
0.00
0.00
0.00
0.00
0.00
0.00
0.00
0.00
0.00
0.00
0.00
0.00
0.00
0.00
0.00
0.00
0.00
0.00
0.00
0.00
0.00
0.00
0.00
0.00
0.00
0.00
0.00
0.00
0.00
0.00
0.00
0.00
0.00
0.00
0.00
0.00
0.00
0.00
0.00
0.00
0.00
0.00
0.00
0.00
0.00
0.00
0.00
0.00
0.00
0.00
112.88
0.00
0.00
0.00
148.27
0.00
0.00
0.00
0.00
0.00
0.00
0.00
0.00
0.00
0.00
0.00
0.00
0.00
0.00
0.00
0.00
0.00
0.00
0.00
0.00
0.00
0.00
0.00
0.00
0.00
0.00
0.00
0.00
0.00
0.00
0.00
0.00
0.00
0.00
0.00
0.00
0.00
0.00
0.00
0.00
0.00
0.00
0.00
0.00
0.00
0.00
0.00
0.00
0.00
0.00
0.00
0.00
0.00
0.00
0.00
0.00
0.00
0.00
0.00
0.00
0.00
0.00
0.00
0.00
0.00
0.00
0.00
0.00
0.00
0.00
0.00
0.00
0.00
0.00
0.00
0.00
0.00
0.00
0.00
0.00
0.00
0.00
0.00
0.00
49.47
0.00
0.00
0.00
64.98
0.00
0.00
0.00
0.00
0.00
0.00
0.00
0.00
0.00
0.00
0.00
0.00
0.00
0.00
0.00
0.00
0.00
0.00
0.00
0.00
0.00
0.00
0.00
0.00
0.00
0.00
0.00
0.00
0.00
0.00
0.00
0.00
0.00
0.00
0.00
0.00
0.00
0.00
0.00
0.00
0.00
0.00
0.00
0.00
0.00
0.00
0.00
0.00
0.00
0.00
0.00
0.00
0.00
0.00
0.00
0.00
0.00
0.00
0.00
0.00
0.00
0.00
0.00
0.00
0.00
0.00
0.00
0.00
0.00
0.00
0.00
0.00
0.00
0.00
0.00
0.00
0.00
0.00
0.00
0.00
0.00
0.00
0.00
0.00
175.91
0.00
0.00
0.00
0.00
0.00
0.00
0.00
0.00
0.00
0.00
0.00
0.00
0.00
0.00
0.00
0.00
0.00
0.00
0.00
0.00
0.00
0.00
0.00
0.00
0.00
0.00
0.00
0.00
0.00
0.00
0.00
0.00
0.00
0.00
0.00
0.00
0.00
0.00
0.00
0.00
0.00
0.00
0.00
0.00
0.00
0.00
0.00
0.00
0.00
0.00
0.00
0.00
0.00
0.00
0.00
0.00
0.00
0.00
0.00
0.00
0.00
0.00
0.00
0.00
0.00
0.00
0.00
0.00
0.00
0.00
0.00
0.00
0.00
0.00
0.00
0.00
0.00
0.00
0.00
0.00
0.00
0.00
0.00
0.00
0.00
0.00
0.00
0.00
186.30
0.00
0.00
0.00
0.00
0.00
0.00
0.00
0.00
0.00
0.00
0.00
0.00
0.00
0.00
0.00
0.00
0.00
0.00
0.00
0.00
0.00
0.00
0.00
0.00
0.00
0.00
0.00
0.00
0.00
0.00
0.00
0.00
0.00
0.00
0.00
0.00
0.00
0.00
0.00
0.00
0.00
0.00
0.00
0.00
0.00
0.00
0.00
0.00
0.00
0.00
0.00
0.00
0.00
0.00
0.00
0.00
0.00
0.00
0.00
0.00
0.00
0.00
0.00
0.00
0.00
0.00
0.00
0.00
0.00
0.00
0.00
0.00
0.00
0.00
0.00
0.00
0.00
0.00
0.00
0.00
0.00
0.00
0.00
0.00
0.00
0.00
0.00
0.00
184.93
0.00
0.00
0.00
0.00
0.00
0.00
0.00
0.00
0.00
0.00
0.00
0.00
0.00
0.00
0.00
0.00
0.00
0.00
0.00
0.00
0.00
0.00
0.00
0.00
0.00
0.00
0.00
0.00
0.00
0.00
0.00
0.00
0.00
0.00
0.00
0.00
0.00
0.00
0.00
0.00
0.00
0.00
0.00
0.00
0.00
0.00
0.00
0.00
0.00
0.00
0.00
0.00
0.00
0.00
0.00
0.00
0.00
0.00
0.00
0.00
0.00
0.00
0.00
0.00
0.00
0.00
0.00
0.00
0.00
0.00
0.00
0.00
0.00
0.00
0.00
0.00
0.00
0.00
0.00
0.00
0.00
0.00
0.00
0.00
0.00
0.00
0.00
0.00
81.04
0.00
0.00
0.00
0.00
0.00
0.00
0.00
0.00
0.00
0.00
0.00
0.00
0.00
0.00
0.00
0.00
0.00
0.00
0.00
0.00
0.00
0.00
0.00
0.00
0.00
0.00
0.00
0.00
0.00
0.00
0.00
0.00
0.00
0.00
0.00
0.00
0.00
0.00
0.00
0.00
0.00
0.00
0.00
0.00
0.00
0.00
0.00
0.00
0.00
0.00
0.00
0.00
0.00
0.00
0.00
0.00
0.00
0.00
0.00
0.00
0.00
0.00
0.00
0.00
0.00
0.00
0.00
0.00
0.00
0.00
0.00
0.00
0.00
0.00
0.00
0.00
0.00
0.00
0.00
0.00
0.00
0.00
0.00
0.00
0.00
0.00
0.00
0.00
0.00
0.00
0.00
0.00
0.00
0.00
0.00
0.00
0.00
0.00
0.00
0.00
0.00
0.00
0.00
0.00
0.00
0.00
0.00
0.00
0.00
0.00
0.00
0.00
0.00
0.00
0.00
0.00
0.00
0.00
0.00
0.00
0.00
0.00
0.00
0.00
0.00
0.00
0.00
0.00
0.00
0.00
0.00
0.00
0.00
0.00
0.00
0.00
0.00
0.00
0.00
0.00
0.00
0.00
0.00
0.00
0.00
0.00
0.00
0.00
0.00
0.00
0.00
0.00
0.00
0.00
0.00
0.00
0.00
0.00
0.00
0.00
0.00
0.00
0.00
0.00
0.00
0.00
0.00
0.00
0.00
0.00
0.00
0.00
0.00
0.00
0.00
0.00
0.00
0.00
0.00
0.00
0.00
0.00
0.00
0.00
0.00
0.00
0.00
0.00
0.00
0.00
0.00
0.00
0.00
0.00
0.00
0.00
0.00
0.00
0.00
0.00
0.00
0.00
0.00
0.00
0.00
0.00
0.00
0.00
0.00
0.00
0.00
0.00
0.00
0.00
0.00
0.00
0.00
0.00
0.00
0.00
0.00
0.00
0.00
0.00
0.00
0.00
0.00
0.00
0.00
0.00
0.00
0.00
0.00
0.00
0.00
0.00
0.00
0.00
0.00
0.00
0.00
0.00
0.00
0.00
0.00
0.00
0.00
0.00
0.00
0.00
0.00
0.00
0.00
0.00
0.00
0.00
0.00
0.00
0.00
0.00
0.00
0.00
0.00
0.00
0.00
0.00
0.00
0.00
0.00
0.00
0.00
0.00
0.00
0.00
0.00
0.00
0.00
0.00
0.00
0.00
0.00
0.00
0.00
0.00
0.00
0.00
0.00
0.00
0.00
0.00
0.00
0.00
0.00
0.00
0.00
0.00
0.00
0.00
0.00
0.00
0.00
0.00
0.00
0.00
0.00
0.00
0.00
0.00
0.00
0.00
0.00
0.00
0.00
0.00
0.00
0.00
0.00
0.00
0.00
0.00
0.00
0.00
0.00
0.00
0.00
0.00
0.00
0.00
0.00
0.00
0.00
0.00
0.00
0.00
0.00
0.00
0.00
0.00
0.00
0.00
0.00
0.00
0.00
0.00
0.00
0.00
0.00
0.00
0.00
0.00
0.00
0.00
