0.00
0.00
0.00
126.49
0.00
0.00
138.26
0.00
0.00
122.69
0.00
0.00
120.90
0.00
0.00
173.01
0.00
0.00
176.59
0.00
0.00
162.76
0.00
0.00
134.79
0.00
0.00
93.59
0.00
0.00
99.88
0.00
0.00
79.06
0.00
0.00
140.73
0.00
0.00
148.35
0.00
0.00
109.30
0.00
0.00
173.19
0.00
0.00
135.26
0.00
0.00
177.64
0.00
0.00
129.76
0.00
0.00
79.63
0.00
0.00
86.95
0.00
0.00
94.03
0.00
0.00
125.71
0.00
0.00
128.88
0.00
0.00
128.46
0.00
0.00
96.75
0.00
0.00
136.32
0.00
0.00
146.67
0.00
0.00
79.09
0.00
0.00
97.15
0.00
0.00
88.89
0.00
0.00
175.39
0.00
0.00
147.45
0.00
0.00
80.81
0.00
0.00
130.26
0.00
0.00
87.14
0.00
0.00
83.40
0.00
0.00
137.61
0.00
0.00
168.87
0.00
0.00
168.17
0.00
0.00
0.00
0.00
0.00
0.00
404.20
0.00
0.00
441.79
0.00
0.00
392.04
0.00
0.00
386.31
0.00
0.00
552.82
0.00
0.00
564.27
0.00
0.00
520.09
0.00
0.00
430.72
0.00
0.00
299.06
0.00
0.00
319.14
0.00
0.00
252.64
0.00
0.00
449.67
0.00
0.00
474.04
0.00
0.00
349.25
0.00
0.00
553.39
0.00
0.00
432.21
0.00
0.00
567.64
0.00
0.00
414.62
0.00
0.00
254.44
0.00
0.00
277.85
0.00
0.00
300.45
0.00
0.00
401.68
0.00
0.00
411.81
0.00
0.00
410.48
0.00
0.00
309.15
0.00
0.00
435.61
0.00
0.00
468.66
0.00
0.00
252.71
0.00
0.00
310.43
0.00
0.00
284.05
0.00
0.00
560.44
0.00
0.00
471.16
0.00
0.00
258.22
0.00
0.00
416.22
0.00
0.00
278.45
0.00
0.00
266.49
0.00
0.00
439.71
0.00
0.00
539.59
0.00
0.00
537.36
0.00
0.00
0.00
0.00
0.00
0.00
312.41
0.00
0.00
341.46
0.00
0.00
303.01
0.00
0.00
298.58
0.00
0.00
427.28
0.00
0.00
436.12
0.00
0.00
401.98
0.00
0.00
332.90
0.00
0.00
231.15
0.00
0.00
246.67
0.00
0.00
195.27
0.00
0.00
347.55
0.00
0.00
366.39
0.00
0.00
269.93
0.00
0.00
427.72
0.00
0.00
334.05
0.00
0.00
438.73
0.00
0.00
320.46
0.00
0.00
196.66
0.00
0.00
214.75
0.00
0.00
232.22
0.00
0.00
310.46
0.00
0.00
318.29
0.00
0.00
317.26
0.00
0.00
238.94
0.00
0.00
336.68
0.00
0.00
362.23
0.00
0.00
195.32
0.00
0.00
239.93
0.00
0.00
219.54
0.00
0.00
433.17
0.00
0.00
364.16
0.00
0.00
199.58
0.00
0.00
321.69
0.00
0.00
215.21
0.00
0.00
205.97
0.00
0.00
339.85
0.00
0.00
417.05
0.00
0.00
415.33
0.00
0.00
0.00
0.00
0.00
0.00
120.73
0.00
0.00
105.17
0.00
0.00
103.37
0.00
0.00
155.48
0.00
0.00
159.06
0.00
0.00
145.24
0.00
0.00
117.27
0.00
0.00
76.07
0.00
0.00
82.35
0.00
0.00
61.54
0.00
0.00
123.20
0.00
0.00
130.83
0.00
0.00
91.77
0.00
0.00
155.66
0.00
0.00
117.73
0.00
0.00
160.12
0.00
0.00
112.23
0.00
0.00
62.10
0.00
0.00
69.43
0.00
0.00
76.50
0.00
0.00
108.18
0.00
0.00
111.35
0.00
0.00
110.93
0.00
0.00
79.22
0.00
0.00
118.80
0.00
0.00
129.14
0.00
0.00
61.56
0.00
0.00
79.62
0.00
0.00
71.37
0.00
0.00
157.87
0.00
0.00
129.93
0.00
0.00
63.29
0.00
0.00
112.73
0.00
0.00
69.62
0.00
0.00
65.87
0.00
0.00
120.08
0.00
0.00
151.34
0.00
0.00
150.64
0.00
0.00
0.00
0.00
0.00
0.00
0.00
0.00
0.00
385.79
0.00
0.00
336.04
0.00
0.00
330.31
0.00
0.00
496.82
0.00
0.00
508.27
0.00
0.00
464.09
0.00
0.00
374.72
0.00
0.00
243.06
0.00
0.00
263.14
0.00
0.00
196.64
0.00
0.00
393.67
0.00
0.00
418.04
0.00
0.00
293.25
0.00
0.00
497.39
0.00
0.00
376.21
0.00
0.00
511.64
0.00
0.00
358.62
0.00
0.00
198.44
0.00
0.00
221.85
0.00
0.00
244.45
0.00
0.00
345.68
0.00
0.00
355.81
0.00
0.00
354.48
0.00
0.00
253.15
0.00
0.00
379.61
0.00
0.00
412.66
0.00
0.00
196.71
0.00
0.00
254.43
0.00
0.00
228.05
0.00
0.00
504.44
0.00
0.00
415.16
0.00
0.00
202.22
0.00
0.00
360.22
0.00
0.00
222.45
0.00
0.00
210.49
0.00
0.00
383.71
0.00
0.00
483.59
0.00
0.00
481.36
0.00
0.00
0.00
0.00
0.00
0.00
0.00
0.00
0.00
298.17
0.00
0.00
259.73
0.00
0.00
255.30
0.00
0.00
384.00
0.00
0.00
392.84
0.00
0.00
358.70
0.00
0.00
289.62
0.00
0.00
187.86
0.00
0.00
203.38
0.00
0.00
151.98
0.00
0.00
304.27
0.00
0.00
323.10
0.00
0.00
226.65
0.00
0.00
384.44
0.00
0.00
290.77
0.00
0.00
395.44
0.00
0.00
277.18
0.00
0.00
153.37
0.00
0.00
171.47
0.00
0.00
188.94
0.00
0.00
267.17
0.00
0.00
275.01
0.00
0.00
273.98
0.00
0.00
195.66
0.00
0.00
293.40
0.00
0.00
318.95
0.00
0.00
152.04
0.00
0.00
196.65
0.00
0.00
176.26
0.00
0.00
389.88
0.00
0.00
320.88
0.00
0.00
156.30
0.00
0.00
278.41
0.00
0.00
171.93
0.00
0.00
162.69
0.00
0.00
296.57
0.00
0.00
373.77
0.00
0.00
372.05
0.00
0.00
0.00
0.00
0.00
0.00
0.00
0.00
0.00
116.93
0.00
0.00
115.14
0.00
0.00
167.25
0.00
0.00
170.83
0.00
0.00
157.00
0.00
0.00
129.03
0.00
0.00
87.83
0.00
0.00
94.11
0.00
0.00
73.30
0.00
0.00
134.96
0.00
0.00
142.59
0.00
0.00
103.54
0.00
0.00
167.42
0.00
0.00
129.50
0.00
0.00
171.88
0.00
0.00
123.99
0.00
0.00
73.86
0.00
0.00
81.19
0.00
0.00
88.26
0.00
0.00
119.94
0.00
0.00
123.12
0.00
0.00
122.70
0.00
0.00
90.99
0.00
0.00
130.56
0.00
0.00
140.91
0.00
0.00
73.33
0.00
0.00
91.39
0.00
0.00
83.13
0.00
0.00
169.63
0.00
0.00
141.69
0.00
0.00
75.05
0.00
0.00
124.49
0.00
0.00
81.38
0.00
0.00
77.64
0.00
0.00
131.84
0.00
0.00
163.10
0.00
0.00
162.41
0.00
0.00
0.00
0.00
0.00
0.00
0.00
0.00
0.00
0.00
0.00
0.00
373.63
0.00
0.00
367.90
0.00
0.00
534.41
0.00
0.00
545.85
0.00
0.00
501.68
0.00
0.00
412.30
0.00
0.00
280.65
0.00
0.00
300.73
0.00
0.00
234.23
0.00
0.00
431.26
0.00
0.00
455.63
0.00
0.00
330.83
0.00
0.00
534.98
0.00
0.00
413.79
0.00
0.00
549.22
0.00
0.00
396.21
0.00
0.00
236.03
0.00
0.00
259.44
0.00
0.00
282.04
0.00
0.00
383.26
0.00
0.00
393.40
0.00
0.00
392.06
0.00
0.00
290.74
0.00
0.00
417.20
0.00
0.00
450.25
0.00
0.00
234.30
0.00
0.00
292.02
0.00
0.00
265.64
0.00
0.00
542.03
0.00
0.00
452.75
0.00
0.00
239.81
0.00
0.00
397.80
0.00
0.00
260.03
0.00
0.00
248.08
0.00
0.00
421.29
0.00
0.00
521.18
0.00
0.00
518.95
0.00
0.00
0.00
0.00
0.00
0.00
0.00
0.00
0.00
0.00
0.00
0.00
288.78
0.00
0.00
284.35
0.00
0.00
413.05
0.00
0.00
421.89
0.00
0.00
387.75
0.00
0.00
318.67
0.00
0.00
216.92
0.00
0.00
232.44
0.00
0.00
181.04
0.00
0.00
333.32
0.00
0.00
352.15
0.00
0.00
255.70
0.00
0.00
413.49
0.00
0.00
319.82
0.00
0.00
424.50
0.00
0.00
306.23
0.00
0.00
182.43
0.00
0.00
200.52
0.00
0.00
217.99
0.00
0.00
296.23
0.00
0.00
304.06
0.00
0.00
303.03
0.00
0.00
224.71
0.00
0.00
322.45
0.00
0.00
348.00
0.00
0.00
181.09
0.00
0.00
225.70
0.00
0.00
205.31
0.00
0.00
418.93
0.00
0.00
349.93
0.00
0.00
185.35
0.00
0.00
307.46
0.00
0.00
200.98
0.00
0.00
191.74
0.00
0.00
325.62
0.00
0.00
402.82
0.00
0.00
401.10
0.00
0.00
0.00
0.00
0.00
0.00
0.00
0.00
0.00
0.00
0.00
0.00
99.57
0.00
0.00
151.68
0.00
0.00
155.26
0.00
0.00
141.43
0.00
0.00
113.46
0.00
0.00
72.26
0.00
0.00
78.55
0.00
0.00
57.73
0.00
0.00
119.40
0.00
0.00
127.02
0.00
0.00
87.97
0.00
0.00
151.86
0.00
0.00
113.93
0.00
0.00
156.31
0.00
0.00
108.43
0.00
0.00
58.30
0.00
0.00
65.62
0.00
0.00
72.70
0.00
0.00
104.38
0.00
0.00
107.55
0.00
0.00
107.13
0.00
0.00
75.42
0.00
0.00
114.99
0.00
0.00
125.34
0.00
0.00
57.76
0.00
0.00
75.82
0.00
0.00
67.56
0.00
0.00
154.06
0.00
0.00
126.12
0.00
0.00
59.48
0.00
0.00
108.93
0.00
0.00
65.81
0.00
0.00
62.07
0.00
0.00
116.28
0.00
0.00
147.54
0.00
0.00
146.84
0.00
0.00
0.00
0.00
0.00
0.00
0.00
0.00
0.00
0.00
0.00
0.00
0.00
0.00
0.00
318.16
0.00
0.00
484.67
0.00
0.00
496.11
0.00
0.00
451.94
0.00
0.00
362.56
0.00
0.00
230.91
0.00
0.00
250.99
0.00
0.00
184.48
0.00
0.00
381.51
0.00
0.00
405.88
0.00
0.00
281.09
0.00
0.00
485.24
0.00
0.00
364.05
0.00
0.00
499.48
0.00
0.00
346.47
0.00
0.00
186.28
0.00
0.00
209.69
0.00
0.00
232.29
0.00
0.00
333.52
0.00
0.00
343.66
0.00
0.00
342.32
0.00
0.00
240.99
0.00
0.00
367.45
0.00
0.00
400.51
0.00
0.00
184.56
0.00
0.00
242.27
0.00
0.00
215.89
0.00
0.00
492.28
0.00
0.00
403.00
0.00
0.00
190.06
0.00
0.00
348.06
0.00
0.00
210.29
0.00
0.00
198.33
0.00
0.00
371.55
0.00
0.00
471.43
0.00
0.00
469.21
0.00
0.00
0.00
0.00
0.00
0.00
0.00
0.00
0.00
0.00
0.00
0.00
0.00
0.00
0.00
245.90
0.00
0.00
374.60
0.00
0.00
383.44
0.00
0.00
349.30
0.00
0.00
280.22
0.00
0.00
178.47
0.00
0.00
193.99
0.00
0.00
142.59
0.00
0.00
294.87
0.00
0.00
313.71
0.00
0.00
217.25
0.00
0.00
375.04
0.00
0.00
281.37
0.00
0.00
386.05
0.00
0.00
267.78
0.00
0.00
143.98
0.00
0.00
162.07
0.00
0.00
179.54
0.00
0.00
257.78
0.00
0.00
265.61
0.00
0.00
264.58
0.00
0.00
186.26
0.00
0.00
284.00
0.00
0.00
309.55
0.00
0.00
142.64
0.00
0.00
187.25
0.00
0.00
166.86
0.00
0.00
380.49
0.00
0.00
311.48
0.00
0.00
146.90
0.00
0.00
269.02
0.00
0.00
162.53
0.00
0.00
153.29
0.00
0.00
287.17
0.00
0.00
364.37
0.00
0.00
362.65
0.00
0.00
0.00
0.00
0.00
0.00
0.00
0.00
0.00
0.00
0.00
0.00
0.00
0.00
0.00
149.88
0.00
0.00
153.47
0.00
0.00
139.64
0.00
0.00
111.67
0.00
0.00
70.47
0.00
0.00
76.75
0.00
0.00
55.94
0.00
0.00
117.60
0.00
0.00
125.23
0.00
0.00
86.17
0.00
0.00
150.06
0.00
0.00
112.14
0.00
0.00
154.52
0.00
0.00
106.63
0.00
0.00
56.50
0.00
0.00
63.83
0.00
0.00
70.90
0.00
0.00
102.58
0.00
0.00
105.75
0.00
0.00
105.34
0.00
0.00
73.63
0.00
0.00
113.20
0.00
0.00
123.55
0.00
0.00
55.96
0.00
0.00
74.03
0.00
0.00
65.77
0.00
0.00
152.27
0.00
0.00
124.33
0.00
0.00
57.69
0.00
0.00
107.13
0.00
0.00
64.02
0.00
0.00
60.27
0.00
0.00
114.48
0.00
0.00
145.74
0.00
0.00
145.05
0.00
0.00
0.00
0.00
0.00
0.00
0.00
0.00
0.00
0.00
0.00
0.00
0.00
0.00
0.00
0.00
0.00
0.00
478.94
0.00
0.00
490.38
0.00
0.00
446.21
0.00
0.00
356.83
0.00
0.00
225.18
0.00
0.00
245.26
0.00
0.00
178.75
0.00
0.00
375.78
0.00
0.00
400.15
0.00
0.00
275.36
0.00
0.00
479.51
0.00
0.00
358.32
0.00
0.00
493.75
0.00
0.00
340.74
0.00
0.00
180.55
0.00
0.00
203.96
0.00
0.00
226.56
0.00
0.00
327.79
0.00
0.00
337.93
0.00
0.00
336.59
0.00
0.00
235.26
0.00
0.00
361.72
0.00
0.00
394.78
0.00
0.00
178.83
0.00
0.00
236.54
0.00
0.00
210.16
0.00
0.00
486.55
0.00
0.00
397.27
0.00
0.00
184.33
0.00
0.00
342.33
0.00
0.00
204.56
0.00
0.00
192.60
0.00
0.00
365.82
0.00
0.00
465.70
0.00
0.00
463.48
0.00
0.00
0.00
0.00
0.00
0.00
0.00
0.00
0.00
0.00
0.00
0.00
0.00
0.00
0.00
0.00
0.00
0.00
370.17
0.00
0.00
379.02
0.00
0.00
344.87
0.00
0.00
275.79
0.00
0.00
174.04
0.00
0.00
189.56
0.00
0.00
138.16
0.00
0.00
290.44
0.00
0.00
309.28
0.00
0.00
212.83
0.00
0.00
370.61
0.00
0.00
276.95
0.00
0.00
381.62
0.00
0.00
263.36
0.00
0.00
139.55
0.00
0.00
157.64
0.00
0.00
175.11
0.00
0.00
253.35
0.00
0.00
261.18
0.00
0.00
260.15
0.00
0.00
181.84
0.00
0.00
279.58
0.00
0.00
305.12
0.00
0.00
138.22
0.00
0.00
182.82
0.00
0.00
162.44
0.00
0.00
376.06
0.00
0.00
307.05
0.00
0.00
142.47
0.00
0.00
264.59
0.00
0.00
158.10
0.00
0.00
148.86
0.00
0.00
282.74
0.00
0.00
359.94
0.00
0.00
358.22
0.00
0.00
0.00
0.00
0.00
0.00
0.00
0.00
0.00
0.00
0.00
0.00
0.00
0.00
0.00
0.00
0.00
0.00
205.58
0.00
0.00
191.75
0.00
0.00
163.78
0.00
0.00
122.58
0.00
0.00
128.86
0.00
0.00
108.05
0.00
0.00
169.71
0.00
0.00
177.34
0.00
0.00
138.28
0.00
0.00
202.17
0.00
0.00
164.25
0.00
0.00
206.63
0.00
0.00
158.74
0.00
0.00
108.61
0.00
0.00
115.94
0.00
0.00
123.01
0.00
0.00
154.69
0.00
0.00
157.87
0.00
0.00
157.45
0.00
0.00
125.74
0.00
0.00
165.31
0.00
0.00
175.66
0.00
0.00
108.07
0.00
0.00
126.14
0.00
0.00
117.88
0.00
0.00
204.38
0.00
0.00
176.44
0.00
0.00
109.80
0.00
0.00
159.24
0.00
0.00
116.13
0.00
0.00
112.39
0.00
0.00
166.59
0.00
0.00
197.85
0.00
0.00
197.16
0.00
0.00
0.00
0.00
0.00
0.00
0.00
0.00
0.00
0.00
0.00
0.00
0.00
0.00
0.00
0.00
0.00
0.00
0.00
0.00
0.00
656.89
0.00
0.00
612.72
0.00
0.00
523.34
0.00
0.00
391.69
0.00
0.00
411.77
0.00
0.00
345.27
0.00
0.00
542.30
0.00
0.00
566.66
0.00
0.00
441.87
0.00
0.00
646.02
0.00
0.00
524.83
0.00
0.00
660.26
0.00
0.00
507.25
0.00
0.00
347.06
0.00
0.00
370.47
0.00
0.00
393.08
0.00
0.00
494.30
0.00
0.00
504.44
0.00
0.00
503.10
0.00
0.00
401.78
0.00
0.00
528.23
0.00
0.00
561.29
0.00
0.00
345.34
0.00
0.00
403.05
0.00
0.00
376.68
0.00
0.00
653.07
0.00
0.00
563.79
0.00
0.00
350.85
0.00
0.00
508.84
0.00
0.00
371.07
0.00
0.00
359.11
0.00
0.00
532.33
0.00
0.00
632.22
0.00
0.00
629.99
0.00
0.00
0.00
0.00
0.00
0.00
0.00
0.00
0.00
0.00
0.00
0.00
0.00
0.00
0.00
0.00
0.00
0.00
0.00
0.00
0.00
507.71
0.00
0.00
473.57
0.00
0.00
404.49
0.00
0.00
302.74
0.00
0.00
318.26
0.00
0.00
266.86
0.00
0.00
419.14
0.00
0.00
437.98
0.00
0.00
341.52
0.00
0.00
499.31
0.00
0.00
405.64
0.00
0.00
510.32
0.00
0.00
392.05
0.00
0.00
268.25
0.00
0.00
286.34
0.00
0.00
303.81
0.00
0.00
382.05
0.00
0.00
389.88
0.00
0.00
388.85
0.00
0.00
310.53
0.00
0.00
408.27
0.00
0.00
433.82
0.00
0.00
266.91
0.00
0.00
311.52
0.00
0.00
291.13
0.00
0.00
504.76
0.00
0.00
435.75
0.00
0.00
271.17
0.00
0.00
393.29
0.00
0.00
286.80
0.00
0.00
277.56
0.00
0.00
411.44
0.00
0.00
488.64
0.00
0.00
486.92
0.00
0.00
0.00
0.00
0.00
0.00
0.00
0.00
0.00
0.00
0.00
0.00
0.00
0.00
0.00
0.00
0.00
0.00
0.00
0.00
0.00
195.33
0.00
0.00
167.36
0.00
0.00
126.16
0.00
0.00
132.45
0.00
0.00
111.63
0.00
0.00
173.29
0.00
0.00
180.92
0.00
0.00
141.87
0.00
0.00
205.75
0.00
0.00
167.83
0.00
0.00
210.21
0.00
0.00
162.33
0.00
0.00
112.20
0.00
0.00
119.52
0.00
0.00
126.59
0.00
0.00
158.27
0.00
0.00
161.45
0.00
0.00
161.03
0.00
0.00
129.32
0.00
0.00
168.89
0.00
0.00
179.24
0.00
0.00
111.66
0.00
0.00
129.72
0.00
0.00
121.46
0.00
0.00
207.96
0.00
0.00
180.02
0.00
0.00
113.38
0.00
0.00
162.82
0.00
0.00
119.71
0.00
0.00
115.97
0.00
0.00
170.18
0.00
0.00
201.43
0.00
0.00
200.74
0.00
0.00
0.00
0.00
0.00
0.00
0.00
0.00
0.00
0.00
0.00
0.00
0.00
0.00
0.00
0.00
0.00
0.00
0.00
0.00
0.00
0.00
0.00
0.00
624.16
0.00
0.00
534.78
0.00
0.00
403.13
0.00
0.00
423.21
0.00
0.00
356.71
0.00
0.00
553.74
0.00
0.00
578.11
0.00
0.00
453.31
0.00
0.00
657.46
0.00
0.00
536.27
0.00
0.00
671.70
0.00
0.00
518.69
0.00
0.00
358.51
0.00
0.00
381.92
0.00
0.00
404.52
0.00
0.00
505.74
0.00
0.00
515.88
0.00
0.00
514.54
0.00
0.00
413.22
0.00
0.00
539.68
0.00
0.00
572.73
0.00
0.00
356.78
0.00
0.00
414.50
0.00
0.00
388.12
0.00
0.00
664.51
0.00
0.00
575.23
0.00
0.00
362.29
0.00
0.00
520.28
0.00
0.00
382.51
0.00
0.00
370.56
0.00
0.00
543.77
0.00
0.00
643.66
0.00
0.00
641.43
0.00
0.00
0.00
0.00
0.00
0.00
0.00
0.00
0.00
0.00
0.00
0.00
0.00
0.00
0.00
0.00
0.00
0.00
0.00
0.00
0.00
0.00
0.00
0.00
482.41
0.00
0.00
413.34
0.00
0.00
311.58
0.00
0.00
327.10
0.00
0.00
275.70
0.00
0.00
427.98
0.00
0.00
446.82
0.00
0.00
350.37
0.00
0.00
508.15
0.00
0.00
414.49
0.00
0.00
519.16
0.00
0.00
400.90
0.00
0.00
277.09
0.00
0.00
295.18
0.00
0.00
312.65
0.00
0.00
390.89
0.00
0.00
398.72
0.00
0.00
397.69
0.00
0.00
319.38
0.00
0.00
417.12
0.00
0.00
442.66
0.00
0.00
275.76
0.00
0.00
320.36
0.00
0.00
299.98
0.00
0.00
513.60
0.00
0.00
444.59
0.00
0.00
280.01
0.00
0.00
402.13
0.00
0.00
295.65
0.00
0.00
286.40
0.00
0.00
420.28
0.00
0.00
497.48
0.00
0.00
495.76
0.00
0.00
0.00
0.00
0.00
0.00
0.00
0.00
0.00
0.00
0.00
0.00
0.00
0.00
0.00
0.00
0.00
0.00
0.00
0.00
0.00
0.00
0.00
0.00
153.54
0.00
0.00
112.34
0.00
0.00
118.62
0.00
0.00
97.81
0.00
0.00
159.47
0.00
0.00
167.10
0.00
0.00
128.04
0.00
0.00
191.93
0.00
0.00
154.00
0.00
0.00
196.39
0.00
0.00
148.50
0.00
0.00
98.37
0.00
0.00
105.70
0.00
0.00
112.77
0.00
0.00
144.45
0.00
0.00
147.62
0.00
0.00
147.20
0.00
0.00
115.49
0.00
0.00
155.07
0.00
0.00
165.41
0.00
0.00
97.83
0.00
0.00
115.89
0.00
0.00
107.64
0.00
0.00
194.13
0.00
0.00
166.19
0.00
0.00
99.55
0.00
0.00
149.00
0.00
0.00
105.88
0.00
0.00
102.14
0.00
0.00
156.35
0.00
0.00
187.61
0.00
0.00
186.91
0.00
0.00
0.00
0.00
0.00
0.00
0.00
0.00
0.00
0.00
0.00
0.00
0.00
0.00
0.00
0.00
0.00
0.00
0.00
0.00
0.00
0.00
0.00
0.00
0.00
0.00
0.00
490.61
0.00
0.00
358.96
0.00
0.00
379.04
0.00
0.00
312.53
0.00
0.00
509.56
0.00
0.00
533.93
0.00
0.00
409.14
0.00
0.00
613.29
0.00
0.00
492.10
0.00
0.00
627.53
0.00
0.00
474.52
0.00
0.00
314.33
0.00
0.00
337.74
0.00
0.00
360.34
0.00
0.00
461.57
0.00
0.00
471.71
0.00
0.00
470.37
0.00
0.00
369.04
0.00
0.00
495.50
0.00
0.00
528.56
0.00
0.00
312.61
0.00
0.00
370.32
0.00
0.00
343.94
0.00
0.00
620.33
0.00
0.00
531.05
0.00
0.00
318.11
0.00
0.00
476.11
0.00
0.00
338.34
0.00
0.00
326.38
0.00
0.00
499.60
0.00
0.00
599.48
0.00
0.00
597.26
0.00
0.00
0.00
0.00
0.00
0.00
0.00
0.00
0.00
0.00
0.00
0.00
0.00
0.00
0.00
0.00
0.00
0.00
0.00
0.00
0.00
0.00
0.00
0.00
0.00
0.00
0.00
379.19
0.00
0.00
277.44
0.00
0.00
292.96
0.00
0.00
241.56
0.00
0.00
393.84
0.00
0.00
412.68
0.00
0.00
316.22
0.00
0.00
474.01
0.00
0.00
380.34
0.00
0.00
485.02
0.00
0.00
366.75
0.00
0.00
242.95
0.00
0.00
261.04
0.00
0.00
278.51
0.00
0.00
356.75
0.00
0.00
364.58
0.00
0.00
363.55
0.00
0.00
285.23
0.00
0.00
382.97
0.00
0.00
408.52
0.00
0.00
241.61
0.00
0.00
286.22
0.00
0.00
265.83
0.00
0.00
479.46
0.00
0.00
410.45
0.00
0.00
245.87
0.00
0.00
367.99
0.00
0.00
261.50
0.00
0.00
252.26
0.00
0.00
386.14
0.00
0.00
463.34
0.00
0.00
461.62
0.00
0.00
0.00
0.00
0.00
0.00
0.00
0.00
0.00
0.00
0.00
0.00
0.00
0.00
0.00
0.00
0.00
0.00
0.00
0.00
0.00
0.00
0.00
0.00
0.00
0.00
0.00
84.37
0.00
0.00
90.65
0.00
0.00
69.84
0.00
0.00
131.50
0.00
0.00
139.12
0.00
0.00
100.07
0.00
0.00
163.96
0.00
0.00
126.03
0.00
0.00
168.42
0.00
0.00
120.53
0.00
0.00
70.40
0.00
0.00
77.73
0.00
0.00
84.80
0.00
0.00
116.48
0.00
0.00
119.65
0.00
0.00
119.23
0.00
0.00
87.52
0.00
0.00
127.10
0.00
0.00
137.44
0.00
0.00
69.86
0.00
0.00
87.92
0.00
0.00
79.67
0.00
0.00
166.16
0.00
0.00
138.22
0.00
0.00
71.58
0.00
0.00
121.03
0.00
0.00
77.91
0.00
0.00
74.17
0.00
0.00
128.38
0.00
0.00
159.64
0.00
0.00
158.94
0.00
0.00
0.00
0.00
0.00
0.00
0.00
0.00
0.00
0.00
0.00
0.00
0.00
0.00
0.00
0.00
0.00
0.00
0.00
0.00
0.00
0.00
0.00
0.00
0.00
0.00
0.00
0.00
0.00
0.00
269.58
0.00
0.00
289.66
0.00
0.00
223.16
0.00
0.00
420.19
0.00
0.00
444.56
0.00
0.00
319.76
0.00
0.00
523.91
0.00
0.00
402.72
0.00
0.00
538.15
0.00
0.00
385.14
0.00
0.00
224.96
0.00
0.00
248.37
0.00
0.00
270.97
0.00
0.00
372.19
0.00
0.00
382.33
0.00
0.00
380.99
0.00
0.00
279.67
0.00
0.00
406.13
0.00
0.00
439.18
0.00
0.00
223.23
0.00
0.00
280.95
0.00
0.00
254.57
0.00
0.00
530.96
0.00
0.00
441.68
0.00
0.00
228.74
0.00
0.00
386.74
0.00
0.00
248.96
0.00
0.00
237.01
0.00
0.00
410.22
0.00
0.00
510.11
0.00
0.00
507.88
0.00
0.00
0.00
0.00
0.00
0.00
0.00
0.00
0.00
0.00
0.00
0.00
0.00
0.00
0.00
0.00
0.00
0.00
0.00
0.00
0.00
0.00
0.00
0.00
0.00
0.00
0.00
0.00
0.00
0.00
208.36
0.00
0.00
223.88
0.00
0.00
172.48
0.00
0.00
324.76
0.00
0.00
343.60
0.00
0.00
247.15
0.00
0.00
404.93
0.00
0.00
311.27
0.00
0.00
415.94
0.00
0.00
297.68
0.00
0.00
173.87
0.00
0.00
191.96
0.00
0.00
209.43
0.00
0.00
287.67
0.00
0.00
295.50
0.00
0.00
294.47
0.00
0.00
216.16
0.00
0.00
313.90
0.00
0.00
339.44
0.00
0.00
172.54
0.00
0.00
217.14
0.00
0.00
196.76
0.00
0.00
410.38
0.00
0.00
341.37
0.00
0.00
176.79
0.00
0.00
298.91
0.00
0.00
192.43
0.00
0.00
183.18
0.00
0.00
317.06
0.00
0.00
394.26
0.00
0.00
392.54
0.00
0.00
0.00
0.00
0.00
0.00
0.00
0.00
0.00
0.00
0.00
0.00
0.00
0.00
0.00
0.00
0.00
0.00
0.00
0.00
0.00
0.00
0.00
0.00
0.00
0.00
0.00
0.00
0.00
0.00
49.45
0.00
0.00
28.64
0.00
0.00
90.30
0.00
0.00
97.92
0.00
0.00
58.87
0.00
0.00
122.76
0.00
0.00
84.83
0.00
0.00
127.22
0.00
0.00
79.33
0.00
0.00
29.20
0.00
0.00
36.53
0.00
0.00
43.60
0.00
0.00
75.28
0.00
0.00
78.45
0.00
0.00
78.03
0.00
0.00
46.32
0.00
0.00
85.90
0.00
0.00
96.24
0.00
0.00
28.66
0.00
0.00
46.72
0.00
0.00
38.47
0.00
0.00
124.96
0.00
0.00
97.02
0.00
0.00
30.38
0.00
0.00
79.83
0.00
0.00
36.71
0.00
0.00
32.97
0.00
0.00
87.18
0.00
0.00
118.44
0.00
0.00
117.74
0.00
0.00
0.00
0.00
0.00
0.00
0.00
0.00
0.00
0.00
0.00
0.00
0.00
0.00
0.00
0.00
0.00
0.00
0.00
0.00
0.00
0.00
0.00
0.00
0.00
0.00
0.00
0.00
0.00
0.00
0.00
0.00
0.00
158.01
0.00
0.00
91.51
0.00
0.00
288.54
0.00
0.00
312.90
0.00
0.00
188.11
0.00
0.00
392.26
0.00
0.00
271.07
0.00
0.00
406.50
0.00
0.00
253.49
0.00
0.00
93.30
0.00
0.00
116.71
0.00
0.00
139.32
0.00
0.00
240.54
0.00
0.00
250.68
0.00
0.00
249.34
0.00
0.00
148.02
0.00
0.00
274.47
0.00
0.00
307.53
0.00
0.00
91.58
0.00
0.00
149.29
0.00
0.00
122.92
0.00
0.00
399.31
0.00
0.00
310.03
0.00
0.00
97.09
0.00
0.00
255.08
0.00
0.00
117.31
0.00
0.00
105.35
0.00
0.00
278.57
0.00
0.00
378.46
0.00
0.00
376.23
0.00
0.00
0.00
0.00
0.00
0.00
0.00
0.00
0.00
0.00
0.00
0.00
0.00
0.00
0.00
0.00
0.00
0.00
0.00
0.00
0.00
0.00
0.00
0.00
0.00
0.00
0.00
0.00
0.00
0.00
0.00
0.00
0.00
122.13
0.00
0.00
70.73
0.00
0.00
223.01
0.00
0.00
241.84
0.00
0.00
145.39
0.00
0.00
303.18
0.00
0.00
209.51
0.00
0.00
314.19
0.00
0.00
195.92
0.00
0.00
72.12
0.00
0.00
90.21
0.00
0.00
107.68
0.00
0.00
185.92
0.00
0.00
193.75
0.00
0.00
192.72
0.00
0.00
114.40
0.00
0.00
212.14
0.00
0.00
237.69
0.00
0.00
70.78
0.00
0.00
115.39
0.00
0.00
95.00
0.00
0.00
308.62
0.00
0.00
239.62
0.00
0.00
75.04
0.00
0.00
197.15
0.00
0.00
90.67
0.00
0.00
81.43
0.00
0.00
215.31
0.00
0.00
292.51
0.00
0.00
290.79
0.00
0.00
0.00
0.00
0.00
0.00
0.00
0.00
0.00
0.00
0.00
0.00
0.00
0.00
0.00
0.00
0.00
0.00
0.00
0.00
0.00
0.00
0.00
0.00
0.00
0.00
0.00
0.00
0.00
0.00
0.00
0.00
0.00
34.92
0.00
0.00
96.58
0.00
0.00
104.21
0.00
0.00
65.15
0.00
0.00
129.04
0.00
0.00
91.12
0.00
0.00
133.50
0.00
0.00
85.61
0.00
0.00
35.48
0.00
0.00
42.81
0.00
0.00
49.88
0.00
0.00
81.56
0.00
0.00
84.73
0.00
0.00
84.32
0.00
0.00
52.61
0.00
0.00
92.18
0.00
0.00
102.53
0.00
0.00
34.94
0.00
0.00
53.01
0.00
0.00
44.75
0.00
0.00
131.25
0.00
0.00
103.31
0.00
0.00
36.67
0.00
0.00
86.11
0.00
0.00
43.00
0.00
0.00
39.25
0.00
0.00
93.46
0.00
0.00
124.72
0.00
0.00
124.03
0.00
0.00
0.00
0.00
0.00
0.00
0.00
0.00
0.00
0.00
0.00
0.00
0.00
0.00
0.00
0.00
0.00
0.00
0.00
0.00
0.00
0.00
0.00
0.00
0.00
0.00
0.00
0.00
0.00
0.00
0.00
0.00
0.00
0.00
0.00
0.00
111.59
0.00
0.00
308.62
0.00
0.00
332.98
0.00
0.00
208.19
0.00
0.00
412.34
0.00
0.00
291.15
0.00
0.00
426.58
0.00
0.00
273.57
0.00
0.00
113.38
0.00
0.00
136.79
0.00
0.00
159.40
0.00
0.00
260.62
0.00
0.00
270.76
0.00
0.00
269.42
0.00
0.00
168.10
0.00
0.00
294.55
0.00
0.00
327.61
0.00
0.00
111.66
0.00
0.00
169.37
0.00
0.00
143.00
0.00
0.00
419.39
0.00
0.00
330.11
0.00
0.00
117.17
0.00
0.00
275.16
0.00
0.00
137.39
0.00
0.00
125.43
0.00
0.00
298.65
0.00
0.00
398.54
0.00
0.00
396.31
0.00
0.00
0.00
0.00
0.00
0.00
0.00
0.00
0.00
0.00
0.00
0.00
0.00
0.00
0.00
0.00
0.00
0.00
0.00
0.00
0.00
0.00
0.00
0.00
0.00
0.00
0.00
0.00
0.00
0.00
0.00
0.00
0.00
0.00
0.00
0.00
86.25
0.00
0.00
238.53
0.00
0.00
257.36
0.00
0.00
160.91
0.00
0.00
318.70
0.00
0.00
225.03
0.00
0.00
329.71
0.00
0.00
211.44
0.00
0.00
87.64
0.00
0.00
105.73
0.00
0.00
123.20
0.00
0.00
201.44
0.00
0.00
209.27
0.00
0.00
208.24
0.00
0.00
129.92
0.00
0.00
227.66
0.00
0.00
253.21
0.00
0.00
86.30
0.00
0.00
130.91
0.00
0.00
110.52
0.00
0.00
324.14
0.00
0.00
255.14
0.00
0.00
90.56
0.00
0.00
212.67
0.00
0.00
106.19
0.00
0.00
96.95
0.00
0.00
230.83
0.00
0.00
308.03
0.00
0.00
306.31
0.00
0.00
0.00
0.00
0.00
0.00
0.00
0.00
0.00
0.00
0.00
0.00
0.00
0.00
0.00
0.00
0.00
0.00
0.00
0.00
0.00
0.00
0.00
0.00
0.00
0.00
0.00
0.00
0.00
0.00
0.00
0.00
0.00
0.00
0.00
0.00
75.77
0.00
0.00
83.40
0.00
0.00
44.34
0.00
0.00
108.23
0.00
0.00
70.30
0.00
0.00
112.69
0.00
0.00
64.80
0.00
0.00
14.67
0.00
0.00
22.00
0.00
0.00
29.07
0.00
0.00
60.75
0.00
0.00
63.92
0.00
0.00
63.50
0.00
0.00
31.79
0.00
0.00
71.37
0.00
0.00
81.71
0.00
0.00
14.13
0.00
0.00
32.19
0.00
0.00
23.94
0.00
0.00
110.44
0.00
0.00
82.50
0.00
0.00
15.85
0.00
0.00
65.30
0.00
0.00
22.18
0.00
0.00
18.44
0.00
0.00
72.65
0.00
0.00
103.91
0.00
0.00
103.21
0.00
0.00
0.00
0.00
0.00
0.00
0.00
0.00
0.00
0.00
0.00
0.00
0.00
0.00
0.00
0.00
0.00
0.00
0.00
0.00
0.00
0.00
0.00
0.00
0.00
0.00
0.00
0.00
0.00
0.00
0.00
0.00
0.00
0.00
0.00
0.00
0.00
0.00
0.00
242.11
0.00
0.00
266.48
0.00
0.00
141.69
0.00
0.00
345.84
0.00
0.00
224.65
0.00
0.00
360.08
0.00
0.00
207.07
0.00
0.00
46.88
0.00
0.00
70.29
0.00
0.00
92.89
0.00
0.00
194.12
0.00
0.00
204.25
0.00
0.00
202.92
0.00
0.00
101.59
0.00
0.00
228.05
0.00
0.00
261.10
0.00
0.00
45.16
0.00
0.00
102.87
0.00
0.00
76.49
0.00
0.00
352.88
0.00
0.00
263.60
0.00
0.00
50.66
0.00
0.00
208.66
0.00
0.00
70.89
0.00
0.00
58.93
0.00
0.00
232.15
0.00
0.00
332.03
0.00
0.00
329.80
0.00
0.00
0.00
0.00
0.00
0.00
0.00
0.00
0.00
0.00
0.00
0.00
0.00
0.00
0.00
0.00
0.00
0.00
0.00
0.00
0.00
0.00
0.00
0.00
0.00
0.00
0.00
0.00
0.00
0.00
0.00
0.00
0.00
0.00
0.00
0.00
0.00
0.00
0.00
187.13
0.00
0.00
205.96
0.00
0.00
109.51
0.00
0.00
267.30
0.00
0.00
173.63
0.00
0.00
278.31
0.00
0.00
160.04
0.00
0.00
36.23
0.00
0.00
54.33
0.00
0.00
71.80
0.00
0.00
150.03
0.00
0.00
157.87
0.00
0.00
156.84
0.00
0.00
78.52
0.00
0.00
176.26
0.00
0.00
201.81
0.00
0.00
34.90
0.00
0.00
79.51
0.00
0.00
59.12
0.00
0.00
272.74
0.00
0.00
203.74
0.00
0.00
39.16
0.00
0.00
161.27
0.00
0.00
54.79
0.00
0.00
45.55
0.00
0.00
179.43
0.00
0.00
256.63
0.00
0.00
254.91
0.00
0.00
0.00
0.00
0.00
0.00
0.00
0.00
0.00
0.00
0.00
0.00
0.00
0.00
0.00
0.00
0.00
0.00
0.00
0.00
0.00
0.00
0.00
0.00
0.00
0.00
0.00
0.00
0.00
0.00
0.00
0.00
0.00
0.00
0.00
0.00
0.00
0.00
0.00
145.06
0.00
0.00
106.00
0.00
0.00
169.89
0.00
0.00
131.96
0.00
0.00
174.35
0.00
0.00
126.46
0.00
0.00
76.33
0.00
0.00
83.66
0.00
0.00
90.73
0.00
0.00
122.41
0.00
0.00
125.58
0.00
0.00
125.16
0.00
0.00
93.45
0.00
0.00
133.03
0.00
0.00
143.37
0.00
0.00
75.79
0.00
0.00
93.85
0.00
0.00
85.60
0.00
0.00
172.10
0.00
0.00
144.16
0.00
0.00
77.52
0.00
0.00
126.96
0.00
0.00
83.85
0.00
0.00
80.10
0.00
0.00
134.31
0.00
0.00
165.57
0.00
0.00
164.87
0.00
0.00
0.00
0.00
0.00
0.00
0.00
0.00
0.00
0.00
0.00
0.00
0.00
0.00
0.00
0.00
0.00
0.00
0.00
0.00
0.00
0.00
0.00
0.00
0.00
0.00
0.00
0.00
0.00
0.00
0.00
0.00
0.00
0.00
0.00
0.00
0.00
0.00
0.00
0.00
0.00
0.00
463.51
0.00
0.00
338.72
0.00
0.00
542.87
0.00
0.00
421.68
0.00
0.00
557.11
0.00
0.00
404.09
0.00
0.00
243.91
0.00
0.00
267.32
0.00
0.00
289.92
0.00
0.00
391.15
0.00
0.00
401.28
0.00
0.00
399.95
0.00
0.00
298.62
0.00
0.00
425.08
0.00
0.00
458.13
0.00
0.00
242.19
0.00
0.00
299.90
0.00
0.00
273.52
0.00
0.00
549.91
0.00
0.00
460.63
0.00
0.00
247.69
0.00
0.00
405.69
0.00
0.00
267.92
0.00
0.00
255.96
0.00
0.00
429.18
0.00
0.00
529.06
0.00
0.00
526.83
0.00
0.00
0.00
0.00
0.00
0.00
0.00
0.00
0.00
0.00
0.00
0.00
0.00
0.00
0.00
0.00
0.00
0.00
0.00
0.00
0.00
0.00
0.00
0.00
0.00
0.00
0.00
0.00
0.00
0.00
0.00
0.00
0.00
0.00
0.00
0.00
0.00
0.00
0.00
0.00
0.00
0.00
358.25
0.00
0.00
261.80
0.00
0.00
419.58
0.00
0.00
325.91
0.00
0.00
430.59
0.00
0.00
312.33
0.00
0.00
188.52
0.00
0.00
206.61
0.00
0.00
224.08
0.00
0.00
302.32
0.00
0.00
310.15
0.00
0.00
309.12
0.00
0.00
230.81
0.00
0.00
328.54
0.00
0.00
354.09
0.00
0.00
187.19
0.00
0.00
231.79
0.00
0.00
211.41
0.00
0.00
425.03
0.00
0.00
356.02
0.00
0.00
191.44
0.00
0.00
313.56
0.00
0.00
207.07
0.00
0.00
197.83
0.00
0.00
331.71
0.00
0.00
408.91
0.00
0.00
407.19
0.00
0.00
0.00
0.00
0.00
0.00
0.00
0.00
0.00
0.00
0.00
0.00
0.00
0.00
0.00
0.00
0.00
0.00
0.00
0.00
0.00
0.00
0.00
0.00
0.00
0.00
0.00
0.00
0.00
0.00
0.00
0.00
0.00
0.00
0.00
0.00
0.00
0.00
0.00
0.00
0.00
0.00
113.63
0.00
0.00
177.52
0.00
0.00
139.59
0.00
0.00
181.97
0.00
0.00
134.09
0.00
0.00
83.96
0.00
0.00
91.28
0.00
0.00
98.36
0.00
0.00
130.04
0.00
0.00
133.21
0.00
0.00
132.79
0.00
0.00
101.08
0.00
0.00
140.66
0.00
0.00
151.00
0.00
0.00
83.42
0.00
0.00
101.48
0.00
0.00
93.23
0.00
0.00
179.72
0.00
0.00
151.78
0.00
0.00
85.14
0.00
0.00
134.59
0.00
0.00
91.47
0.00
0.00
87.73
0.00
0.00
141.94
0.00
0.00
173.20
0.00
0.00
172.50
0.00
0.00
0.00
0.00
0.00
0.00
0.00
0.00
0.00
0.00
0.00
0.00
0.00
0.00
0.00
0.00
0.00
0.00
0.00
0.00
0.00
0.00
0.00
0.00
0.00
0.00
0.00
0.00
0.00
0.00
0.00
0.00
0.00
0.00
0.00
0.00
0.00
0.00
0.00
0.00
0.00
0.00
0.00
0.00
0.00
363.09
0.00
0.00
567.23
0.00
0.00
446.05
0.00
0.00
581.48
0.00
0.00
428.46
0.00
0.00
268.28
0.00
0.00
291.69
0.00
0.00
314.29
0.00
0.00
415.52
0.00
0.00
425.65
0.00
0.00
424.32
0.00
0.00
322.99
0.00
0.00
449.45
0.00
0.00
482.50
0.00
0.00
266.55
0.00
0.00
324.27
0.00
0.00
297.89
0.00
0.00
574.28
0.00
0.00
485.00
0.00
0.00
272.06
0.00
0.00
430.06
0.00
0.00
292.29
0.00
0.00
280.33
0.00
0.00
453.55
0.00
0.00
553.43
0.00
0.00
551.20
0.00
0.00
0.00
0.00
0.00
0.00
0.00
0.00
0.00
0.00
0.00
0.00
0.00
0.00
0.00
0.00
0.00
0.00
0.00
0.00
0.00
0.00
0.00
0.00
0.00
0.00
0.00
0.00
0.00
0.00
0.00
0.00
0.00
0.00
0.00
0.00
0.00
0.00
0.00
0.00
0.00
0.00
0.00
0.00
0.00
280.63
0.00
0.00
438.42
0.00
0.00
344.75
0.00
0.00
449.42
0.00
0.00
331.16
0.00
0.00
207.35
0.00
0.00
225.45
0.00
0.00
242.92
0.00
0.00
321.15
0.00
0.00
328.99
0.00
0.00
327.95
0.00
0.00
249.64
0.00
0.00
347.38
0.00
0.00
372.93
0.00
0.00
206.02
0.00
0.00
250.63
0.00
0.00
230.24
0.00
0.00
443.86
0.00
0.00
374.86
0.00
0.00
210.28
0.00
0.00
332.39
0.00
0.00
225.91
0.00
0.00
216.67
0.00
0.00
350.55
0.00
0.00
427.75
0.00
0.00
426.03
0.00
0.00
0.00
0.00
0.00
0.00
0.00
0.00
0.00
0.00
0.00
0.00
0.00
0.00
0.00
0.00
0.00
0.00
0.00
0.00
0.00
0.00
0.00
0.00
0.00
0.00
0.00
0.00
0.00
0.00
0.00
0.00
0.00
0.00
0.00
0.00
0.00
0.00
0.00
0.00
0.00
0.00
0.00
0.00
0.00
138.46
0.00
0.00
100.54
0.00
0.00
142.92
0.00
0.00
95.03
0.00
0.00
44.90
0.00
0.00
52.23
0.00
0.00
59.30
0.00
0.00
90.98
0.00
0.00
94.15
0.00
0.00
93.74
0.00
0.00
62.03
0.00
0.00
101.60
0.00
0.00
111.95
0.00
0.00
44.36
0.00
0.00
62.43
0.00
0.00
54.17
0.00
0.00
140.67
0.00
0.00
112.73
0.00
0.00
46.09
0.00
0.00
95.53
0.00
0.00
52.42
0.00
0.00
48.67
0.00
0.00
102.88
0.00
0.00
134.14
0.00
0.00
133.45
0.00
0.00
0.00
0.00
0.00
0.00
0.00
0.00
0.00
0.00
0.00
0.00
0.00
0.00
0.00
0.00
0.00
0.00
0.00
0.00
0.00
0.00
0.00
0.00
0.00
0.00
0.00
0.00
0.00
0.00
0.00
0.00
0.00
0.00
0.00
0.00
0.00
0.00
0.00
0.00
0.00
0.00
0.00
0.00
0.00
0.00
0.00
0.00
442.44
0.00
0.00
321.25
0.00
0.00
456.68
0.00
0.00
303.67
0.00
0.00
143.49
0.00
0.00
166.90
0.00
0.00
189.50
0.00
0.00
290.72
0.00
0.00
300.86
0.00
0.00
299.52
0.00
0.00
198.20
0.00
0.00
324.66
0.00
0.00
357.71
0.00
0.00
141.76
0.00
0.00
199.48
0.00
0.00
173.10
0.00
0.00
449.49
0.00
0.00
360.21
0.00
0.00
147.27
0.00
0.00
305.26
0.00
0.00
167.49
0.00
0.00
155.54
0.00
0.00
328.75
0.00
0.00
428.64
0.00
0.00
426.41
0.00
0.00
0.00
0.00
0.00
0.00
0.00
0.00
0.00
0.00
0.00
0.00
0.00
0.00
0.00
0.00
0.00
0.00
0.00
0.00
0.00
0.00
0.00
0.00
0.00
0.00
0.00
0.00
0.00
0.00
0.00
0.00
0.00
0.00
0.00
0.00
0.00
0.00
0.00
0.00
0.00
0.00
0.00
0.00
0.00
0.00
0.00
0.00
341.96
0.00
0.00
248.30
0.00
0.00
352.97
0.00
0.00
234.71
0.00
0.00
110.90
0.00
0.00
128.99
0.00
0.00
146.46
0.00
0.00
224.70
0.00
0.00
232.54
0.00
0.00
231.50
0.00
0.00
153.19
0.00
0.00
250.93
0.00
0.00
276.47
0.00
0.00
109.57
0.00
0.00
154.17
0.00
0.00
133.79
0.00
0.00
347.41
0.00
0.00
278.41
0.00
0.00
113.82
0.00
0.00
235.94
0.00
0.00
129.46
0.00
0.00
120.21
0.00
0.00
254.09
0.00
0.00
331.30
0.00
0.00
329.57
0.00
0.00
0.00
0.00
0.00
0.00
0.00
0.00
0.00
0.00
0.00
0.00
0.00
0.00
0.00
0.00
0.00
0.00
0.00
0.00
0.00
0.00
0.00
0.00
0.00
0.00
0.00
0.00
0.00
0.00
0.00
0.00
0.00
0.00
0.00
0.00
0.00
0.00
0.00
0.00
0.00
0.00
0.00
0.00
0.00
0.00
0.00
0.00
164.43
0.00
0.00
206.81
0.00
0.00
158.92
0.00
0.00
108.79
0.00
0.00
116.12
0.00
0.00
123.19
0.00
0.00
154.87
0.00
0.00
158.04
0.00
0.00
157.63
0.00
0.00
125.91
0.00
0.00
165.49
0.00
0.00
175.83
0.00
0.00
108.25
0.00
0.00
126.31
0.00
0.00
118.06
0.00
0.00
204.56
0.00
0.00
176.62
0.00
0.00
109.98
0.00
0.00
159.42
0.00
0.00
116.31
0.00
0.00
112.56
0.00
0.00
166.77
0.00
0.00
198.03
0.00
0.00
197.33
0.00
0.00
0.00
0.00
0.00
0.00
0.00
0.00
0.00
0.00
0.00
0.00
0.00
0.00
0.00
0.00
0.00
0.00
0.00
0.00
0.00
0.00
0.00
0.00
0.00
0.00
0.00
0.00
0.00
0.00
0.00
0.00
0.00
0.00
0.00
0.00
0.00
0.00
0.00
0.00
0.00
0.00
0.00
0.00
0.00
0.00
0.00
0.00
0.00
0.00
0.00
525.40
0.00
0.00
660.83
0.00
0.00
507.82
0.00
0.00
347.63
0.00
0.00
371.04
0.00
0.00
393.65
0.00
0.00
494.87
0.00
0.00
505.01
0.00
0.00
503.67
0.00
0.00
402.35
0.00
0.00
528.80
0.00
0.00
561.86
0.00
0.00
345.91
0.00
0.00
403.62
0.00
0.00
377.25
0.00
0.00
653.64
0.00
0.00
564.36
0.00
0.00
351.42
0.00
0.00
509.41
0.00
0.00
371.64
0.00
0.00
359.68
0.00
0.00
532.90
0.00
0.00
632.79
0.00
0.00
630.56
0.00
0.00
0.00
0.00
0.00
0.00
0.00
0.00
0.00
0.00
0.00
0.00
0.00
0.00
0.00
0.00
0.00
0.00
0.00
0.00
0.00
0.00
0.00
0.00
0.00
0.00
0.00
0.00
0.00
0.00
0.00
0.00
0.00
0.00
0.00
0.00
0.00
0.00
0.00
0.00
0.00
0.00
0.00
0.00
0.00
0.00
0.00
0.00
0.00
0.00
0.00
406.08
0.00
0.00
510.76
0.00
0.00
392.49
0.00
0.00
268.69
0.00
0.00
286.78
0.00
0.00
304.25
0.00
0.00
382.49
0.00
0.00
390.32
0.00
0.00
389.29
0.00
0.00
310.97
0.00
0.00
408.71
0.00
0.00
434.26
0.00
0.00
267.35
0.00
0.00
311.96
0.00
0.00
291.57
0.00
0.00
505.20
0.00
0.00
436.19
0.00
0.00
271.61
0.00
0.00
393.73
0.00
0.00
287.24
0.00
0.00
278.00
0.00
0.00
411.88
0.00
0.00
489.08
0.00
0.00
487.36
0.00
0.00
0.00
0.00
0.00
0.00
0.00
0.00
0.00
0.00
0.00
0.00
0.00
0.00
0.00
0.00
0.00
0.00
0.00
0.00
0.00
0.00
0.00
0.00
0.00
0.00
0.00
0.00
0.00
0.00
0.00
0.00
0.00
0.00
0.00
0.00
0.00
0.00
0.00
0.00
0.00
0.00
0.00
0.00
0.00
0.00
0.00
0.00
0.00
0.00
0.00
168.88
0.00
0.00
121.00
0.00
0.00
70.87
0.00
0.00
78.19
0.00
0.00
85.27
0.00
0.00
116.94
0.00
0.00
120.12
0.00
0.00
119.70
0.00
0.00
87.99
0.00
0.00
127.56
0.00
0.00
137.91
0.00
0.00
70.33
0.00
0.00
88.39
0.00
0.00
80.13
0.00
0.00
166.63
0.00
0.00
138.69
0.00
0.00
72.05
0.00
0.00
121.50
0.00
0.00
78.38
0.00
0.00
74.64
0.00
0.00
128.85
0.00
0.00
160.11
0.00
0.00
159.41
0.00
0.00
0.00
0.00
0.00
0.00
0.00
0.00
0.00
0.00
0.00
0.00
0.00
0.00
0.00
0.00
0.00
0.00
0.00
0.00
0.00
0.00
0.00
0.00
0.00
0.00
0.00
0.00
0.00
0.00
0.00
0.00
0.00
0.00
0.00
0.00
0.00
0.00
0.00
0.00
0.00
0.00
0.00
0.00
0.00
0.00
0.00
0.00
0.00
0.00
0.00
0.00
0.00
0.00
539.64
0.00
0.00
386.63
0.00
0.00
226.45
0.00
0.00
249.86
0.00
0.00
272.46
0.00
0.00
373.68
0.00
0.00
383.82
0.00
0.00
382.48
0.00
0.00
281.16
0.00
0.00
407.61
0.00
0.00
440.67
0.00
0.00
224.72
0.00
0.00
282.43
0.00
0.00
256.06
0.00
0.00
532.45
0.00
0.00
443.17
0.00
0.00
230.23
0.00
0.00
388.22
0.00
0.00
250.45
0.00
0.00
238.49
0.00
0.00
411.71
0.00
0.00
511.60
0.00
0.00
509.37
0.00
0.00
0.00
0.00
0.00
0.00
0.00
0.00
0.00
0.00
0.00
0.00
0.00
0.00
0.00
0.00
0.00
0.00
0.00
0.00
0.00
0.00
0.00
0.00
0.00
0.00
0.00
0.00
0.00
0.00
0.00
0.00
0.00
0.00
0.00
0.00
0.00
0.00
0.00
0.00
0.00
0.00
0.00
0.00
0.00
0.00
0.00
0.00
0.00
0.00
0.00
0.00
0.00
0.00
417.09
0.00
0.00
298.83
0.00
0.00
175.02
0.00
0.00
193.11
0.00
0.00
210.58
0.00
0.00
288.82
0.00
0.00
296.65
0.00
0.00
295.62
0.00
0.00
217.31
0.00
0.00
315.05
0.00
0.00
340.59
0.00
0.00
173.69
0.00
0.00
218.29
0.00
0.00
197.91
0.00
0.00
411.53
0.00
0.00
342.52
0.00
0.00
177.94
0.00
0.00
300.06
0.00
0.00
193.58
0.00
0.00
184.33
0.00
0.00
318.21
0.00
0.00
395.41
0.00
0.00
393.69
0.00
0.00
0.00
0.00
0.00
0.00
0.00
0.00
0.00
0.00
0.00
0.00
0.00
0.00
0.00
0.00
0.00
0.00
0.00
0.00
0.00
0.00
0.00
0.00
0.00
0.00
0.00
0.00
0.00
0.00
0.00
0.00
0.00
0.00
0.00
0.00
0.00
0.00
0.00
0.00
0.00
0.00
0.00
0.00
0.00
0.00
0.00
0.00
0.00
0.00
0.00
0.00
0.00
0.00
163.38
0.00
0.00
113.25
0.00
0.00
120.58
0.00
0.00
127.65
0.00
0.00
159.33
0.00
0.00
162.50
0.00
0.00
162.08
0.00
0.00
130.37
0.00
0.00
169.95
0.00
0.00
180.29
0.00
0.00
112.71
0.00
0.00
130.77
0.00
0.00
122.52
0.00
0.00
209.01
0.00
0.00
181.07
0.00
0.00
114.43
0.00
0.00
163.88
0.00
0.00
120.76
0.00
0.00
117.02
0.00
0.00
171.23
0.00
0.00
202.49
0.00
0.00
201.79
0.00
0.00
0.00
0.00
0.00
0.00
0.00
0.00
0.00
0.00
0.00
0.00
0.00
0.00
0.00
0.00
0.00
0.00
0.00
0.00
0.00
0.00
0.00
0.00
0.00
0.00
0.00
0.00
0.00
0.00
0.00
0.00
0.00
0.00
0.00
0.00
0.00
0.00
0.00
0.00
0.00
0.00
0.00
0.00
0.00
0.00
0.00
0.00
0.00
0.00
0.00
0.00
0.00
0.00
0.00
0.00
0.00
522.06
0.00
0.00
361.88
0.00
0.00
385.29
0.00
0.00
407.89
0.00
0.00
509.11
0.00
0.00
519.25
0.00
0.00
517.91
0.00
0.00
416.59
0.00
0.00
543.05
0.00
0.00
576.10
0.00
0.00
360.15
0.00
0.00
417.87
0.00
0.00
391.49
0.00
0.00
667.88
0.00
0.00
578.60
0.00
0.00
365.66
0.00
0.00
523.66
0.00
0.00
385.88
0.00
0.00
373.93
0.00
0.00
547.14
0.00
0.00
647.03
0.00
0.00
644.80
0.00
0.00
0.00
0.00
0.00
0.00
0.00
0.00
0.00
0.00
0.00
0.00
0.00
0.00
0.00
0.00
0.00
0.00
0.00
0.00
0.00
0.00
0.00
0.00
0.00
0.00
0.00
0.00
0.00
0.00
0.00
0.00
0.00
0.00
0.00
0.00
0.00
0.00
0.00
0.00
0.00
0.00
0.00
0.00
0.00
0.00
0.00
0.00
0.00
0.00
0.00
0.00
0.00
0.00
0.00
0.00
0.00
403.50
0.00
0.00
279.70
0.00
0.00
297.79
0.00
0.00
315.26
0.00
0.00
393.50
0.00
0.00
401.33
0.00
0.00
400.30
0.00
0.00
321.98
0.00
0.00
419.72
0.00
0.00
445.27
0.00
0.00
278.36
0.00
0.00
322.97
0.00
0.00
302.58
0.00
0.00
516.20
0.00
0.00
447.20
0.00
0.00
282.62
0.00
0.00
404.73
0.00
0.00
298.25
0.00
0.00
289.01
0.00
0.00
422.89
0.00
0.00
500.09
0.00
0.00
498.37
0.00
0.00
0.00
0.00
0.00
0.00
0.00
0.00
0.00
0.00
0.00
0.00
0.00
0.00
0.00
0.00
0.00
0.00
0.00
0.00
0.00
0.00
0.00
0.00
0.00
0.00
0.00
0.00
0.00
0.00
0.00
0.00
0.00
0.00
0.00
0.00
0.00
0.00
0.00
0.00
0.00
0.00
0.00
0.00
0.00
0.00
0.00
0.00
0.00
0.00
0.00
0.00
0.00
0.00
0.00
0.00
0.00
65.36
0.00
0.00
72.69
0.00
0.00
79.76
0.00
0.00
111.44
0.00
0.00
114.61
0.00
0.00
114.20
0.00
0.00
82.49
0.00
0.00
122.06
0.00
0.00
132.41
0.00
0.00
64.82
0.00
0.00
82.89
0.00
0.00
74.63
0.00
0.00
161.13
0.00
0.00
133.19
0.00
0.00
66.55
0.00
0.00
115.99
0.00
0.00
72.88
0.00
0.00
69.13
0.00
0.00
123.34
0.00
0.00
154.60
0.00
0.00
153.91
0.00
0.00
0.00
0.00
0.00
0.00
0.00
0.00
0.00
0.00
0.00
0.00
0.00
0.00
0.00
0.00
0.00
0.00
0.00
0.00
0.00
0.00
0.00
0.00
0.00
0.00
0.00
0.00
0.00
0.00
0.00
0.00
0.00
0.00
0.00
0.00
0.00
0.00
0.00
0.00
0.00
0.00
0.00
0.00
0.00
0.00
0.00
0.00
0.00
0.00
0.00
0.00
0.00
0.00
0.00
0.00
0.00
0.00
0.00
0.00
208.86
0.00
0.00
232.27
0.00
0.00
254.87
0.00
0.00
356.10
0.00
0.00
366.24
0.00
0.00
364.90
0.00
0.00
263.57
0.00
0.00
390.03
0.00
0.00
423.09
0.00
0.00
207.14
0.00
0.00
264.85
0.00
0.00
238.47
0.00
0.00
514.86
0.00
0.00
425.59
0.00
0.00
212.65
0.00
0.00
370.64
0.00
0.00
232.87
0.00
0.00
220.91
0.00
0.00
394.13
0.00
0.00
494.02
0.00
0.00
491.79
0.00
0.00
0.00
0.00
0.00
0.00
0.00
0.00
0.00
0.00
0.00
0.00
0.00
0.00
0.00
0.00
0.00
0.00
0.00
0.00
0.00
0.00
0.00
0.00
0.00
0.00
0.00
0.00
0.00
0.00
0.00
0.00
0.00
0.00
0.00
0.00
0.00
0.00
0.00
0.00
0.00
0.00
0.00
0.00
0.00
0.00
0.00
0.00
0.00
0.00
0.00
0.00
0.00
0.00
0.00
0.00
0.00
0.00
0.00
0.00
161.43
0.00
0.00
179.52
0.00
0.00
196.99
0.00
0.00
275.23
0.00
0.00
283.07
0.00
0.00
282.03
0.00
0.00
203.72
0.00
0.00
301.46
0.00
0.00
327.00
0.00
0.00
160.10
0.00
0.00
204.70
0.00
0.00
184.32
0.00
0.00
397.94
0.00
0.00
328.94
0.00
0.00
164.35
0.00
0.00
286.47
0.00
0.00
179.99
0.00
0.00
170.74
0.00
0.00
304.62
0.00
0.00
381.83
0.00
0.00
380.10
0.00
0.00
0.00
0.00
0.00
0.00
0.00
0.00
0.00
0.00
0.00
0.00
0.00
0.00
0.00
0.00
0.00
0.00
0.00
0.00
0.00
0.00
0.00
0.00
0.00
0.00
0.00
0.00
0.00
0.00
0.00
0.00
0.00
0.00
0.00
0.00
0.00
0.00
0.00
0.00
0.00
0.00
0.00
0.00
0.00
0.00
0.00
0.00
0.00
0.00
0.00
0.00
0.00
0.00
0.00
0.00
0.00
0.00
0.00
0.00
22.56
0.00
0.00
29.63
0.00
0.00
61.31
0.00
0.00
64.48
0.00
0.00
64.07
0.00
0.00
32.36
0.00
0.00
71.93
0.00
0.00
82.28
0.00
0.00
14.69
0.00
0.00
32.76
0.00
0.00
24.50
0.00
0.00
111.00
0.00
0.00
83.06
0.00
0.00
16.42
0.00
0.00
65.86
0.00
0.00
22.75
0.00
0.00
19.00
0.00
0.00
73.21
0.00
0.00
104.47
0.00
0.00
103.78
0.00
0.00
0.00
0.00
0.00
0.00
0.00
0.00
0.00
0.00
0.00
0.00
0.00
0.00
0.00
0.00
0.00
0.00
0.00
0.00
0.00
0.00
0.00
0.00
0.00
0.00
0.00
0.00
0.00
0.00
0.00
0.00
0.00
0.00
0.00
0.00
0.00
0.00
0.00
0.00
0.00
0.00
0.00
0.00
0.00
0.00
0.00
0.00
0.00
0.00
0.00
0.00
0.00
0.00
0.00
0.00
0.00
0.00
0.00
0.00
0.00
0.00
0.00
72.09
0.00
0.00
94.69
0.00
0.00
195.92
0.00
0.00
206.05
0.00
0.00
204.72
0.00
0.00
103.39
0.00
0.00
229.85
0.00
0.00
262.90
0.00
0.00
46.95
0.00
0.00
104.67
0.00
0.00
78.29
0.00
0.00
354.68
0.00
0.00
265.40
0.00
0.00
52.46
0.00
0.00
210.46
0.00
0.00
72.69
0.00
0.00
60.73
0.00
0.00
233.95
0.00
0.00
333.83
0.00
0.00
331.60
0.00
0.00
0.00
0.00
0.00
0.00
0.00
0.00
0.00
0.00
0.00
0.00
0.00
0.00
0.00
0.00
0.00
0.00
0.00
0.00
0.00
0.00
0.00
0.00
0.00
0.00
0.00
0.00
0.00
0.00
0.00
0.00
0.00
0.00
0.00
0.00
0.00
0.00
0.00
0.00
0.00
0.00
0.00
0.00
0.00
0.00
0.00
0.00
0.00
0.00
0.00
0.00
0.00
0.00
0.00
0.00
0.00
0.00
0.00
0.00
0.00
0.00
0.00
55.72
0.00
0.00
73.19
0.00
0.00
151.42
0.00
0.00
159.26
0.00
0.00
158.23
0.00
0.00
79.91
0.00
0.00
177.65
0.00
0.00
203.20
0.00
0.00
36.29
0.00
0.00
80.90
0.00
0.00
60.51
0.00
0.00
274.13
0.00
0.00
205.13
0.00
0.00
40.55
0.00
0.00
162.66
0.00
0.00
56.18
0.00
0.00
46.94
0.00
0.00
180.82
0.00
0.00
258.02
0.00
0.00
256.30
0.00
0.00
0.00
0.00
0.00
0.00
0.00
0.00
0.00
0.00
0.00
0.00
0.00
0.00
0.00
0.00
0.00
0.00
0.00
0.00
0.00
0.00
0.00
0.00
0.00
0.00
0.00
0.00
0.00
0.00
0.00
0.00
0.00
0.00
0.00
0.00
0.00
0.00
0.00
0.00
0.00
0.00
0.00
0.00
0.00
0.00
0.00
0.00
0.00
0.00
0.00
0.00
0.00
0.00
0.00
0.00
0.00
0.00
0.00
0.00
0.00
0.00
0.00
36.96
0.00
0.00
68.64
0.00
0.00
71.81
0.00
0.00
71.39
0.00
0.00
39.68
0.00
0.00
79.26
0.00
0.00
89.60
0.00
0.00
22.02
0.00
0.00
40.08
0.00
0.00
31.83
0.00
0.00
118.32
0.00
0.00
90.38
0.00
0.00
23.74
0.00
0.00
73.19
0.00
0.00
30.07
0.00
0.00
26.33
0.00
0.00
80.54
0.00
0.00
111.80
0.00
0.00
111.10
0.00
0.00
0.00
0.00
0.00
0.00
0.00
0.00
0.00
0.00
0.00
0.00
0.00
0.00
0.00
0.00
0.00
0.00
0.00
0.00
0.00
0.00
0.00
0.00
0.00
0.00
0.00
0.00
0.00
0.00
0.00
0.00
0.00
0.00
0.00
0.00
0.00
0.00
0.00
0.00
0.00
0.00
0.00
0.00
0.00
0.00
0.00
0.00
0.00
0.00
0.00
0.00
0.00
0.00
0.00
0.00
0.00
0.00
0.00
0.00
0.00
0.00
0.00
0.00
0.00
0.00
118.10
0.00
0.00
219.33
0.00
0.00
229.46
0.00
0.00
228.13
0.00
0.00
126.80
0.00
0.00
253.26
0.00
0.00
286.31
0.00
0.00
70.36
0.00
0.00
128.08
0.00
0.00
101.70
0.00
0.00
378.09
0.00
0.00
288.81
0.00
0.00
75.87
0.00
0.00
233.87
0.00
0.00
96.10
0.00
0.00
84.14
0.00
0.00
257.36
0.00
0.00
357.24
0.00
0.00
355.01
0.00
0.00
0.00
0.00
0.00
0.00
0.00
0.00
0.00
0.00
0.00
0.00
0.00
0.00
0.00
0.00
0.00
0.00
0.00
0.00
0.00
0.00
0.00
0.00
0.00
0.00
0.00
0.00
0.00
0.00
0.00
0.00
0.00
0.00
0.00
0.00
0.00
0.00
0.00
0.00
0.00
0.00
0.00
0.00
0.00
0.00
0.00
0.00
0.00
0.00
0.00
0.00
0.00
0.00
0.00
0.00
0.00
0.00
0.00
0.00
0.00
0.00
0.00
0.00
0.00
0.00
91.28
0.00
0.00
169.52
0.00
0.00
177.35
0.00
0.00
176.32
0.00
0.00
98.00
0.00
0.00
195.74
0.00
0.00
221.29
0.00
0.00
54.38
0.00
0.00
98.99
0.00
0.00
78.60
0.00
0.00
292.23
0.00
0.00
223.22
0.00
0.00
58.64
0.00
0.00
180.76
0.00
0.00
74.27
0.00
0.00
65.03
0.00
0.00
198.91
0.00
0.00
276.11
0.00
0.00
274.39
0.00
0.00
0.00
0.00
0.00
0.00
0.00
0.00
0.00
0.00
0.00
0.00
0.00
0.00
0.00
0.00
0.00
0.00
0.00
0.00
0.00
0.00
0.00
0.00
0.00
0.00
0.00
0.00
0.00
0.00
0.00
0.00
0.00
0.00
0.00
0.00
0.00
0.00
0.00
0.00
0.00
0.00
0.00
0.00
0.00
0.00
0.00
0.00
0.00
0.00
0.00
0.00
0.00
0.00
0.00
0.00
0.00
0.00
0.00
0.00
0.00
0.00
0.00
0.00
0.00
0.00
75.71
0.00
0.00
78.88
0.00
0.00
78.47
0.00
0.00
46.76
0.00
0.00
86.33
0.00
0.00
96.68
0.00
0.00
29.09
0.00
0.00
47.16
0.00
0.00
38.90
0.00
0.00
125.40
0.00
0.00
97.46
0.00
0.00
30.82
0.00
0.00
80.26
0.00
0.00
37.15
0.00
0.00
33.40
0.00
0.00
87.61
0.00
0.00
118.87
0.00
0.00
118.18
0.00
0.00
0.00
0.00
0.00
0.00
0.00
0.00
0.00
0.00
0.00
0.00
0.00
0.00
0.00
0.00
0.00
0.00
0.00
0.00
0.00
0.00
0.00
0.00
0.00
0.00
0.00
0.00
0.00
0.00
0.00
0.00
0.00
0.00
0.00
0.00
0.00
0.00
0.00
0.00
0.00
0.00
0.00
0.00
0.00
0.00
0.00
0.00
0.00
0.00
0.00
0.00
0.00
0.00
0.00
0.00
0.00
0.00
0.00
0.00
0.00
0.00
0.00
0.00
0.00
0.00
0.00
0.00
0.00
241.93
0.00
0.00
252.06
0.00
0.00
250.73
0.00
0.00
149.40
0.00
0.00
275.86
0.00
0.00
308.91
0.00
0.00
92.96
0.00
0.00
150.68
0.00
0.00
124.30
0.00
0.00
400.69
0.00
0.00
311.41
0.00
0.00
98.47
0.00
0.00
256.47
0.00
0.00
118.70
0.00
0.00
106.74
0.00
0.00
279.96
0.00
0.00
379.84
0.00
0.00
377.61
0.00
0.00
0.00
0.00
0.00
0.00
0.00
0.00
0.00
0.00
0.00
0.00
0.00
0.00
0.00
0.00
0.00
0.00
0.00
0.00
0.00
0.00
0.00
0.00
0.00
0.00
0.00
0.00
0.00
0.00
0.00
0.00
0.00
0.00
0.00
0.00
0.00
0.00
0.00
0.00
0.00
0.00
0.00
0.00
0.00
0.00
0.00
0.00
0.00
0.00
0.00
0.00
0.00
0.00
0.00
0.00
0.00
0.00
0.00
0.00
0.00
0.00
0.00
0.00
0.00
0.00
0.00
0.00
0.00
186.99
0.00
0.00
194.82
0.00
0.00
193.79
0.00
0.00
115.47
0.00
0.00
213.21
0.00
0.00
238.76
0.00
0.00
71.85
0.00
0.00
116.46
0.00
0.00
96.07
0.00
0.00
309.70
0.00
0.00
240.69
0.00
0.00
76.11
0.00
0.00
198.22
0.00
0.00
91.74
0.00
0.00
82.50
0.00
0.00
216.38
0.00
0.00
293.58
0.00
0.00
291.86
0.00
0.00
0.00
0.00
0.00
0.00
0.00
0.00
0.00
0.00
0.00
0.00
0.00
0.00
0.00
0.00
0.00
0.00
0.00
0.00
0.00
0.00
0.00
0.00
0.00
0.00
0.00
0.00
0.00
0.00
0.00
0.00
0.00
0.00
0.00
0.00
0.00
0.00
0.00
0.00
0.00
0.00
0.00
0.00
0.00
0.00
0.00
0.00
0.00
0.00
0.00
0.00
0.00
0.00
0.00
0.00
0.00
0.00
0.00
0.00
0.00
0.00
0.00
0.00
0.00
0.00
0.00
0.00
0.00
110.56
0.00
0.00
110.14
0.00
0.00
78.43
0.00
0.00
118.01
0.00
0.00
128.35
0.00
0.00
60.77
0.00
0.00
78.83
0.00
0.00
70.58
0.00
0.00
157.08
0.00
0.00
129.14
0.00
0.00
62.50
0.00
0.00
111.94
0.00
0.00
68.83
0.00
0.00
65.08
0.00
0.00
119.29
0.00
0.00
150.55
0.00
0.00
149.85
0.00
0.00
0.00
0.00
0.00
0.00
0.00
0.00
0.00
0.00
0.00
0.00
0.00
0.00
0.00
0.00
0.00
0.00
0.00
0.00
0.00
0.00
0.00
0.00
0.00
0.00
0.00
0.00
0.00
0.00
0.00
0.00
0.00
0.00
0.00
0.00
0.00
0.00
0.00
0.00
0.00
0.00
0.00
0.00
0.00
0.00
0.00
0.00
0.00
0.00
0.00
0.00
0.00
0.00
0.00
0.00
0.00
0.00
0.00
0.00
0.00
0.00
0.00
0.00
0.00
0.00
0.00
0.00
0.00
0.00
0.00
0.00
353.29
0.00
0.00
351.95
0.00
0.00
250.63
0.00
0.00
377.09
0.00
0.00
410.14
0.00
0.00
194.19
0.00
0.00
251.91
0.00
0.00
225.53
0.00
0.00
501.92
0.00
0.00
412.64
0.00
0.00
199.70
0.00
0.00
357.69
0.00
0.00
219.92
0.00
0.00
207.97
0.00
0.00
381.18
0.00
0.00
481.07
0.00
0.00
478.84
0.00
0.00
0.00
0.00
0.00
0.00
0.00
0.00
0.00
0.00
0.00
0.00
0.00
0.00
0.00
0.00
0.00
0.00
0.00
0.00
0.00
0.00
0.00
0.00
0.00
0.00
0.00
0.00
0.00
0.00
0.00
0.00
0.00
0.00
0.00
0.00
0.00
0.00
0.00
0.00
0.00
0.00
0.00
0.00
0.00
0.00
0.00
0.00
0.00
0.00
0.00
0.00
0.00
0.00
0.00
0.00
0.00
0.00
0.00
0.00
0.00
0.00
0.00
0.00
0.00
0.00
0.00
0.00
0.00
0.00
0.00
0.00
273.06
0.00
0.00
272.03
0.00
0.00
193.71
0.00
0.00
291.45
0.00
0.00
317.00
0.00
0.00
150.09
0.00
0.00
194.70
0.00
0.00
174.31
0.00
0.00
387.93
0.00
0.00
318.93
0.00
0.00
154.35
0.00
0.00
276.46
0.00
0.00
169.98
0.00
0.00
160.74
0.00
0.00
294.62
0.00
0.00
371.82
0.00
0.00
370.10
0.00
0.00
0.00
0.00
0.00
0.00
0.00
0.00
0.00
0.00
0.00
0.00
0.00
0.00
0.00
0.00
0.00
0.00
0.00
0.00
0.00
0.00
0.00
0.00
0.00
0.00
0.00
0.00
0.00
0.00
0.00
0.00
0.00
0.00
0.00
0.00
0.00
0.00
0.00
0.00
0.00
0.00
0.00
0.00
0.00
0.00
0.00
0.00
0.00
0.00
0.00
0.00
0.00
0.00
0.00
0.00
0.00
0.00
0.00
0.00
0.00
0.00
0.00
0.00
0.00
0.00
0.00
0.00
0.00
0.00
0.00
0.00
113.32
0.00
0.00
81.61
0.00
0.00
121.18
0.00
0.00
131.53
0.00
0.00
63.94
0.00
0.00
82.01
0.00
0.00
73.75
0.00
0.00
160.25
0.00
0.00
132.31
0.00
0.00
65.67
0.00
0.00
115.11
0.00
0.00
72.00
0.00
0.00
68.26
0.00
0.00
122.46
0.00
0.00
153.72
0.00
0.00
153.03
0.00
0.00
0.00
0.00
0.00
0.00
0.00
0.00
0.00
0.00
0.00
0.00
0.00
0.00
0.00
0.00
0.00
0.00
0.00
0.00
0.00
0.00
0.00
0.00
0.00
0.00
0.00
0.00
0.00
0.00
0.00
0.00
0.00
0.00
0.00
0.00
0.00
0.00
0.00
0.00
0.00
0.00
0.00
0.00
0.00
0.00
0.00
0.00
0.00
0.00
0.00
0.00
0.00
0.00
0.00
0.00
0.00
0.00
0.00
0.00
0.00
0.00
0.00
0.00
0.00
0.00
0.00
0.00
0.00
0.00
0.00
0.00
0.00
0.00
0.00
362.09
0.00
0.00
260.76
0.00
0.00
387.22
0.00
0.00
420.28
0.00
0.00
204.33
0.00
0.00
262.04
0.00
0.00
235.66
0.00
0.00
512.05
0.00
0.00
422.77
0.00
0.00
209.83
0.00
0.00
367.83
0.00
0.00
230.06
0.00
0.00
218.10
0.00
0.00
391.32
0.00
0.00
491.20
0.00
0.00
488.98
0.00
0.00
0.00
0.00
0.00
0.00
0.00
0.00
0.00
0.00
0.00
0.00
0.00
0.00
0.00
0.00
0.00
0.00
0.00
0.00
0.00
0.00
0.00
0.00
0.00
0.00
0.00
0.00
0.00
0.00
0.00
0.00
0.00
0.00
0.00
0.00
0.00
0.00
0.00
0.00
0.00
0.00
0.00
0.00
0.00
0.00
0.00
0.00
0.00
0.00
0.00
0.00
0.00
0.00
0.00
0.00
0.00
0.00
0.00
0.00
0.00
0.00
0.00
0.00
0.00
0.00
0.00
0.00
0.00
0.00
0.00
0.00
0.00
0.00
0.00
279.86
0.00
0.00
201.54
0.00
0.00
299.28
0.00
0.00
324.83
0.00
0.00
157.93
0.00
0.00
202.53
0.00
0.00
182.14
0.00
0.00
395.77
0.00
0.00
326.76
0.00
0.00
162.18
0.00
0.00
284.30
0.00
0.00
177.81
0.00
0.00
168.57
0.00
0.00
302.45
0.00
0.00
379.65
0.00
0.00
377.93
0.00
0.00
0.00
0.00
0.00
0.00
0.00
0.00
0.00
0.00
0.00
0.00
0.00
0.00
0.00
0.00
0.00
0.00
0.00
0.00
0.00
0.00
0.00
0.00
0.00
0.00
0.00
0.00
0.00
0.00
0.00
0.00
0.00
0.00
0.00
0.00
0.00
0.00
0.00
0.00
0.00
0.00
0.00
0.00
0.00
0.00
0.00
0.00
0.00
0.00
0.00
0.00
0.00
0.00
0.00
0.00
0.00
0.00
0.00
0.00
0.00
0.00
0.00
0.00
0.00
0.00
0.00
0.00
0.00
0.00
0.00
0.00
0.00
0.00
0.00
81.19
0.00
0.00
120.76
0.00
0.00
131.11
0.00
0.00
63.53
0.00
0.00
81.59
0.00
0.00
73.33
0.00
0.00
159.83
0.00
0.00
131.89
0.00
0.00
65.25
0.00
0.00
114.70
0.00
0.00
71.58
0.00
0.00
67.84
0.00
0.00
122.05
0.00
0.00
153.31
0.00
0.00
152.61
0.00
0.00
0.00
0.00
0.00
0.00
0.00
0.00
0.00
0.00
0.00
0.00
0.00
0.00
0.00
0.00
0.00
0.00
0.00
0.00
0.00
0.00
0.00
0.00
0.00
0.00
0.00
0.00
0.00
0.00
0.00
0.00
0.00
0.00
0.00
0.00
0.00
0.00
0.00
0.00
0.00
0.00
0.00
0.00
0.00
0.00
0.00
0.00
0.00
0.00
0.00
0.00
0.00
0.00
0.00
0.00
0.00
0.00
0.00
0.00
0.00
0.00
0.00
0.00
0.00
0.00
0.00
0.00
0.00
0.00
0.00
0.00
0.00
0.00
0.00
0.00
0.00
0.00
259.43
0.00
0.00
385.89
0.00
0.00
418.94
0.00
0.00
202.99
0.00
0.00
260.71
0.00
0.00
234.33
0.00
0.00
510.72
0.00
0.00
421.44
0.00
0.00
208.50
0.00
0.00
366.49
0.00
0.00
228.72
0.00
0.00
216.77
0.00
0.00
389.98
0.00
0.00
489.87
0.00
0.00
487.64
0.00
0.00
0.00
0.00
0.00
0.00
0.00
0.00
0.00
0.00
0.00
0.00
0.00
0.00
0.00
0.00
0.00
0.00
0.00
0.00
0.00
0.00
0.00
0.00
0.00
0.00
0.00
0.00
0.00
0.00
0.00
0.00
0.00
0.00
0.00
0.00
0.00
0.00
0.00
0.00
0.00
0.00
0.00
0.00
0.00
0.00
0.00
0.00
0.00
0.00
0.00
0.00
0.00
0.00
0.00
0.00
0.00
0.00
0.00
0.00
0.00
0.00
0.00
0.00
0.00
0.00
0.00
0.00
0.00
0.00
0.00
0.00
0.00
0.00
0.00
0.00
0.00
0.00
200.51
0.00
0.00
298.25
0.00
0.00
323.80
0.00
0.00
156.89
0.00
0.00
201.50
0.00
0.00
181.11
0.00
0.00
394.73
0.00
0.00
325.73
0.00
0.00
161.15
0.00
0.00
283.26
0.00
0.00
176.78
0.00
0.00
167.54
0.00
0.00
301.42
0.00
0.00
378.62
0.00
0.00
376.90
0.00
0.00
0.00
0.00
0.00
0.00
0.00
0.00
0.00
0.00
0.00
0.00
0.00
0.00
0.00
0.00
0.00
0.00
0.00
0.00
0.00
0.00
0.00
0.00
0.00
0.00
0.00
0.00
0.00
0.00
0.00
0.00
0.00
0.00
0.00
0.00
0.00
0.00
0.00
0.00
0.00
0.00
0.00
0.00
0.00
0.00
0.00
0.00
0.00
0.00
0.00
0.00
0.00
0.00
0.00
0.00
0.00
0.00
0.00
0.00
0.00
0.00
0.00
0.00
0.00
0.00
0.00
0.00
0.00
0.00
0.00
0.00
0.00
0.00
0.00
0.00
0.00
0.00
89.05
0.00
0.00
99.40
0.00
0.00
31.82
0.00
0.00
49.88
0.00
0.00
41.62
0.00
0.00
128.12
0.00
0.00
100.18
0.00
0.00
33.54
0.00
0.00
82.98
0.00
0.00
39.87
0.00
0.00
36.13
0.00
0.00
90.34
0.00
0.00
121.59
0.00
0.00
120.90
0.00
0.00
0.00
0.00
0.00
0.00
0.00
0.00
0.00
0.00
0.00
0.00
0.00
0.00
0.00
0.00
0.00
0.00
0.00
0.00
0.00
0.00
0.00
0.00
0.00
0.00
0.00
0.00
0.00
0.00
0.00
0.00
0.00
0.00
0.00
0.00
0.00
0.00
0.00
0.00
0.00
0.00
0.00
0.00
0.00
0.00
0.00
0.00
0.00
0.00
0.00
0.00
0.00
0.00
0.00
0.00
0.00
0.00
0.00
0.00
0.00
0.00
0.00
0.00
0.00
0.00
0.00
0.00
0.00
0.00
0.00
0.00
0.00
0.00
0.00
0.00
0.00
0.00
0.00
0.00
0.00
284.56
0.00
0.00
317.61
0.00
0.00
101.66
0.00
0.00
159.38
0.00
0.00
133.00
0.00
0.00
409.39
0.00
0.00
320.11
0.00
0.00
107.17
0.00
0.00
265.17
0.00
0.00
127.40
0.00
0.00
115.44
0.00
0.00
288.66
0.00
0.00
388.54
0.00
0.00
386.31
0.00
0.00
0.00
0.00
0.00
0.00
0.00
0.00
0.00
0.00
0.00
0.00
0.00
0.00
0.00
0.00
0.00
0.00
0.00
0.00
0.00
0.00
0.00
0.00
0.00
0.00
0.00
0.00
0.00
0.00
0.00
0.00
0.00
0.00
0.00
0.00
0.00
0.00
0.00
0.00
0.00
0.00
0.00
0.00
0.00
0.00
0.00
0.00
0.00
0.00
0.00
0.00
0.00
0.00
0.00
0.00
0.00
0.00
0.00
0.00
0.00
0.00
0.00
0.00
0.00
0.00
0.00
0.00
0.00
0.00
0.00
0.00
0.00
0.00
0.00
0.00
0.00
0.00
0.00
0.00
0.00
219.94
0.00
0.00
245.48
0.00
0.00
78.58
0.00
0.00
123.18
0.00
0.00
102.80
0.00
0.00
316.42
0.00
0.00
247.42
0.00
0.00
82.83
0.00
0.00
204.95
0.00
0.00
98.47
0.00
0.00
89.22
0.00
0.00
223.10
0.00
0.00
300.30
0.00
0.00
298.58
0.00
0.00
0.00
0.00
0.00
0.00
0.00
0.00
0.00
0.00
0.00
0.00
0.00
0.00
0.00
0.00
0.00
0.00
0.00
0.00
0.00
0.00
0.00
0.00
0.00
0.00
0.00
0.00
0.00
0.00
0.00
0.00
0.00
0.00
0.00
0.00
0.00
0.00
0.00
0.00
0.00
0.00
0.00
0.00
0.00
0.00
0.00
0.00
0.00
0.00
0.00
0.00
0.00
0.00
0.00
0.00
0.00
0.00
0.00
0.00
0.00
0.00
0.00
0.00
0.00
0.00
0.00
0.00
0.00
0.00
0.00
0.00
0.00
0.00
0.00
0.00
0.00
0.00
0.00
0.00
0.00
138.97
0.00
0.00
71.39
0.00
0.00
89.45
0.00
0.00
81.20
0.00
0.00
167.70
0.00
0.00
139.75
0.00
0.00
73.11
0.00
0.00
122.56
0.00
0.00
79.44
0.00
0.00
75.70
0.00
0.00
129.91
0.00
0.00
161.17
0.00
0.00
160.47
0.00
0.00
0.00
0.00
0.00
0.00
0.00
0.00
0.00
0.00
0.00
0.00
0.00
0.00
0.00
0.00
0.00
0.00
0.00
0.00
0.00
0.00
0.00
0.00
0.00
0.00
0.00
0.00
0.00
0.00
0.00
0.00
0.00
0.00
0.00
0.00
0.00
0.00
0.00
0.00
0.00
0.00
0.00
0.00
0.00
0.00
0.00
0.00
0.00
0.00
0.00
0.00
0.00
0.00
0.00
0.00
0.00
0.00
0.00
0.00
0.00
0.00
0.00
0.00
0.00
0.00
0.00
0.00
0.00
0.00
0.00
0.00
0.00
0.00
0.00
0.00
0.00
0.00
0.00
0.00
0.00
0.00
0.00
0.00
444.07
0.00
0.00
228.12
0.00
0.00
285.84
0.00
0.00
259.46
0.00
0.00
535.85
0.00
0.00
446.57
0.00
0.00
233.63
0.00
0.00
391.63
0.00
0.00
253.86
0.00
0.00
241.90
0.00
0.00
415.12
0.00
0.00
515.00
0.00
0.00
512.77
0.00
0.00
0.00
0.00
0.00
0.00
0.00
0.00
0.00
0.00
0.00
0.00
0.00
0.00
0.00
0.00
0.00
0.00
0.00
0.00
0.00
0.00
0.00
0.00
0.00
0.00
0.00
0.00
0.00
0.00
0.00
0.00
0.00
0.00
0.00
0.00
0.00
0.00
0.00
0.00
0.00
0.00
0.00
0.00
0.00
0.00
0.00
0.00
0.00
0.00
0.00
0.00
0.00
0.00
0.00
0.00
0.00
0.00
0.00
0.00
0.00
0.00
0.00
0.00
0.00
0.00
0.00
0.00
0.00
0.00
0.00
0.00
0.00
0.00
0.00
0.00
0.00
0.00
0.00
0.00
0.00
0.00
0.00
0.00
343.22
0.00
0.00
176.32
0.00
0.00
220.92
0.00
0.00
200.54
0.00
0.00
414.16
0.00
0.00
345.15
0.00
0.00
180.57
0.00
0.00
302.69
0.00
0.00
196.21
0.00
0.00
186.96
0.00
0.00
320.84
0.00
0.00
398.04
0.00
0.00
396.32
0.00
0.00
0.00
0.00
0.00
0.00
0.00
0.00
0.00
0.00
0.00
0.00
0.00
0.00
0.00
0.00
0.00
0.00
0.00
0.00
0.00
0.00
0.00
0.00
0.00
0.00
0.00
0.00
0.00
0.00
0.00
0.00
0.00
0.00
0.00
0.00
0.00
0.00
0.00
0.00
0.00
0.00
0.00
0.00
0.00
0.00
0.00
0.00
0.00
0.00
0.00
0.00
0.00
0.00
0.00
0.00
0.00
0.00
0.00
0.00
0.00
0.00
0.00
0.00
0.00
0.00
0.00
0.00
0.00
0.00
0.00
0.00
0.00
0.00
0.00
0.00
0.00
0.00
0.00
0.00
0.00
0.00
0.00
0.00
81.74
0.00
0.00
99.80
0.00
0.00
91.54
0.00
0.00
178.04
0.00
0.00
150.10
0.00
0.00
83.46
0.00
0.00
132.90
0.00
0.00
89.79
0.00
0.00
86.05
0.00
0.00
140.26
0.00
0.00
171.51
0.00
0.00
170.82
0.00
0.00
0.00
0.00
0.00
0.00
0.00
0.00
0.00
0.00
0.00
0.00
0.00
0.00
0.00
0.00
0.00
0.00
0.00
0.00
0.00
0.00
0.00
0.00
0.00
0.00
0.00
0.00
0.00
0.00
0.00
0.00
0.00
0.00
0.00
0.00
0.00
0.00
0.00
0.00
0.00
0.00
0.00
0.00
0.00
0.00
0.00
0.00
0.00
0.00
0.00
0.00
0.00
0.00
0.00
0.00
0.00
0.00
0.00
0.00
0.00
0.00
0.00
0.00
0.00
0.00
0.00
0.00
0.00
0.00
0.00
0.00
0.00
0.00
0.00
0.00
0.00
0.00
0.00
0.00
0.00
0.00
0.00
0.00
0.00
0.00
0.00
261.18
0.00
0.00
318.89
0.00
0.00
292.51
0.00
0.00
568.90
0.00
0.00
479.62
0.00
0.00
266.68
0.00
0.00
424.68
0.00
0.00
286.91
0.00
0.00
274.95
0.00
0.00
448.17
0.00
0.00
548.05
0.00
0.00
545.83
0.00
0.00
0.00
0.00
0.00
0.00
0.00
0.00
0.00
0.00
0.00
0.00
0.00
0.00
0.00
0.00
0.00
0.00
0.00
0.00
0.00
0.00
0.00
0.00
0.00
0.00
0.00
0.00
0.00
0.00
0.00
0.00
0.00
0.00
0.00
0.00
0.00
0.00
0.00
0.00
0.00
0.00
0.00
0.00
0.00
0.00
0.00
0.00
0.00
0.00
0.00
0.00
0.00
0.00
0.00
0.00
0.00
0.00
0.00
0.00
0.00
0.00
0.00
0.00
0.00
0.00
0.00
0.00
0.00
0.00
0.00
0.00
0.00
0.00
0.00
0.00
0.00
0.00
0.00
0.00
0.00
0.00
0.00
0.00
0.00
0.00
0.00
201.86
0.00
0.00
246.47
0.00
0.00
226.08
0.00
0.00
439.71
0.00
0.00
370.70
0.00
0.00
206.12
0.00
0.00
328.24
0.00
0.00
221.75
0.00
0.00
212.51
0.00
0.00
346.39
0.00
0.00
423.59
0.00
0.00
421.87
0.00
0.00
0.00
0.00
0.00
0.00
0.00
0.00
0.00
0.00
0.00
0.00
0.00
0.00
0.00
0.00
0.00
0.00
0.00
0.00
0.00
0.00
0.00
0.00
0.00
0.00
0.00
0.00
0.00
0.00
0.00
0.00
0.00
0.00
0.00
0.00
0.00
0.00
0.00
0.00
0.00
0.00
0.00
0.00
0.00
0.00
0.00
0.00
0.00
0.00
0.00
0.00
0.00
0.00
0.00
0.00
0.00
0.00
0.00
0.00
0.00
0.00
0.00
0.00
0.00
0.00
0.00
0.00
0.00
0.00
0.00
0.00
0.00
0.00
0.00
0.00
0.00
0.00
0.00
0.00
0.00
0.00
0.00
0.00
0.00
0.00
0.00
32.22
0.00
0.00
23.96
0.00
0.00
110.46
0.00
0.00
82.52
0.00
0.00
15.88
0.00
0.00
65.32
0.00
0.00
22.21
0.00
0.00
18.46
0.00
0.00
72.67
0.00
0.00
103.93
0.00
0.00
103.24
0.00
0.00
0.00
0.00
0.00
0.00
0.00
0.00
0.00
0.00
0.00
0.00
0.00
0.00
0.00
0.00
0.00
0.00
0.00
0.00
0.00
0.00
0.00
0.00
0.00
0.00
0.00
0.00
0.00
0.00
0.00
0.00
0.00
0.00
0.00
0.00
0.00
0.00
0.00
0.00
0.00
0.00
0.00
0.00
0.00
0.00
0.00
0.00
0.00
0.00
0.00
0.00
0.00
0.00
0.00
0.00
0.00
0.00
0.00
0.00
0.00
0.00
0.00
0.00
0.00
0.00
0.00
0.00
0.00
0.00
0.00
0.00
0.00
0.00
0.00
0.00
0.00
0.00
0.00
0.00
0.00
0.00
0.00
0.00
0.00
0.00
0.00
0.00
0.00
0.00
102.94
0.00
0.00
76.56
0.00
0.00
352.96
0.00
0.00
263.68
0.00
0.00
50.74
0.00
0.00
208.73
0.00
0.00
70.96
0.00
0.00
59.00
0.00
0.00
232.22
0.00
0.00
332.11
0.00
0.00
329.88
0.00
0.00
0.00
0.00
0.00
0.00
0.00
0.00
0.00
0.00
0.00
0.00
0.00
0.00
0.00
0.00
0.00
0.00
0.00
0.00
0.00
0.00
0.00
0.00
0.00
0.00
0.00
0.00
0.00
0.00
0.00
0.00
0.00
0.00
0.00
0.00
0.00
0.00
0.00
0.00
0.00
0.00
0.00
0.00
0.00
0.00
0.00
0.00
0.00
0.00
0.00
0.00
0.00
0.00
0.00
0.00
0.00
0.00
0.00
0.00
0.00
0.00
0.00
0.00
0.00
0.00
0.00
0.00
0.00
0.00
0.00
0.00
0.00
0.00
0.00
0.00
0.00
0.00
0.00
0.00
0.00
0.00
0.00
0.00
0.00
0.00
0.00
0.00
0.00
0.00
79.56
0.00
0.00
59.18
0.00
0.00
272.80
0.00
0.00
203.80
0.00
0.00
39.21
0.00
0.00
161.33
0.00
0.00
54.85
0.00
0.00
45.60
0.00
0.00
179.48
0.00
0.00
256.69
0.00
0.00
254.96
0.00
0.00
0.00
0.00
0.00
0.00
0.00
0.00
0.00
0.00
0.00
0.00
0.00
0.00
0.00
0.00
0.00
0.00
0.00
0.00
0.00
0.00
0.00
0.00
0.00
0.00
0.00
0.00
0.00
0.00
0.00
0.00
0.00
0.00
0.00
0.00
0.00
0.00
0.00
0.00
0.00
0.00
0.00
0.00
0.00
0.00
0.00
0.00
0.00
0.00
0.00
0.00
0.00
0.00
0.00
0.00
0.00
0.00
0.00
0.00
0.00
0.00
0.00
0.00
0.00
0.00
0.00
0.00
0.00
0.00
0.00
0.00
0.00
0.00
0.00
0.00
0.00
0.00
0.00
0.00
0.00
0.00
0.00
0.00
0.00
0.00
0.00
0.00
0.00
0.00
42.02
0.00
0.00
128.52
0.00
0.00
100.58
0.00
0.00
33.94
0.00
0.00
83.38
0.00
0.00
40.27
0.00
0.00
36.53
0.00
0.00
90.74
0.00
0.00
121.99
0.00
0.00
121.30
0.00
0.00
0.00
0.00
0.00
0.00
0.00
0.00
0.00
0.00
0.00
0.00
0.00
0.00
0.00
0.00
0.00
0.00
0.00
0.00
0.00
0.00
0.00
0.00
0.00
0.00
0.00
0.00
0.00
0.00
0.00
0.00
0.00
0.00
0.00
0.00
0.00
0.00
0.00
0.00
0.00
0.00
0.00
0.00
0.00
0.00
0.00
0.00
0.00
0.00
0.00
0.00
0.00
0.00
0.00
0.00
0.00
0.00
0.00
0.00
0.00
0.00
0.00
0.00
0.00
0.00
0.00
0.00
0.00
0.00
0.00
0.00
0.00
0.00
0.00
0.00
0.00
0.00
0.00
0.00
0.00
0.00
0.00
0.00
0.00
0.00
0.00
0.00
0.00
0.00
0.00
0.00
0.00
134.28
0.00
0.00
410.67
0.00
0.00
321.39
0.00
0.00
108.45
0.00
0.00
266.45
0.00
0.00
128.68
0.00
0.00
116.72
0.00
0.00
289.94
0.00
0.00
389.82
0.00
0.00
387.59
0.00
0.00
0.00
0.00
0.00
0.00
0.00
0.00
0.00
0.00
0.00
0.00
0.00
0.00
0.00
0.00
0.00
0.00
0.00
0.00
0.00
0.00
0.00
0.00
0.00
0.00
0.00
0.00
0.00
0.00
0.00
0.00
0.00
0.00
0.00
0.00
0.00
0.00
0.00
0.00
0.00
0.00
0.00
0.00
0.00
0.00
0.00
0.00
0.00
0.00
0.00
0.00
0.00
0.00
0.00
0.00
0.00
0.00
0.00
0.00
0.00
0.00
0.00
0.00
0.00
0.00
0.00
0.00
0.00
0.00
0.00
0.00
0.00
0.00
0.00
0.00
0.00
0.00
0.00
0.00
0.00
0.00
0.00
0.00
0.00
0.00
0.00
0.00
0.00
0.00
0.00
0.00
0.00
103.78
0.00
0.00
317.41
0.00
0.00
248.40
0.00
0.00
83.82
0.00
0.00
205.94
0.00
0.00
99.45
0.00
0.00
90.21
0.00
0.00
224.09
0.00
0.00
301.29
0.00
0.00
299.57
0.00
0.00
0.00
0.00
0.00
0.00
0.00
0.00
0.00
0.00
0.00
0.00
0.00
0.00
0.00
0.00
0.00
0.00
0.00
0.00
0.00
0.00
0.00
0.00
0.00
0.00
0.00
0.00
0.00
0.00
0.00
0.00
0.00
0.00
0.00
0.00
0.00
0.00
0.00
0.00
0.00
0.00
0.00
0.00
0.00
0.00
0.00
0.00
0.00
0.00
0.00
0.00
0.00
0.00
0.00
0.00
0.00
0.00
0.00
0.00
0.00
0.00
0.00
0.00
0.00
0.00
0.00
0.00
0.00
0.00
0.00
0.00
0.00
0.00
0.00
0.00
0.00
0.00
0.00
0.00
0.00
0.00
0.00
0.00
0.00
0.00
0.00
0.00
0.00
0.00
0.00
0.00
0.00
120.26
0.00
0.00
92.32
0.00
0.00
25.68
0.00
0.00
75.13
0.00
0.00
32.01
0.00
0.00
28.27
0.00
0.00
82.48
0.00
0.00
113.74
0.00
0.00
113.04
0.00
0.00
0.00
0.00
0.00
0.00
0.00
0.00
0.00
0.00
0.00
0.00
0.00
0.00
0.00
0.00
0.00
0.00
0.00
0.00
0.00
0.00
0.00
0.00
0.00
0.00
0.00
0.00
0.00
0.00
0.00
0.00
0.00
0.00
0.00
0.00
0.00
0.00
0.00
0.00
0.00
0.00
0.00
0.00
0.00
0.00
0.00
0.00
0.00
0.00
0.00
0.00
0.00
0.00
0.00
0.00
0.00
0.00
0.00
0.00
0.00
0.00
0.00
0.00
0.00
0.00
0.00
0.00
0.00
0.00
0.00
0.00
0.00
0.00
0.00
0.00
0.00
0.00
0.00
0.00
0.00
0.00
0.00
0.00
0.00
0.00
0.00
0.00
0.00
0.00
0.00
0.00
0.00
0.00
0.00
0.00
384.29
0.00
0.00
295.01
0.00
0.00
82.07
0.00
0.00
240.07
0.00
0.00
102.30
0.00
0.00
90.34
0.00
0.00
263.56
0.00
0.00
363.44
0.00
0.00
361.21
0.00
0.00
0.00
0.00
0.00
0.00
0.00
0.00
0.00
0.00
0.00
0.00
0.00
0.00
0.00
0.00
0.00
0.00
0.00
0.00
0.00
0.00
0.00
0.00
0.00
0.00
0.00
0.00
0.00
0.00
0.00
0.00
0.00
0.00
0.00
0.00
0.00
0.00
0.00
0.00
0.00
0.00
0.00
0.00
0.00
0.00
0.00
0.00
0.00
0.00
0.00
0.00
0.00
0.00
0.00
0.00
0.00
0.00
0.00
0.00
0.00
0.00
0.00
0.00
0.00
0.00
0.00
0.00
0.00
0.00
0.00
0.00
0.00
0.00
0.00
0.00
0.00
0.00
0.00
0.00
0.00
0.00
0.00
0.00
0.00
0.00
0.00
0.00
0.00
0.00
0.00
0.00
0.00
0.00
0.00
0.00
297.02
0.00
0.00
228.02
0.00
0.00
63.43
0.00
0.00
185.55
0.00
0.00
79.07
0.00
0.00
69.82
0.00
0.00
203.70
0.00
0.00
280.90
0.00
0.00
279.18
0.00
0.00
0.00
0.00
0.00
0.00
0.00
0.00
0.00
0.00
0.00
0.00
0.00
0.00
0.00
0.00
0.00
0.00
0.00
0.00
0.00
0.00
0.00
0.00
0.00
0.00
0.00
0.00
0.00
0.00
0.00
0.00
0.00
0.00
0.00
0.00
0.00
0.00
0.00
0.00
0.00
0.00
0.00
0.00
0.00
0.00
0.00
0.00
0.00
0.00
0.00
0.00
0.00
0.00
0.00
0.00
0.00
0.00
0.00
0.00
0.00
0.00
0.00
0.00
0.00
0.00
0.00
0.00
0.00
0.00
0.00
0.00
0.00
0.00
0.00
0.00
0.00
0.00
0.00
0.00
0.00
0.00
0.00
0.00
0.00
0.00
0.00
0.00
0.00
0.00
0.00
0.00
0.00
0.00
0.00
0.00
178.82
0.00
0.00
112.18
0.00
0.00
161.63
0.00
0.00
118.51
0.00
0.00
114.77
0.00
0.00
168.98
0.00
0.00
200.24
0.00
0.00
199.54
0.00
0.00
0.00
0.00
0.00
0.00
0.00
0.00
0.00
0.00
0.00
0.00
0.00
0.00
0.00
0.00
0.00
0.00
0.00
0.00
0.00
0.00
0.00
0.00
0.00
0.00
0.00
0.00
0.00
0.00
0.00
0.00
0.00
0.00
0.00
0.00
0.00
0.00
0.00
0.00
0.00
0.00
0.00
0.00
0.00
0.00
0.00
0.00
0.00
0.00
0.00
0.00
0.00
0.00
0.00
0.00
0.00
0.00
0.00
0.00
0.00
0.00
0.00
0.00
0.00
0.00
0.00
0.00
0.00
0.00
0.00
0.00
0.00
0.00
0.00
0.00
0.00
0.00
0.00
0.00
0.00
0.00
0.00
0.00
0.00
0.00
0.00
0.00
0.00
0.00
0.00
0.00
0.00
0.00
0.00
0.00
0.00
0.00
0.00
571.40
0.00
0.00
358.46
0.00
0.00
516.46
0.00
0.00
378.69
0.00
0.00
366.73
0.00
0.00
539.95
0.00
0.00
639.83
0.00
0.00
637.60
0.00
0.00
0.00
0.00
0.00
0.00
0.00
0.00
0.00
0.00
0.00
0.00
0.00
0.00
0.00
0.00
0.00
0.00
0.00
0.00
0.00
0.00
0.00
0.00
0.00
0.00
0.00
0.00
0.00
0.00
0.00
0.00
0.00
0.00
0.00
0.00
0.00
0.00
0.00
0.00
0.00
0.00
0.00
0.00
0.00
0.00
0.00
0.00
0.00
0.00
0.00
0.00
0.00
0.00
0.00
0.00
0.00
0.00
0.00
0.00
0.00
0.00
0.00
0.00
0.00
0.00
0.00
0.00
0.00
0.00
0.00
0.00
0.00
0.00
0.00
0.00
0.00
0.00
0.00
0.00
0.00
0.00
0.00
0.00
0.00
0.00
0.00
0.00
0.00
0.00
0.00
0.00
0.00
0.00
0.00
0.00
0.00
0.00
0.00
441.64
0.00
0.00
277.06
0.00
0.00
399.17
0.00
0.00
292.69
0.00
0.00
283.45
0.00
0.00
417.33
0.00
0.00
494.53
0.00
0.00
492.81
0.00
0.00
0.00
0.00
0.00
0.00
0.00
0.00
0.00
0.00
0.00
0.00
0.00
0.00
0.00
0.00
0.00
0.00
0.00
0.00
0.00
0.00
0.00
0.00
0.00
0.00
0.00
0.00
0.00
0.00
0.00
0.00
0.00
0.00
0.00
0.00
0.00
0.00
0.00
0.00
0.00
0.00
0.00
0.00
0.00
0.00
0.00
0.00
0.00
0.00
0.00
0.00
0.00
0.00
0.00
0.00
0.00
0.00
0.00
0.00
0.00
0.00
0.00
0.00
0.00
0.00
0.00
0.00
0.00
0.00
0.00
0.00
0.00
0.00
0.00
0.00
0.00
0.00
0.00
0.00
0.00
0.00
0.00
0.00
0.00
0.00
0.00
0.00
0.00
0.00
0.00
0.00
0.00
0.00
0.00
0.00
0.00
0.00
0.00
84.24
0.00
0.00
133.69
0.00
0.00
90.57
0.00
0.00
86.83
0.00
0.00
141.04
0.00
0.00
172.30
0.00
0.00
171.60
0.00
0.00
0.00
0.00
0.00
0.00
0.00
0.00
0.00
0.00
0.00
0.00
0.00
0.00
0.00
0.00
0.00
0.00
0.00
0.00
0.00
0.00
0.00
0.00
0.00
0.00
0.00
0.00
0.00
0.00
0.00
0.00
0.00
0.00
0.00
0.00
0.00
0.00
0.00
0.00
0.00
0.00
0.00
0.00
0.00
0.00
0.00
0.00
0.00
0.00
0.00
0.00
0.00
0.00
0.00
0.00
0.00
0.00
0.00
0.00
0.00
0.00
0.00
0.00
0.00
0.00
0.00
0.00
0.00
0.00
0.00
0.00
0.00
0.00
0.00
0.00
0.00
0.00
0.00
0.00
0.00
0.00
0.00
0.00
0.00
0.00
0.00
0.00
0.00
0.00
0.00
0.00
0.00
0.00
0.00
0.00
0.00
0.00
0.00
0.00
0.00
0.00
269.18
0.00
0.00
427.18
0.00
0.00
289.41
0.00
0.00
277.45
0.00
0.00
450.67
0.00
0.00
550.55
0.00
0.00
548.32
0.00
0.00
0.00
0.00
0.00
0.00
0.00
0.00
0.00
0.00
0.00
0.00
0.00
0.00
0.00
0.00
0.00
0.00
0.00
0.00
0.00
0.00
0.00
0.00
0.00
0.00
0.00
0.00
0.00
0.00
0.00
0.00
0.00
0.00
0.00
0.00
0.00
0.00
0.00
0.00
0.00
0.00
0.00
0.00
0.00
0.00
0.00
0.00
0.00
0.00
0.00
0.00
0.00
0.00
0.00
0.00
0.00
0.00
0.00
0.00
0.00
0.00
0.00
0.00
0.00
0.00
0.00
0.00
0.00
0.00
0.00
0.00
0.00
0.00
0.00
0.00
0.00
0.00
0.00
0.00
0.00
0.00
0.00
0.00
0.00
0.00
0.00
0.00
0.00
0.00
0.00
0.00
0.00
0.00
0.00
0.00
0.00
0.00
0.00
0.00
0.00
0.00
208.05
0.00
0.00
330.17
0.00
0.00
223.68
0.00
0.00
214.44
0.00
0.00
348.32
0.00
0.00
425.52
0.00
0.00
423.80
0.00
0.00
0.00
0.00
0.00
0.00
0.00
0.00
0.00
0.00
0.00
0.00
0.00
0.00
0.00
0.00
0.00
0.00
0.00
0.00
0.00
0.00
0.00
0.00
0.00
0.00
0.00
0.00
0.00
0.00
0.00
0.00
0.00
0.00
0.00
0.00
0.00
0.00
0.00
0.00
0.00
0.00
0.00
0.00
0.00
0.00
0.00
0.00
0.00
0.00
0.00
0.00
0.00
0.00
0.00
0.00
0.00
0.00
0.00
0.00
0.00
0.00
0.00
0.00
0.00
0.00
0.00
0.00
0.00
0.00
0.00
0.00
0.00
0.00
0.00
0.00
0.00
0.00
0.00
0.00
0.00
0.00
0.00
0.00
0.00
0.00
0.00
0.00
0.00
0.00
0.00
0.00
0.00
0.00
0.00
0.00
0.00
0.00
0.00
0.00
0.00
0.00
67.05
0.00
0.00
23.93
0.00
0.00
20.19
0.00
0.00
74.40
0.00
0.00
105.66
0.00
0.00
104.96
0.00
0.00
0.00
0.00
0.00
0.00
0.00
0.00
0.00
0.00
0.00
0.00
0.00
0.00
0.00
0.00
0.00
0.00
0.00
0.00
0.00
0.00
0.00
0.00
0.00
0.00
0.00
0.00
0.00
0.00
0.00
0.00
0.00
0.00
0.00
0.00
0.00
0.00
0.00
0.00
0.00
0.00
0.00
0.00
0.00
0.00
0.00
0.00
0.00
0.00
0.00
0.00
0.00
0.00
0.00
0.00
0.00
0.00
0.00
0.00
0.00
0.00
0.00
0.00
0.00
0.00
0.00
0.00
0.00
0.00
0.00
0.00
0.00
0.00
0.00
0.00
0.00
0.00
0.00
0.00
0.00
0.00
0.00
0.00
0.00
0.00
0.00
0.00
0.00
0.00
0.00
0.00
0.00
0.00
0.00
0.00
0.00
0.00
0.00
0.00
0.00
0.00
0.00
0.00
0.00
214.24
0.00
0.00
76.47
0.00
0.00
64.51
0.00
0.00
237.73
0.00
0.00
337.61
0.00
0.00
335.38
0.00
0.00
0.00
0.00
0.00
0.00
0.00
0.00
0.00
0.00
0.00
0.00
0.00
0.00
0.00
0.00
0.00
0.00
0.00
0.00
0.00
0.00
0.00
0.00
0.00
0.00
0.00
0.00
0.00
0.00
0.00
0.00
0.00
0.00
0.00
0.00
0.00
0.00
0.00
0.00
0.00
0.00
0.00
0.00
0.00
0.00
0.00
0.00
0.00
0.00
0.00
0.00
0.00
0.00
0.00
0.00
0.00
0.00
0.00
0.00
0.00
0.00
0.00
0.00
0.00
0.00
0.00
0.00
0.00
0.00
0.00
0.00
0.00
0.00
0.00
0.00
0.00
0.00
0.00
0.00
0.00
0.00
0.00
0.00
0.00
0.00
0.00
0.00
0.00
0.00
0.00
0.00
0.00
0.00
0.00
0.00
0.00
0.00
0.00
0.00
0.00
0.00
0.00
0.00
0.00
165.59
0.00
0.00
59.10
0.00
0.00
49.86
0.00
0.00
183.74
0.00
0.00
260.94
0.00
0.00
259.22
0.00
0.00
0.00
0.00
0.00
0.00
0.00
0.00
0.00
0.00
0.00
0.00
0.00
0.00
0.00
0.00
0.00
0.00
0.00
0.00
0.00
0.00
0.00
0.00
0.00
0.00
0.00
0.00
0.00
0.00
0.00
0.00
0.00
0.00
0.00
0.00
0.00
0.00
0.00
0.00
0.00
0.00
0.00
0.00
0.00
0.00
0.00
0.00
0.00
0.00
0.00
0.00
0.00
0.00
0.00
0.00
0.00
0.00
0.00
0.00
0.00
0.00
0.00
0.00
0.00
0.00
0.00
0.00
0.00
0.00
0.00
0.00
0.00
0.00
0.00
0.00
0.00
0.00
0.00
0.00
0.00
0.00
0.00
0.00
0.00
0.00
0.00
0.00
0.00
0.00
0.00
0.00
0.00
0.00
0.00
0.00
0.00
0.00
0.00
0.00
0.00
0.00
0.00
0.00
0.00
73.38
0.00
0.00
69.63
0.00
0.00
123.84
0.00
0.00
155.10
0.00
0.00
154.40
0.00
0.00
0.00
0.00
0.00
0.00
0.00
0.00
0.00
0.00
0.00
0.00
0.00
0.00
0.00
0.00
0.00
0.00
0.00
0.00
0.00
0.00
0.00
0.00
0.00
0.00
0.00
0.00
0.00
0.00
0.00
0.00
0.00
0.00
0.00
0.00
0.00
0.00
0.00
0.00
0.00
0.00
0.00
0.00
0.00
0.00
0.00
0.00
0.00
0.00
0.00
0.00
0.00
0.00
0.00
0.00
0.00
0.00
0.00
0.00
0.00
0.00
0.00
0.00
0.00
0.00
0.00
0.00
0.00
0.00
0.00
0.00
0.00
0.00
0.00
0.00
0.00
0.00
0.00
0.00
0.00
0.00
0.00
0.00
0.00
0.00
0.00
0.00
0.00
0.00
0.00
0.00
0.00
0.00
0.00
0.00
0.00
0.00
0.00
0.00
0.00
0.00
0.00
0.00
0.00
0.00
0.00
0.00
234.47
0.00
0.00
222.51
0.00
0.00
395.73
0.00
0.00
495.61
0.00
0.00
493.38
0.00
0.00
0.00
0.00
0.00
0.00
0.00
0.00
0.00
0.00
0.00
0.00
0.00
0.00
0.00
0.00
0.00
0.00
0.00
0.00
0.00
0.00
0.00
0.00
0.00
0.00
0.00
0.00
0.00
0.00
0.00
0.00
0.00
0.00
0.00
0.00
0.00
0.00
0.00
0.00
0.00
0.00
0.00
0.00
0.00
0.00
0.00
0.00
0.00
0.00
0.00
0.00
0.00
0.00
0.00
0.00
0.00
0.00
0.00
0.00
0.00
0.00
0.00
0.00
0.00
0.00
0.00
0.00
0.00
0.00
0.00
0.00
0.00
0.00
0.00
0.00
0.00
0.00
0.00
0.00
0.00
0.00
0.00
0.00
0.00
0.00
0.00
0.00
0.00
0.00
0.00
0.00
0.00
0.00
0.00
0.00
0.00
0.00
0.00
0.00
0.00
0.00
0.00
0.00
0.00
0.00
0.00
0.00
181.22
0.00
0.00
171.98
0.00
0.00
305.86
0.00
0.00
383.06
0.00
0.00
381.34
0.00
0.00
0.00
0.00
0.00
0.00
0.00
0.00
0.00
0.00
0.00
0.00
0.00
0.00
0.00
0.00
0.00
0.00
0.00
0.00
0.00
0.00
0.00
0.00
0.00
0.00
0.00
0.00
0.00
0.00
0.00
0.00
0.00
0.00
0.00
0.00
0.00
0.00
0.00
0.00
0.00
0.00
0.00
0.00
0.00
0.00
0.00
0.00
0.00
0.00
0.00
0.00
0.00
0.00
0.00
0.00
0.00
0.00
0.00
0.00
0.00
0.00
0.00
0.00
0.00
0.00
0.00
0.00
0.00
0.00
0.00
0.00
0.00
0.00
0.00
0.00
0.00
0.00
0.00
0.00
0.00
0.00
0.00
0.00
0.00
0.00
0.00
0.00
0.00
0.00
0.00
0.00
0.00
0.00
0.00
0.00
0.00
0.00
0.00
0.00
0.00
0.00
0.00
0.00
0.00
0.00
0.00
0.00
26.52
0.00
0.00
80.73
0.00
0.00
111.99
0.00
0.00
111.29
0.00
0.00
0.00
0.00
0.00
0.00
0.00
0.00
0.00
0.00
0.00
0.00
0.00
0.00
0.00
0.00
0.00
0.00
0.00
0.00
0.00
0.00
0.00
0.00
0.00
0.00
0.00
0.00
0.00
0.00
0.00
0.00
0.00
0.00
0.00
0.00
0.00
0.00
0.00
0.00
0.00
0.00
0.00
0.00
0.00
0.00
0.00
0.00
0.00
0.00
0.00
0.00
0.00
0.00
0.00
0.00
0.00
0.00
0.00
0.00
0.00
0.00
0.00
0.00
0.00
0.00
0.00
0.00
0.00
0.00
0.00
0.00
0.00
0.00
0.00
0.00
0.00
0.00
0.00
0.00
0.00
0.00
0.00
0.00
0.00
0.00
0.00
0.00
0.00
0.00
0.00
0.00
0.00
0.00
0.00
0.00
0.00
0.00
0.00
0.00
0.00
0.00
0.00
0.00
0.00
0.00
0.00
0.00
0.00
0.00
0.00
84.74
0.00
0.00
257.95
0.00
0.00
357.84
0.00
0.00
355.61
0.00
0.00
0.00
0.00
0.00
0.00
0.00
0.00
0.00
0.00
0.00
0.00
0.00
0.00
0.00
0.00
0.00
0.00
0.00
0.00
0.00
0.00
0.00
0.00
0.00
0.00
0.00
0.00
0.00
0.00
0.00
0.00
0.00
0.00
0.00
0.00
0.00
0.00
0.00
0.00
0.00
0.00
0.00
0.00
0.00
0.00
0.00
0.00
0.00
0.00
0.00
0.00
0.00
0.00
0.00
0.00
0.00
0.00
0.00
0.00
0.00
0.00
0.00
0.00
0.00
0.00
0.00
0.00
0.00
0.00
0.00
0.00
0.00
0.00
0.00
0.00
0.00
0.00
0.00
0.00
0.00
0.00
0.00
0.00
0.00
0.00
0.00
0.00
0.00
0.00
0.00
0.00
0.00
0.00
0.00
0.00
0.00
0.00
0.00
0.00
0.00
0.00
0.00
0.00
0.00
0.00
0.00
0.00
0.00
0.00
0.00
65.49
0.00
0.00
199.37
0.00
0.00
276.57
0.00
0.00
274.85
0.00
0.00
0.00
0.00
0.00
0.00
0.00
0.00
0.00
0.00
0.00
0.00
0.00
0.00
0.00
0.00
0.00
0.00
0.00
0.00
0.00
0.00
0.00
0.00
0.00
0.00
0.00
0.00
0.00
0.00
0.00
0.00
0.00
0.00
0.00
0.00
0.00
0.00
0.00
0.00
0.00
0.00
0.00
0.00
0.00
0.00
0.00
0.00
0.00
0.00
0.00
0.00
0.00
0.00
0.00
0.00
0.00
0.00
0.00
0.00
0.00
0.00
0.00
0.00
0.00
0.00
0.00
0.00
0.00
0.00
0.00
0.00
0.00
0.00
0.00
0.00
0.00
0.00
0.00
0.00
0.00
0.00
0.00
0.00
0.00
0.00
0.00
0.00
0.00
0.00
0.00
0.00
0.00
0.00
0.00
0.00
0.00
0.00
0.00
0.00
0.00
0.00
0.00
0.00
0.00
0.00
0.00
0.00
0.00
0.00
0.00
76.98
0.00
0.00
108.24
0.00
0.00
107.55
0.00
0.00
0.00
0.00
0.00
0.00
0.00
0.00
0.00
0.00
0.00
0.00
0.00
0.00
0.00
0.00
0.00
0.00
0.00
0.00
0.00
0.00
0.00
0.00
0.00
0.00
0.00
0.00
0.00
0.00
0.00
0.00
0.00
0.00
0.00
0.00
0.00
0.00
0.00
0.00
0.00
0.00
0.00
0.00
0.00
0.00
0.00
0.00
0.00
0.00
0.00
0.00
0.00
0.00
0.00
0.00
0.00
0.00
0.00
0.00
0.00
0.00
0.00
0.00
0.00
0.00
0.00
0.00
0.00
0.00
0.00
0.00
0.00
0.00
0.00
0.00
0.00
0.00
0.00
0.00
0.00
0.00
0.00
0.00
0.00
0.00
0.00
0.00
0.00
0.00
0.00
0.00
0.00
0.00
0.00
0.00
0.00
0.00
0.00
0.00
0.00
0.00
0.00
0.00
0.00
0.00
0.00
0.00
0.00
0.00
0.00
0.00
0.00
0.00
246.00
0.00
0.00
345.88
0.00
0.00
343.65
0.00
0.00
0.00
0.00
0.00
0.00
0.00
0.00
0.00
0.00
0.00
0.00
0.00
0.00
0.00
0.00
0.00
0.00
0.00
0.00
0.00
0.00
0.00
0.00
0.00
0.00
0.00
0.00
0.00
0.00
0.00
0.00
0.00
0.00
0.00
0.00
0.00
0.00
0.00
0.00
0.00
0.00
0.00
0.00
0.00
0.00
0.00
0.00
0.00
0.00
0.00
0.00
0.00
0.00
0.00
0.00
0.00
0.00
0.00
0.00
0.00
0.00
0.00
0.00
0.00
0.00
0.00
0.00
0.00
0.00
0.00
0.00
0.00
0.00
0.00
0.00
0.00
0.00
0.00
0.00
0.00
0.00
0.00
0.00
0.00
0.00
0.00
0.00
0.00
0.00
0.00
0.00
0.00
0.00
0.00
0.00
0.00
0.00
0.00
0.00
0.00
0.00
0.00
0.00
0.00
0.00
0.00
0.00
0.00
0.00
0.00
0.00
0.00
0.00
190.13
0.00
0.00
267.33
0.00
0.00
265.61
0.00
0.00
0.00
0.00
0.00
0.00
0.00
0.00
0.00
0.00
0.00
0.00
0.00
0.00
0.00
0.00
0.00
0.00
0.00
0.00
0.00
0.00
0.00
0.00
0.00
0.00
0.00
0.00
0.00
0.00
0.00
0.00
0.00
0.00
0.00
0.00
0.00
0.00
0.00
0.00
0.00
0.00
0.00
0.00
0.00
0.00
0.00
0.00
0.00
0.00
0.00
0.00
0.00
0.00
0.00
0.00
0.00
0.00
0.00
0.00
0.00
0.00
0.00
0.00
0.00
0.00
0.00
0.00
0.00
0.00
0.00
0.00
0.00
0.00
0.00
0.00
0.00
0.00
0.00
0.00
0.00
0.00
0.00
0.00
0.00
0.00
0.00
0.00
0.00
0.00
0.00
0.00
0.00
0.00
0.00
0.00
0.00
0.00
0.00
0.00
0.00
0.00
0.00
0.00
0.00
0.00
0.00
0.00
0.00
0.00
0.00
0.00
0.00
0.00
162.45
0.00
0.00
161.76
0.00
0.00
0.00
0.00
0.00
0.00
0.00
0.00
0.00
0.00
0.00
0.00
0.00
0.00
0.00
0.00
0.00
0.00
0.00
0.00
0.00
0.00
0.00
0.00
0.00
0.00
0.00
0.00
0.00
0.00
0.00
0.00
0.00
0.00
0.00
0.00
0.00
0.00
0.00
0.00
0.00
0.00
0.00
0.00
0.00
0.00
0.00
0.00
0.00
0.00
0.00
0.00
0.00
0.00
0.00
0.00
0.00
0.00
0.00
0.00
0.00
0.00
0.00
0.00
0.00
0.00
0.00
0.00
0.00
0.00
0.00
0.00
0.00
0.00
0.00
0.00
0.00
0.00
0.00
0.00
0.00
0.00
0.00
0.00
0.00
0.00
0.00
0.00
0.00
0.00
0.00
0.00
0.00
0.00
0.00
0.00
0.00
0.00
0.00
0.00
0.00
0.00
0.00
0.00
0.00
0.00
0.00
0.00
0.00
0.00
0.00
0.00
0.00
0.00
0.00
0.00
0.00
519.10
0.00
0.00
516.87
0.00
0.00
0.00
0.00
0.00
0.00
0.00
0.00
0.00
0.00
0.00
0.00
0.00
0.00
0.00
0.00
0.00
0.00
0.00
0.00
0.00
0.00
0.00
0.00
0.00
0.00
0.00
0.00
0.00
0.00
0.00
0.00
0.00
0.00
0.00
0.00
0.00
0.00
0.00
0.00
0.00
0.00
0.00
0.00
0.00
0.00
0.00
0.00
0.00
0.00
0.00
0.00
0.00
0.00
0.00
0.00
0.00
0.00
0.00
0.00
0.00
0.00
0.00
0.00
0.00
0.00
0.00
0.00
0.00
0.00
0.00
0.00
0.00
0.00
0.00
0.00
0.00
0.00
0.00
0.00
0.00
0.00
0.00
0.00
0.00
0.00
0.00
0.00
0.00
0.00
0.00
0.00
0.00
0.00
0.00
0.00
0.00
0.00
0.00
0.00
0.00
0.00
0.00
0.00
0.00
0.00
0.00
0.00
0.00
0.00
0.00
0.00
0.00
0.00
0.00
0.00
0.00
401.21
0.00
0.00
399.49
0.00
0.00
0.00
0.00
0.00
0.00
0.00
0.00
0.00
0.00
0.00
0.00
0.00
0.00
0.00
0.00
0.00
0.00
0.00
0.00
0.00
0.00
0.00
0.00
0.00
0.00
0.00
0.00
0.00
0.00
0.00
0.00
0.00
0.00
0.00
0.00
0.00
0.00
0.00
0.00
0.00
0.00
0.00
0.00
0.00
0.00
0.00
0.00
0.00
0.00
0.00
0.00
0.00
0.00
0.00
0.00
0.00
0.00
0.00
0.00
0.00
0.00
0.00
0.00
0.00
0.00
0.00
0.00
0.00
0.00
0.00
0.00
0.00
0.00
0.00
0.00
0.00
0.00
0.00
0.00
0.00
0.00
0.00
0.00
0.00
0.00
0.00
0.00
0.00
0.00
0.00
0.00
0.00
0.00
0.00
0.00
0.00
0.00
0.00
0.00
0.00
0.00
0.00
0.00
0.00
0.00
0.00
0.00
0.00
0.00
0.00
0.00
0.00
0.00
0.00
0.00
0.00
193.01
0.00
0.00
0.00
0.00
0.00
0.00
0.00
0.00
0.00
0.00
0.00
0.00
0.00
0.00
0.00
0.00
0.00
0.00
0.00
0.00
0.00
0.00
0.00
0.00
0.00
0.00
0.00
0.00
0.00
0.00
0.00
0.00
0.00
0.00
0.00
0.00
0.00
0.00
0.00
0.00
0.00
0.00
0.00
0.00
0.00
0.00
0.00
0.00
0.00
0.00
0.00
0.00
0.00
0.00
0.00
0.00
0.00
0.00
0.00
0.00
0.00
0.00
0.00
0.00
0.00
0.00
0.00
0.00
0.00
0.00
0.00
0.00
0.00
0.00
0.00
0.00
0.00
0.00
0.00
0.00
0.00
0.00
0.00
0.00
0.00
0.00
0.00
0.00
0.00
0.00
0.00
0.00
0.00
0.00
0.00
0.00
0.00
0.00
0.00
0.00
0.00
0.00
0.00
0.00
0.00
0.00
0.00
0.00
0.00
0.00
0.00
0.00
0.00
0.00
0.00
0.00
0.00
0.00
0.00
0.00
616.75
0.00
0.00
0.00
0.00
0.00
0.00
0.00
0.00
0.00
0.00
0.00
0.00
0.00
0.00
0.00
0.00
0.00
0.00
0.00
0.00
0.00
0.00
0.00
0.00
0.00
0.00
0.00
0.00
0.00
0.00
0.00
0.00
0.00
0.00
0.00
0.00
0.00
0.00
0.00
0.00
0.00
0.00
0.00
0.00
0.00
0.00
0.00
0.00
0.00
0.00
0.00
0.00
0.00
0.00
0.00
0.00
0.00
0.00
0.00
0.00
0.00
0.00
0.00
0.00
0.00
0.00
0.00
0.00
0.00
0.00
0.00
0.00
0.00
0.00
0.00
0.00
0.00
0.00
0.00
0.00
0.00
0.00
0.00
0.00
0.00
0.00
0.00
0.00
0.00
0.00
0.00
0.00
0.00
0.00
0.00
0.00
0.00
0.00
0.00
0.00
0.00
0.00
0.00
0.00
0.00
0.00
0.00
0.00
0.00
0.00
0.00
0.00
0.00
0.00
0.00
0.00
0.00
0.00
0.00
0.00
476.69
0.00
0.00
0.00
0.00
0.00
0.00
0.00
0.00
0.00
0.00
0.00
0.00
0.00
0.00
0.00
0.00
0.00
0.00
0.00
0.00
0.00
0.00
0.00
0.00
0.00
0.00
0.00
0.00
0.00
0.00
0.00
0.00
0.00
0.00
0.00
0.00
0.00
0.00
0.00
0.00
0.00
0.00
0.00
0.00
0.00
0.00
0.00
0.00
0.00
0.00
0.00
0.00
0.00
0.00
0.00
0.00
0.00
0.00
0.00
0.00
0.00
0.00
0.00
0.00
0.00
0.00
0.00
0.00
0.00
0.00
0.00
0.00
0.00
0.00
0.00
0.00
0.00
0.00
0.00
0.00
0.00
0.00
0.00
0.00
0.00
0.00
0.00
0.00
0.00
0.00
0.00
0.00
0.00
0.00
0.00
0.00
0.00
0.00
0.00
0.00
0.00
0.00
0.00
0.00
0.00
0.00
0.00
0.00
0.00
0.00
0.00
0.00
0.00
0.00
0.00
0.00
0.00
0.00
0.00
0.00
0.00
0.00
0.00
0.00
0.00
0.00
0.00
0.00
0.00
0.00
0.00
0.00
0.00
0.00
0.00
0.00
0.00
0.00
0.00
0.00
0.00
0.00
0.00
0.00
0.00
0.00
0.00
0.00
0.00
0.00
0.00
0.00
0.00
0.00
0.00
0.00
0.00
0.00
0.00
0.00
0.00
0.00
0.00
0.00
0.00
0.00
0.00
0.00
0.00
0.00
0.00
0.00
0.00
0.00
0.00
0.00
0.00
0.00
0.00
0.00
0.00
0.00
0.00
0.00
0.00
0.00
0.00
0.00
0.00
0.00
0.00
0.00
0.00
0.00
0.00
0.00
0.00
0.00
0.00
0.00
0.00
0.00
0.00
0.00
0.00
0.00
0.00
0.00
0.00
0.00
0.00
0.00
0.00
0.00
0.00
0.00
0.00
0.00
0.00
0.00
0.00
0.00
0.00
0.00
0.00
0.00
0.00
0.00
0.00
0.00
0.00
0.00
0.00
0.00
0.00
0.00
0.00
0.00
0.00
0.00
0.00
0.00
0.00
0.00
0.00
0.00
0.00
0.00
0.00
0.00
0.00
0.00
0.00
0.00
0.00
0.00
0.00
0.00
0.00
0.00
0.00
0.00
0.00
0.00
0.00
0.00
0.00
0.00
0.00
0.00
0.00
0.00
0.00
0.00
0.00
0.00
0.00
0.00
0.00
0.00
0.00
0.00
0.00
0.00
0.00
0.00
0.00
0.00
0.00
0.00
0.00
0.00
0.00
0.00
0.00
0.00
0.00
0.00
0.00
0.00
0.00
0.00
0.00
0.00
0.00
0.00
0.00
0.00
0.00
0.00
0.00
0.00
0.00
0.00
0.00
0.00
0.00
0.00
0.00
0.00
0.00
0.00
0.00
0.00
0.00
0.00
0.00
0.00
0.00
0.00
0.00
0.00
0.00
0.00
0.00
0.00
0.00
0.00
0.00
0.00
0.00
0.00
0.00
0.00
0.00
0.00
0.00
0.00
0.00
0.00
0.00
0.00
0.00
0.00
0.00
0.00
0.00
0.00
0.00
0.00
