368.59
48.62
95.38
140.53
342.73
362.97
278.88
36.79
72.17
106.33
259.31
274.63
339.09
44.73
87.75
129.28
315.30
333.93
259.41
34.22
67.13
98.90
241.21
255.46
250.23
33.01
64.75
95.40
232.67
246.42
516.96
68.19
133.77
197.09
480.69
509.09
535.29
70.61
138.52
204.08
497.73
527.13
464.53
61.27
120.21
177.10
431.93
457.45
321.36
42.39
83.16
122.52
298.81
316.47
110.47
14.57
28.59
42.12
102.72
108.79
142.64
18.81
36.91
54.38
132.63
140.47
36.11
4.76
9.34
13.77
33.57
35.56
351.72
46.39
91.02
134.10
327.04
346.36
390.76
51.54
101.12
148.98
363.34
384.80
190.86
25.17
49.39
72.76
177.47
187.95
517.87
68.31
134.01
197.44
481.54
509.99
323.75
42.70
83.78
123.43
301.03
318.81
540.69
71.32
139.91
206.14
502.75
532.45
