95.38
140.53
342.73
362.97
72.17
106.33
259.31
274.63
87.75
129.28
315.30
333.93
67.13
98.90
241.21
255.46
64.75
95.40
232.67
246.42
133.77
197.09
480.69
509.09
138.52
204.08
497.73
527.13
120.21
177.10
431.93
457.45
83.16
122.52
298.81
316.47
28.59
42.12
102.72
108.79
36.91
54.38
132.63
140.47
9.34
13.77
33.57
35.56
91.02
134.10
327.04
346.36
101.12
148.98
363.34
384.80
49.39
72.76
177.47
187.95
134.01
197.44
481.54
509.99
83.78
123.43
301.03
318.81
139.91
206.14
502.75
532.45
76.49
112.69
274.84
291.08
10.09
14.86
36.25
38.39
