342.73
362.97
360.30
157.90
259.31
274.63
272.61
119.47
315.30
333.93
331.47
145.27
241.21
255.46
253.58
111.13
232.67
246.42
244.61
107.20
480.69
509.09
505.34
221.47
497.73
527.13
523.26
229.32
431.93
457.45
454.09
199.00
298.81
316.47
314.14
137.67
102.72
108.79
107.99
47.33
132.63
140.47
139.43
61.11
33.57
35.56
35.30
15.47
327.04
346.36
343.82
150.68
363.34
384.80
381.97
167.40
177.47
187.95
186.57
81.76
481.54
509.99
506.23
221.86
301.03
318.81
316.47
138.69
502.75
532.45
528.54
231.63
274.84
291.08
288.94
126.63
36.25
38.39
38.11
16.70
71.12
75.32
74.77
32.77
104.78
110.98
110.16
48.28
