342.73
362.97
360.30
157.90
410.50
476.53
45.17
160.46
259.31
274.63
272.61
119.47
310.60
360.55
34.18
121.41
315.30
333.93
331.47
145.27
377.65
438.40
41.56
147.62
241.21
255.46
253.58
111.13
288.91
335.38
31.79
112.93
232.67
246.42
244.61
107.20
278.69
323.51
30.67
108.93
480.69
509.09
505.34
221.47
575.75
668.35
63.36
225.05
497.73
527.13
523.26
229.32
596.16
692.05
65.60
233.03
431.93
457.45
454.09
199.00
517.35
600.57
56.93
202.22
298.81
316.47
314.14
137.67
357.91
415.47
39.38
139.90
102.72
108.79
107.99
47.33
123.04
142.82
13.54
48.09
132.63
140.47
139.43
61.11
158.86
184.41
17.48
62.09
33.57
35.56
35.30
15.47
40.21
46.68
4.43
15.72
327.04
346.36
343.82
150.68
391.72
454.72
43.11
153.11
363.34
384.80
381.97
167.40
435.19
505.19
47.89
170.11
177.47
187.95
186.57
81.76
212.56
246.75
23.39
83.09
481.54
509.99
506.23
221.86
576.77
669.53
63.47
225.44
301.03
318.81
316.47
138.69
360.56
418.56
39.68
140.94
502.75
532.45
528.54
231.63
602.17
699.03
66.26
235.38
274.84
291.08
288.94
126.63
329.20
382.14
36.22
128.67
36.25
38.39
38.11
16.70
43.42
50.41
4.78
16.97
71.12
75.32
74.77
32.77
85.19
98.89
9.37
33.30
104.78
110.98
110.16
48.28
125.51
145.69
13.81
49.06
