157.90
410.50
476.53
45.17
160.46
107.77
659.86
481.52
56.17
371.77
96.57
72.69
119.47
310.60
360.55
34.18
121.41
81.54
499.26
364.33
42.50
281.29
73.07
55.00
145.27
377.65
438.40
41.56
147.62
99.14
607.05
442.99
51.68
342.02
88.85
66.87
111.13
288.91
335.38
31.79
112.93
75.85
464.40
338.89
39.53
261.65
67.97
51.16
107.20
278.69
323.51
30.67
108.93
73.16
447.97
326.90
38.13
252.39
65.56
49.35
221.47
575.75
668.35
63.36
225.05
151.15
925.48
675.36
78.78
521.43
135.45
101.94
229.32
596.16
692.05
65.60
233.03
156.51
958.29
699.30
81.58
539.91
140.25
105.56
199.00
517.35
600.57
56.93
202.22
135.82
831.61
606.86
70.79
468.54
121.71
91.60
137.67
357.91
415.47
39.38
139.90
93.96
575.31
419.82
48.97
324.14
84.20
63.37
47.33
123.04
142.82
13.54
48.09
32.30
197.77
144.32
16.84
111.43
28.94
21.79
61.11
158.86
184.41
17.48
62.09
41.70
255.36
186.34
21.74
143.87
37.37
28.13
15.47
40.21
46.68
4.43
15.72
10.56
64.64
47.17
5.50
36.42
9.46
7.12
150.68
391.72
454.72
43.11
153.11
102.84
629.66
459.49
53.60
354.76
92.15
69.36
167.40
435.19
505.19
47.89
170.11
114.25
699.54
510.48
59.55
394.13
102.38
77.06
81.76
212.56
246.75
23.39
83.09
55.80
341.68
249.33
29.09
192.50
50.01
37.64
221.86
576.77
669.53
63.47
225.44
151.41
927.11
676.55
78.92
522.35
135.69
102.12
138.69
360.56
418.56
39.68
140.94
94.66
579.58
422.94
49.34
326.54
84.82
63.84
231.63
602.17
699.03
66.26
235.38
158.08
967.96
706.35
82.40
545.36
141.67
106.62
126.63
329.20
382.14
36.22
128.67
86.42
529.16
386.15
45.05
298.13
77.45
58.29
16.70
43.42
50.41
4.78
16.97
11.40
69.80
50.93
5.94
39.33
10.22
7.69
32.77
85.19
98.89
9.37
33.30
22.36
136.93
99.92
11.66
77.15
20.04
15.08
48.28
125.51
145.69
13.81
49.06
32.95
201.74
147.22
17.17
113.67
29.53
22.22
117.74
306.10
355.33
33.68
119.65
80.36
492.03
359.05
41.89
277.22
72.01
54.20
124.70
324.18
376.32
35.67
126.72
85.10
521.10
380.26
44.36
293.59
76.27
57.40
123.78
321.80
373.56
35.41
125.78
84.48
517.27
377.47
44.03
291.43
75.70
56.98
