157.90
410.50
476.53
45.17
160.46
107.77
119.47
310.60
360.55
34.18
121.41
81.54
145.27
377.65
438.40
41.56
147.62
99.14
111.13
288.91
335.38
31.79
112.93
75.85
107.20
278.69
323.51
30.67
108.93
73.16
221.47
575.75
668.35
63.36
225.05
151.15
229.32
596.16
692.05
65.60
233.03
156.51
199.00
517.35
600.57
56.93
202.22
135.82
137.67
357.91
415.47
39.38
139.90
93.96
47.33
123.04
142.82
13.54
48.09
32.30
61.11
158.86
184.41
17.48
62.09
41.70
15.47
40.21
46.68
4.43
15.72
10.56
150.68
391.72
454.72
43.11
153.11
102.84
167.40
435.19
505.19
47.89
170.11
114.25
81.76
212.56
246.75
23.39
83.09
55.80
221.86
576.77
669.53
63.47
225.44
151.41
138.69
360.56
418.56
39.68
140.94
94.66
231.63
602.17
699.03
66.26
235.38
158.08
126.63
329.20
382.14
36.22
128.67
86.42
16.70
43.42
50.41
4.78
16.97
11.40
32.77
85.19
98.89
9.37
33.30
22.36
48.28
125.51
145.69
13.81
49.06
32.95
117.74
306.10
355.33
33.68
119.65
80.36
124.70
324.18
376.32
35.67
126.72
85.10
123.78
321.80
373.56
35.41
125.78
84.48
