157.90
410.50
476.53
45.17
119.47
310.60
360.55
34.18
145.27
377.65
438.40
41.56
111.13
288.91
335.38
31.79
107.20
278.69
323.51
30.67
221.47
575.75
668.35
63.36
229.32
596.16
692.05
65.60
199.00
517.35
600.57
56.93
137.67
357.91
415.47
39.38
47.33
123.04
142.82
13.54
61.11
158.86
184.41
17.48
15.47
40.21
46.68
4.43
150.68
391.72
454.72
43.11
167.40
435.19
505.19
47.89
81.76
212.56
246.75
23.39
221.86
576.77
669.53
63.47
138.69
360.56
418.56
39.68
231.63
602.17
699.03
66.26
126.63
329.20
382.14
36.22
16.70
43.42
50.41
4.78
32.77
85.19
98.89
9.37
48.28
125.51
145.69
13.81
117.74
306.10
355.33
33.68
124.70
324.18
376.32
35.67
123.78
321.80
373.56
35.41
