107.77
659.86
481.52
56.17
81.54
499.26
364.33
42.50
99.14
607.05
442.99
51.68
75.85
464.40
338.89
39.53
73.16
447.97
326.90
38.13
151.15
925.48
675.36
78.78
156.51
958.29
699.30
81.58
135.82
831.61
606.86
70.79
93.96
575.31
419.82
48.97
32.30
197.77
144.32
16.84
41.70
255.36
186.34
21.74
10.56
64.64
47.17
5.50
102.84
629.66
459.49
53.60
114.25
699.54
510.48
59.55
55.80
341.68
249.33
29.09
151.41
927.11
676.55
78.92
94.66
579.58
422.94
49.34
158.08
967.96
706.35
82.40
86.42
529.16
386.15
45.05
11.40
69.80
50.93
5.94
22.36
136.93
99.92
11.66
32.95
201.74
147.22
17.17
80.36
492.03
359.05
41.89
85.10
521.10
380.26
44.36
84.48
517.27
377.47
44.03
37.02
226.69
165.43
19.30
96.25
589.34
430.06
50.17
111.73
684.13
499.23
58.24
10.59
64.85
47.32
5.52
37.62
230.36
168.10
19.61
