107.77
659.86
481.52
81.54
499.26
364.33
99.14
607.05
442.99
75.85
464.40
338.89
73.16
447.97
326.90
151.15
925.48
675.36
156.51
958.29
699.30
135.82
831.61
606.86
93.96
575.31
419.82
32.30
197.77
144.32
41.70
255.36
186.34
10.56
64.64
47.17
102.84
629.66
459.49
114.25
699.54
510.48
55.80
341.68
249.33
151.41
927.11
676.55
94.66
579.58
422.94
158.08
967.96
706.35
86.42
529.16
386.15
11.40
69.80
50.93
22.36
136.93
99.92
32.95
201.74
147.22
80.36
492.03
359.05
85.10
521.10
380.26
84.48
517.27
377.47
37.02
226.69
165.43
96.25
589.34
430.06
111.73
684.13
499.23
10.59
64.85
47.32
37.62
230.36
168.10
