107.77
659.86
481.52
56.17
371.77
96.57
72.69
418.69
618.21
613.76
72.01
230.10
177.84
179.41
81.54
499.26
364.33
42.50
281.29
73.07
55.00
316.79
467.75
464.39
54.48
174.10
134.56
135.75
99.14
607.05
442.99
51.68
342.02
88.85
66.87
385.19
568.74
564.65
66.25
211.69
163.61
165.05
75.85
464.40
338.89
39.53
261.65
67.97
51.16
294.67
435.09
431.96
50.68
161.94
125.17
126.27
73.16
447.97
326.90
38.13
252.39
65.56
49.35
284.25
419.70
416.68
48.89
156.21
120.74
121.80
151.15
925.48
675.36
78.78
521.43
135.45
101.94
587.23
867.07
860.83
101.00
322.73
249.43
251.63
156.51
958.29
699.30
81.58
539.91
140.25
105.56
608.05
897.81
891.34
104.58
334.17
258.28
260.55
135.82
831.61
606.86
70.79
468.54
121.71
91.60
527.67
779.12
773.52
90.75
289.99
224.14
226.11
93.96
575.31
419.82
48.97
324.14
84.20
63.37
365.04
539.00
535.12
62.78
200.62
155.06
156.42
32.30
197.77
144.32
16.84
111.43
28.94
21.79
125.49
185.29
183.96
21.58
68.97
53.30
53.77
41.70
255.36
186.34
21.74
143.87
37.37
28.13
162.03
239.24
237.52
27.87
89.05
68.82
69.43
10.56
64.64
47.17
5.50
36.42
9.46
7.12
41.02
60.56
60.13
7.05
22.54
17.42
17.58
102.84
629.66
459.49
53.60
354.76
92.15
69.36
399.53
589.92
585.68
68.72
219.57
169.71
171.20
114.25
699.54
510.48
59.55
394.13
102.38
77.06
443.87
655.39
650.67
76.34
243.94
188.54
190.20
55.80
341.68
249.33
29.09
192.50
50.01
37.64
216.80
320.11
317.81
37.29
119.15
92.09
92.90
151.41
927.11
676.55
78.92
522.35
135.69
102.12
588.27
868.60
862.35
101.18
323.30
249.88
252.08
94.66
579.58
422.94
49.34
326.54
84.82
63.84
367.75
543.00
539.09
63.25
202.11
156.21
157.58
158.08
967.96
706.35
82.40
545.36
141.67
106.62
614.19
906.86
900.33
105.63
337.54
260.88
263.18
86.42
529.16
386.15
45.05
298.13
77.45
58.29
335.76
495.76
492.19
57.75
184.52
142.62
143.88
11.40
69.80
50.93
5.94
39.33
10.22
7.69
44.29
65.39
64.92
7.62
24.34
18.81
18.98
22.36
136.93
99.92
11.66
77.15
20.04
15.08
86.89
128.29
127.36
14.94
47.75
36.91
37.23
32.95
201.74
147.22
17.17
113.67
29.53
22.22
128.01
189.01
187.65
22.02
70.35
54.37
54.85
80.36
492.03
359.05
41.89
277.22
72.01
54.20
312.20
460.98
457.66
53.70
171.58
132.61
133.78
85.10
521.10
380.26
44.36
293.59
76.27
57.40
330.65
488.21
484.70
56.87
181.71
140.45
141.68
84.48
517.27
377.47
44.03
291.43
75.70
56.98
328.22
484.62
481.13
56.45
180.38
139.41
140.64
37.02
226.69
165.43
19.30
127.72
33.18
24.97
143.84
212.39
210.86
24.74
79.05
61.10
61.64
96.25
589.34
430.06
50.17
332.04
86.25
64.92
373.94
552.14
548.17
64.31
205.51
158.84
160.24
111.73
684.13
499.23
58.24
385.44
100.13
75.36
434.09
640.95
636.33
74.66
238.56
184.39
186.01
10.59
64.85
47.32
5.52
36.54
9.49
7.14
41.15
60.76
60.32
7.08
22.61
17.48
17.63
37.62
230.36
168.10
19.61
129.79
33.71
25.37
146.17
215.82
214.27
25.14
80.33
62.09
62.63
