107.77
659.86
481.52
56.17
371.77
96.57
81.54
499.26
364.33
42.50
281.29
73.07
99.14
607.05
442.99
51.68
342.02
88.85
75.85
464.40
338.89
39.53
261.65
67.97
73.16
447.97
326.90
38.13
252.39
65.56
151.15
925.48
675.36
78.78
521.43
135.45
156.51
958.29
699.30
81.58
539.91
140.25
135.82
831.61
606.86
70.79
468.54
121.71
93.96
575.31
419.82
48.97
324.14
84.20
32.30
197.77
144.32
16.84
111.43
28.94
41.70
255.36
186.34
21.74
143.87
37.37
10.56
64.64
47.17
5.50
36.42
9.46
102.84
629.66
459.49
53.60
354.76
92.15
114.25
699.54
510.48
59.55
394.13
102.38
55.80
341.68
249.33
29.09
192.50
50.01
151.41
927.11
676.55
78.92
522.35
135.69
94.66
579.58
422.94
49.34
326.54
84.82
158.08
967.96
706.35
82.40
545.36
141.67
86.42
529.16
386.15
45.05
298.13
77.45
11.40
69.80
50.93
5.94
39.33
10.22
22.36
136.93
99.92
11.66
77.15
20.04
32.95
201.74
147.22
17.17
113.67
29.53
80.36
492.03
359.05
41.89
277.22
72.01
85.10
521.10
380.26
44.36
293.59
76.27
84.48
517.27
377.47
44.03
291.43
75.70
37.02
226.69
165.43
19.30
127.72
33.18
96.25
589.34
430.06
50.17
332.04
86.25
111.73
684.13
499.23
58.24
385.44
100.13
10.59
64.85
47.32
5.52
36.54
9.49
37.62
230.36
168.10
19.61
129.79
33.71
