72.01
230.10
177.84
179.41
122.35
39.72
553.70
309.65
54.48
174.10
134.56
135.75
92.57
30.06
418.94
234.29
66.25
211.69
163.61
165.05
112.56
36.54
509.39
284.87
50.68
161.94
125.17
126.27
86.11
27.96
389.69
217.93
48.89
156.21
120.74
121.80
83.06
26.97
375.90
210.22
101.00
322.73
249.43
251.63
171.60
55.71
776.59
434.30
104.58
334.17
258.28
260.55
177.69
57.69
804.12
449.70
90.75
289.99
224.14
226.11
154.20
50.06
697.83
390.25
62.78
200.62
155.06
156.42
106.68
34.63
482.76
269.98
21.58
68.97
53.30
53.77
36.67
11.91
165.95
92.81
27.87
89.05
68.82
69.43
47.35
15.37
214.28
119.83
7.05
22.54
17.42
17.58
11.99
3.89
54.24
30.33
68.72
219.57
169.71
171.20
116.75
37.91
528.37
295.48
76.34
243.94
188.54
190.20
129.71
42.11
587.00
328.27
37.29
119.15
92.09
92.90
63.35
20.57
286.71
160.34
101.18
323.30
249.88
252.08
171.91
55.81
777.96
435.07
63.25
202.11
156.21
157.58
107.47
34.89
486.34
271.98
105.63
337.54
260.88
263.18
179.48
58.27
812.23
454.23
57.75
184.52
142.62
143.88
98.12
31.85
444.03
248.32
7.62
24.34
18.81
18.98
12.94
4.20
58.57
32.75
14.94
47.75
36.91
37.23
25.39
8.24
114.90
64.26
22.02
70.35
54.37
54.85
37.41
12.14
169.29
94.67
53.70
171.58
132.61
133.78
91.23
29.62
412.88
230.90
56.87
181.71
140.45
141.68
96.62
31.37
437.27
244.54
56.45
180.38
139.41
140.64
95.91
31.14
434.05
242.74
24.74
79.05
61.10
61.64
42.03
13.65
190.22
106.38
64.31
205.51
158.84
160.24
109.28
35.48
494.53
276.56
74.66
238.56
184.39
186.01
126.85
41.18
574.07
321.04
7.08
22.61
17.48
17.63
12.02
3.90
54.42
30.43
25.14
80.33
62.09
62.63
42.71
13.87
193.30
108.10
16.88
53.95
41.70
42.07
28.69
9.31
129.82
72.60
103.38
330.34
255.32
257.57
175.65
57.03
794.92
444.55
75.44
241.06
186.32
187.96
128.18
41.62
580.08
324.40
8.80
28.12
21.73
21.93
14.95
4.85
67.67
37.84
58.25
186.12
143.85
145.12
98.97
32.13
447.87
250.46
15.13
48.35
37.37
37.70
25.71
8.35
116.34
65.06
11.39
36.39
28.12
28.37
19.35
6.28
87.56
48.97
65.60
209.61
162.01
163.43
111.46
36.19
504.39
282.07
96.86
309.49
239.21
241.31
164.57
53.43
744.75
416.49
96.16
307.26
237.48
239.58
163.38
53.04
739.38
413.49
