72.01
230.10
177.84
179.41
122.35
39.72
553.70
309.65
509.48
533.24
43.62
312.86
197.94
577.80
54.48
174.10
134.56
135.75
92.57
30.06
418.94
234.29
385.49
403.46
33.00
236.72
149.77
437.18
66.25
211.69
163.61
165.05
112.56
36.54
509.39
284.87
468.71
490.57
40.13
287.82
182.10
531.56
50.68
161.94
125.17
126.27
86.11
27.96
389.69
217.93
358.57
375.29
30.70
220.19
139.31
406.65
48.89
156.21
120.74
121.80
83.06
26.97
375.90
210.22
345.88
362.01
29.61
212.40
134.38
392.26
101.00
322.73
249.43
251.63
171.60
55.71
776.59
434.30
714.57
747.89
61.18
438.80
277.62
810.39
104.58
334.17
258.28
260.55
177.69
57.69
804.12
449.70
739.91
774.40
63.34
454.35
287.47
839.12
90.75
289.99
224.14
226.11
154.20
50.06
697.83
390.25
642.10
672.03
54.97
394.29
249.47
728.19
62.78
200.62
155.06
156.42
106.68
34.63
482.76
269.98
444.20
464.91
38.03
272.77
172.58
503.76
21.58
68.97
53.30
53.77
36.67
11.91
165.95
92.81
152.70
159.82
13.07
93.77
59.33
173.18
27.87
89.05
68.82
69.43
47.35
15.37
214.28
119.83
197.16
206.36
16.88
121.07
76.60
223.60
7.05
22.54
17.42
17.58
11.99
3.89
54.24
30.33
49.91
52.24
4.27
30.65
19.39
56.60
68.72
219.57
169.71
171.20
116.75
37.91
528.37
295.48
486.17
508.84
41.62
298.54
188.89
551.36
76.34
243.94
188.54
190.20
129.71
42.11
587.00
328.27
540.13
565.31
46.24
331.67
209.85
612.55
37.29
119.15
92.09
92.90
63.35
20.57
286.71
160.34
263.81
276.11
22.59
162.00
102.50
299.19
101.18
323.30
249.88
252.08
171.91
55.81
777.96
435.07
715.83
749.21
61.28
439.57
278.11
811.82
63.25
202.11
156.21
157.58
107.47
34.89
486.34
271.98
447.50
468.36
38.31
274.80
173.86
507.50
105.63
337.54
260.88
263.18
179.48
58.27
812.23
454.23
747.37
782.21
63.98
458.94
290.37
847.58
57.75
184.52
142.62
143.88
98.12
31.85
444.03
248.32
408.57
427.62
34.98
250.89
158.74
463.35
7.62
24.34
18.81
18.98
12.94
4.20
58.57
32.75
53.89
56.40
4.61
33.09
20.94
61.12
14.94
47.75
36.91
37.23
25.39
8.24
114.90
64.26
105.73
110.65
9.05
64.92
41.08
119.90
22.02
70.35
54.37
54.85
37.41
12.14
169.29
94.67
155.77
163.03
13.34
95.65
60.52
176.66
53.70
171.58
132.61
133.78
91.23
29.62
412.88
230.90
379.90
397.61
32.52
233.29
147.60
430.84
56.87
181.71
140.45
141.68
96.62
31.37
437.27
244.54
402.35
421.11
34.45
247.07
156.32
456.29
56.45
180.38
139.41
140.64
95.91
31.14
434.05
242.74
399.39
418.01
34.19
245.25
155.17
452.94
24.74
79.05
61.10
61.64
42.03
13.65
190.22
106.38
175.03
183.19
14.98
107.48
68.00
198.50
64.31
205.51
158.84
160.24
109.28
35.48
494.53
276.56
455.03
476.25
38.96
279.42
176.79
516.05
74.66
238.56
184.39
186.01
126.85
41.18
574.07
321.04
528.22
552.85
45.22
324.36
205.22
599.05
7.08
22.61
17.48
17.63
12.02
3.90
54.42
30.43
50.07
52.41
4.29
30.75
19.45
56.79
25.14
80.33
62.09
62.63
42.71
13.87
193.30
108.10
177.86
186.15
15.23
109.22
69.10
201.71
16.88
53.95
41.70
42.07
28.69
9.31
129.82
72.60
119.46
125.03
10.23
73.35
46.41
135.47
103.38
330.34
255.32
257.57
175.65
57.03
794.92
444.55
731.44
765.54
62.62
449.15
284.18
829.51
75.44
241.06
186.32
187.96
128.18
41.62
580.08
324.40
533.75
558.64
45.70
327.76
207.37
605.32
8.80
28.12
21.73
21.93
14.95
4.85
67.67
37.84
62.27
65.17
5.33
38.24
24.19
70.61
58.25
186.12
143.85
145.12
98.97
32.13
447.87
250.46
412.10
431.31
35.28
253.06
160.11
467.35
15.13
48.35
37.37
37.70
25.71
8.35
116.34
65.06
107.05
112.04
9.16
65.74
41.59
121.40
11.39
36.39
28.12
28.37
19.35
6.28
87.56
48.97
80.57
84.33
6.90
49.48
31.30
91.37
65.60
209.61
162.01
163.43
111.46
36.19
504.39
282.07
464.11
485.75
39.73
284.99
180.31
526.34
96.86
309.49
239.21
241.31
164.57
53.43
744.75
416.49
685.27
717.22
58.67
420.80
266.24
777.15
96.16
307.26
237.48
239.58
163.38
53.04
739.38
413.49
680.34
712.06
58.24
417.77
264.32
771.56
