72.01
230.10
177.84
179.41
54.48
174.10
134.56
135.75
66.25
211.69
163.61
165.05
50.68
161.94
125.17
126.27
48.89
156.21
120.74
121.80
101.00
322.73
249.43
251.63
104.58
334.17
258.28
260.55
90.75
289.99
224.14
226.11
62.78
200.62
155.06
156.42
21.58
68.97
53.30
53.77
27.87
89.05
68.82
69.43
7.05
22.54
17.42
17.58
68.72
219.57
169.71
171.20
76.34
243.94
188.54
190.20
37.29
119.15
92.09
92.90
101.18
323.30
249.88
252.08
63.25
202.11
156.21
157.58
105.63
337.54
260.88
263.18
57.75
184.52
142.62
143.88
7.62
24.34
18.81
18.98
14.94
47.75
36.91
37.23
22.02
70.35
54.37
54.85
53.70
171.58
132.61
133.78
56.87
181.71
140.45
141.68
56.45
180.38
139.41
140.64
24.74
79.05
61.10
61.64
64.31
205.51
158.84
160.24
74.66
238.56
184.39
186.01
7.08
22.61
17.48
17.63
25.14
80.33
62.09
62.63
16.88
53.95
41.70
42.07
103.38
330.34
255.32
257.57
75.44
241.06
186.32
187.96
8.80
28.12
21.73
21.93
58.25
186.12
143.85
145.12
15.13
48.35
37.37
37.70
11.39
36.39
28.12
28.37
65.60
209.61
162.01
163.43
96.86
309.49
239.21
241.31
96.16
307.26
237.48
239.58
