72.01
230.10
177.84
54.48
174.10
134.56
66.25
211.69
163.61
50.68
161.94
125.17
48.89
156.21
120.74
101.00
322.73
249.43
104.58
334.17
258.28
90.75
289.99
224.14
62.78
200.62
155.06
21.58
68.97
53.30
27.87
89.05
68.82
7.05
22.54
17.42
68.72
219.57
169.71
76.34
243.94
188.54
37.29
119.15
92.09
101.18
323.30
249.88
63.25
202.11
156.21
105.63
337.54
260.88
57.75
184.52
142.62
7.62
24.34
18.81
14.94
47.75
36.91
22.02
70.35
54.37
53.70
171.58
132.61
56.87
181.71
140.45
56.45
180.38
139.41
24.74
79.05
61.10
64.31
205.51
158.84
74.66
238.56
184.39
7.08
22.61
17.48
25.14
80.33
62.09
16.88
53.95
41.70
103.38
330.34
255.32
75.44
241.06
186.32
8.80
28.12
21.73
58.25
186.12
143.85
15.13
48.35
37.37
11.39
36.39
28.12
65.60
209.61
162.01
96.86
309.49
239.21
96.16
307.26
237.48
