43.62
312.86
197.94
577.80
216.55
468.11
212.91
544.43
15.37
139.45
430.79
478.81
209.07
95.31
33.00
236.72
149.77
437.18
163.85
354.18
161.10
411.93
11.63
105.51
325.94
362.28
158.19
72.11
40.13
287.82
182.10
531.56
199.22
430.65
195.88
500.86
14.14
128.29
396.32
440.50
192.34
87.68
30.70
220.19
139.31
406.65
152.41
329.45
149.85
383.17
10.82
98.14
303.19
336.99
147.15
67.08
29.61
212.40
134.38
392.26
147.02
317.79
144.55
369.61
10.44
94.67
292.46
325.06
141.94
64.70
61.18
438.80
277.62
810.39
303.72
656.54
298.62
763.59
21.56
195.58
604.20
671.56
293.24
133.67
63.34
454.35
287.47
839.12
314.49
679.82
309.21
790.66
22.32
202.52
625.62
695.37
303.63
138.41
54.97
394.29
249.47
728.19
272.92
589.95
268.33
686.14
19.37
175.75
542.92
603.44
263.49
120.12
38.03
272.77
172.58
503.76
188.81
408.13
185.63
474.67
13.40
121.58
375.59
417.46
182.29
83.10
13.07
93.77
59.33
173.18
64.90
140.30
63.81
163.18
4.61
41.80
129.12
143.51
62.66
28.57
16.88
121.07
76.60
223.60
83.80
181.15
82.39
210.69
5.95
53.97
166.71
185.29
80.91
36.88
4.27
30.65
19.39
56.60
21.21
45.86
20.86
53.33
1.51
13.66
42.20
46.91
20.48
9.34
41.62
298.54
188.89
551.36
206.64
446.69
203.17
519.52
14.67
133.07
411.08
456.90
199.51
90.95
46.24
331.67
209.85
612.55
229.58
496.26
225.72
577.18
16.30
147.84
456.70
507.61
221.65
101.04
22.59
162.00
102.50
299.19
112.13
242.39
110.25
281.91
7.96
72.21
223.06
247.93
108.26
49.35
61.28
439.57
278.11
811.82
304.26
657.70
299.15
764.94
21.60
195.93
605.27
672.74
293.75
133.91
38.31
274.80
173.86
507.50
190.21
411.16
187.01
478.20
13.50
122.48
378.38
420.56
183.64
83.71
63.98
458.94
290.37
847.58
317.66
686.67
312.33
798.63
22.55
204.56
631.93
702.38
306.69
139.81
34.98
250.89
158.74
463.35
173.66
375.39
170.74
436.59
12.33
111.83
345.46
383.98
167.66
76.43
4.61
33.09
20.94
61.12
22.91
49.52
22.52
57.59
1.63
14.75
45.57
50.65
22.12
10.08
9.05
64.92
41.08
119.90
44.94
97.14
44.18
112.98
3.19
28.94
89.40
99.36
43.39
19.78
13.34
95.65
60.52
176.66
66.21
143.12
65.10
166.45
4.70
42.64
131.71
146.39
63.92
29.14
32.52
233.29
147.60
430.84
161.47
349.05
158.76
405.96
11.46
103.98
321.22
357.03
155.90
71.07
34.45
247.07
156.32
456.29
171.01
369.67
168.14
429.95
12.14
110.13
340.20
378.13
165.11
75.27
34.19
245.25
155.17
452.94
169.76
366.95
166.90
426.78
12.05
109.32
337.70
375.35
163.89
74.71
14.98
107.48
68.00
198.50
74.40
160.82
73.15
187.04
5.28
47.91
148.00
164.50
71.83
32.74
38.96
279.42
176.79
516.05
193.41
418.08
190.16
486.25
13.73
124.55
384.75
427.64
186.73
85.12
45.22
324.36
205.22
599.05
224.52
485.32
220.74
564.45
15.94
144.58
446.63
496.42
216.76
98.81
4.29
30.75
19.45
56.79
21.28
46.01
20.93
53.51
1.51
13.71
42.34
47.06
20.55
9.37
15.23
109.22
69.10
201.71
75.60
163.42
74.33
190.06
5.37
48.68
150.39
167.16
72.99
33.27
10.23
73.35
46.41
135.47
50.77
109.75
49.92
127.65
3.60
32.70
101.00
112.27
49.02
22.35
62.62
449.15
284.18
829.51
310.89
672.03
305.67
781.61
22.07
200.20
618.46
687.40
300.16
136.83
45.70
327.76
207.37
605.32
226.87
490.41
223.06
570.37
16.10
146.09
451.31
501.62
219.03
99.85
5.33
38.24
24.19
70.61
26.47
57.21
26.02
66.54
1.88
17.04
52.65
58.52
25.55
11.65
35.28
253.06
160.11
467.35
175.16
378.63
172.22
440.37
12.43
112.79
348.45
387.29
169.11
77.09
9.16
65.74
41.59
121.40
45.50
98.36
44.74
114.39
3.23
29.30
90.51
100.61
43.93
20.03
6.90
49.48
31.30
91.37
34.25
74.03
33.67
86.10
2.43
22.05
68.13
75.72
33.06
15.07
39.73
284.99
180.31
526.34
197.27
426.42
193.95
495.94
14.00
127.03
392.42
436.17
190.45
86.82
58.67
420.80
266.24
777.15
291.27
629.62
286.37
732.28
20.68
187.56
579.42
644.02
281.21
128.19
58.24
417.77
264.32
771.56
289.17
625.09
284.31
727.00
20.53
186.21
575.25
639.38
279.19
127.27
6.83
49.02
31.01
90.52
33.93
73.34
33.36
85.30
2.41
21.85
67.49
75.02
32.76
14.93
21.84
156.62
99.10
289.26
108.41
234.35
106.59
272.56
7.70
69.81
215.66
239.71
104.67
47.71
16.88
121.05
76.59
223.57
83.79
181.13
82.38
210.66
5.95
53.96
166.69
185.27
80.90
36.88
17.03
122.12
77.27
225.54
84.53
182.72
83.11
212.51
6.00
54.43
168.15
186.90
81.61
37.20
11.61
83.28
52.69
153.81
57.65
124.61
56.68
144.93
4.09
37.12
114.68
127.46
55.66
25.37
3.77
27.04
17.11
49.94
18.72
40.46
18.40
47.05
1.33
12.05
37.23
41.38
18.07
8.24
52.54
376.89
238.46
696.06
260.88
563.92
256.49
655.86
18.52
167.99
518.96
576.82
251.87
114.82
29.39
210.77
133.35
389.26
145.89
315.37
143.44
366.78
10.36
93.95
290.22
322.58
140.85
64.21
48.35
346.79
219.42
640.47
240.04
518.89
236.01
603.49
17.04
154.58
477.52
530.75
231.75
105.65
50.60
362.96
229.64
670.33
251.23
543.08
247.01
631.62
17.83
161.78
499.78
555.50
242.56
110.57
