43.62
312.86
197.94
33.00
236.72
149.77
40.13
287.82
182.10
30.70
220.19
139.31
29.61
212.40
134.38
61.18
438.80
277.62
63.34
454.35
287.47
54.97
394.29
249.47
38.03
272.77
172.58
13.07
93.77
59.33
16.88
121.07
76.60
4.27
30.65
19.39
41.62
298.54
188.89
46.24
331.67
209.85
22.59
162.00
102.50
61.28
439.57
278.11
38.31
274.80
173.86
63.98
458.94
290.37
34.98
250.89
158.74
4.61
33.09
20.94
9.05
64.92
41.08
13.34
95.65
60.52
32.52
233.29
147.60
34.45
247.07
156.32
34.19
245.25
155.17
14.98
107.48
68.00
38.96
279.42
176.79
45.22
324.36
205.22
4.29
30.75
19.45
15.23
109.22
69.10
10.23
73.35
46.41
62.62
449.15
284.18
45.70
327.76
207.37
5.33
38.24
24.19
35.28
253.06
160.11
9.16
65.74
41.59
6.90
49.48
31.30
39.73
284.99
180.31
58.67
420.80
266.24
58.24
417.77
264.32
6.83
49.02
31.01
21.84
156.62
99.10
16.88
121.05
76.59
17.03
122.12
77.27
11.61
83.28
52.69
3.77
27.04
17.11
52.54
376.89
238.46
29.39
210.77
133.35
48.35
346.79
219.42
50.60
362.96
229.64
