43.62
312.86
197.94
577.80
33.00
236.72
149.77
437.18
40.13
287.82
182.10
531.56
30.70
220.19
139.31
406.65
29.61
212.40
134.38
392.26
61.18
438.80
277.62
810.39
63.34
454.35
287.47
839.12
54.97
394.29
249.47
728.19
38.03
272.77
172.58
503.76
13.07
93.77
59.33
173.18
16.88
121.07
76.60
223.60
4.27
30.65
19.39
56.60
41.62
298.54
188.89
551.36
46.24
331.67
209.85
612.55
22.59
162.00
102.50
299.19
61.28
439.57
278.11
811.82
38.31
274.80
173.86
507.50
63.98
458.94
290.37
847.58
34.98
250.89
158.74
463.35
4.61
33.09
20.94
61.12
9.05
64.92
41.08
119.90
13.34
95.65
60.52
176.66
32.52
233.29
147.60
430.84
34.45
247.07
156.32
456.29
34.19
245.25
155.17
452.94
14.98
107.48
68.00
198.50
38.96
279.42
176.79
516.05
45.22
324.36
205.22
599.05
4.29
30.75
19.45
56.79
15.23
109.22
69.10
201.71
10.23
73.35
46.41
135.47
62.62
449.15
284.18
829.51
45.70
327.76
207.37
605.32
5.33
38.24
24.19
70.61
35.28
253.06
160.11
467.35
9.16
65.74
41.59
121.40
6.90
49.48
31.30
91.37
39.73
284.99
180.31
526.34
58.67
420.80
266.24
777.15
58.24
417.77
264.32
771.56
6.83
49.02
31.01
90.52
21.84
156.62
99.10
289.26
16.88
121.05
76.59
223.57
17.03
122.12
77.27
225.54
11.61
83.28
52.69
153.81
3.77
27.04
17.11
49.94
52.54
376.89
238.46
696.06
29.39
210.77
133.35
389.26
48.35
346.79
219.42
640.47
50.60
362.96
229.64
670.33
