43.62
312.86
197.94
577.80
216.55
468.11
212.91
544.43
33.00
236.72
149.77
437.18
163.85
354.18
161.10
411.93
40.13
287.82
182.10
531.56
199.22
430.65
195.88
500.86
30.70
220.19
139.31
406.65
152.41
329.45
149.85
383.17
29.61
212.40
134.38
392.26
147.02
317.79
144.55
369.61
61.18
438.80
277.62
810.39
303.72
656.54
298.62
763.59
63.34
454.35
287.47
839.12
314.49
679.82
309.21
790.66
54.97
394.29
249.47
728.19
272.92
589.95
268.33
686.14
38.03
272.77
172.58
503.76
188.81
408.13
185.63
474.67
13.07
93.77
59.33
173.18
64.90
140.30
63.81
163.18
16.88
121.07
76.60
223.60
83.80
181.15
82.39
210.69
4.27
30.65
19.39
56.60
21.21
45.86
20.86
53.33
41.62
298.54
188.89
551.36
206.64
446.69
203.17
519.52
46.24
331.67
209.85
612.55
229.58
496.26
225.72
577.18
22.59
162.00
102.50
299.19
112.13
242.39
110.25
281.91
61.28
439.57
278.11
811.82
304.26
657.70
299.15
764.94
38.31
274.80
173.86
507.50
190.21
411.16
187.01
478.20
63.98
458.94
290.37
847.58
317.66
686.67
312.33
798.63
34.98
250.89
158.74
463.35
173.66
375.39
170.74
436.59
4.61
33.09
20.94
61.12
22.91
49.52
22.52
57.59
9.05
64.92
41.08
119.90
44.94
97.14
44.18
112.98
13.34
95.65
60.52
176.66
66.21
143.12
65.10
166.45
32.52
233.29
147.60
430.84
161.47
349.05
158.76
405.96
34.45
247.07
156.32
456.29
171.01
369.67
168.14
429.95
34.19
245.25
155.17
452.94
169.76
366.95
166.90
426.78
14.98
107.48
68.00
198.50
74.40
160.82
73.15
187.04
38.96
279.42
176.79
516.05
193.41
418.08
190.16
486.25
45.22
324.36
205.22
599.05
224.52
485.32
220.74
564.45
4.29
30.75
19.45
56.79
21.28
46.01
20.93
53.51
15.23
109.22
69.10
201.71
75.60
163.42
74.33
190.06
10.23
73.35
46.41
135.47
50.77
109.75
49.92
127.65
62.62
449.15
284.18
829.51
310.89
672.03
305.67
781.61
45.70
327.76
207.37
605.32
226.87
490.41
223.06
570.37
5.33
38.24
24.19
70.61
26.47
57.21
26.02
66.54
35.28
253.06
160.11
467.35
175.16
378.63
172.22
440.37
9.16
65.74
41.59
121.40
45.50
98.36
44.74
114.39
6.90
49.48
31.30
91.37
34.25
74.03
33.67
86.10
39.73
284.99
180.31
526.34
197.27
426.42
193.95
495.94
58.67
420.80
266.24
777.15
291.27
629.62
286.37
732.28
58.24
417.77
264.32
771.56
289.17
625.09
284.31
727.00
6.83
49.02
31.01
90.52
33.93
73.34
33.36
85.30
21.84
156.62
99.10
289.26
108.41
234.35
106.59
272.56
16.88
121.05
76.59
223.57
83.79
181.13
82.38
210.66
17.03
122.12
77.27
225.54
84.53
182.72
83.11
212.51
11.61
83.28
52.69
153.81
57.65
124.61
56.68
144.93
3.77
27.04
17.11
49.94
18.72
40.46
18.40
47.05
52.54
376.89
238.46
696.06
260.88
563.92
256.49
655.86
29.39
210.77
133.35
389.26
145.89
315.37
143.44
366.78
48.35
346.79
219.42
640.47
240.04
518.89
236.01
603.49
50.60
362.96
229.64
670.33
251.23
543.08
247.01
631.62
