0.00
0.00
0.00
312.45
1276.95
0.00
341.50
0.00
0.00
303.05
0.00
0.00
298.62
0.00
0.00
427.34
0.00
0.00
436.18
0.00
0.00
402.03
0.00
152.82
332.95
0.00
0.00
231.18
0.00
0.00
0.00
0.00
0.00
0.00
79.09
0.00
0.00
86.45
601.64
0.00
76.72
0.00
0.00
75.59
0.00
0.00
108.18
0.00
0.00
110.42
0.00
0.00
101.77
0.00
0.00
84.28
0.00
0.00
58.52
0.00
0.00
0.00
0.00
0.00
0.00
770.44
0.00
0.00
842.09
0.00
283.87
747.27
0.00
354.12
736.35
0.00
887.04
1053.74
0.00
0.00
1075.55
0.00
0.00
991.35
0.00
0.00
820.99
617.31
0.00
570.05
0.00
0.00
0.00
0.00
0.00
0.00
298.22
22.48
0.00
259.76
0.00
0.00
255.33
0.00
0.00
384.05
506.58
0.00
392.89
0.00
0.00
358.75
0.00
0.00
289.66
494.52
0.00
187.89
0.00
0.00
0.00
0.00
0.00
0.00
0.00
0.00
0.00
75.49
0.00
0.00
65.76
0.00
0.00
64.64
0.00
312.41
97.22
0.00
0.00
99.46
0.00
0.00
90.81
0.00
0.00
73.33
0.00
0.00
47.56
0.00
0.00
0.00
0.00
0.00
0.00
0.00
0.00
0.00
735.35
0.00
0.00
640.53
1171.22
229.48
629.61
0.00
0.00
947.00
0.00
0.00
968.81
203.42
0.00
884.61
0.00
0.00
714.25
702.04
0.00
463.31
0.00
0.00
0.00
0.00
0.00
0.00
0.00
0.00
683.45
288.82
0.00
986.82
284.39
434.56
0.00
413.10
334.86
0.00
421.95
0.00
0.00
387.80
0.00
0.00
318.71
0.00
1137.97
216.95
0.00
0.00
0.00
0.00
0.00
0.00
0.00
0.00
0.00
0.00
0.00
0.00
73.11
560.29
0.00
71.99
1154.56
0.00
104.58
0.00
0.00
106.81
173.51
0.00
98.17
0.00
0.00
80.68
0.00
0.00
54.92
0.00
0.00
0.00
0.00
0.00
0.00
0.00
0.00
0.00
0.00
0.00
0.00
712.18
947.94
0.00
701.26
1051.76
830.79
1018.64
0.00
1171.82
1040.45
0.00
1135.70
956.25
1230.94
0.00
785.89
0.00
0.00
534.95
0.00
0.00
0.00
0.00
0.00
0.00
0.00
0.00
0.00
0.00
1148.72
0.00
245.94
0.00
0.00
374.65
0.00
0.00
383.50
0.00
0.00
349.35
1152.03
812.09
280.26
0.00
852.73
178.49
1273.94
894.11
0.00
0.00
0.00
0.00
0.00
0.00
0.00
0.00
0.00
0.00
0.00
0.00
0.00
62.26
988.84
0.00
94.84
617.82
0.00
97.08
0.00
0.00
88.44
0.00
0.00
70.95
0.00
869.82
45.18
0.00
0.00
0.00
0.00
0.00
0.00
0.00
0.00
0.00
0.00
0.00
0.00
0.00
1001.26
0.00
606.44
0.00
283.78
923.83
0.00
0.00
945.64
0.00
0.00
861.44
0.00
0.00
691.08
0.00
989.39
440.14
0.00
0.00
0.00
0.00
0.00
0.00
0.00
0.00
0.00
0.00
0.00
0.00
0.00
0.00
0.00
370.22
276.32
0.00
379.07
461.26
0.00
344.92
0.00
0.00
275.83
0.00
839.10
174.06
1117.48
0.00
0.00
0.00
0.00
0.00
0.00
0.00
0.00
0.00
0.00
0.00
0.00
0.00
0.00
0.00
0.00
0.00
93.72
0.00
0.00
95.96
0.00
0.00
87.31
0.00
0.00
69.83
0.00
0.00
44.06
0.00
0.00
0.00
0.00
0.00
0.00
0.00
0.00
0.00
0.00
0.00
0.00
0.00
0.00
0.00
0.00
737.89
0.00
912.91
1149.86
940.91
934.71
0.00
0.00
850.51
0.00
0.00
680.16
756.27
0.00
429.21
0.00
0.00
0.00
0.00
0.00
0.00
0.00
0.00
0.00
0.00
0.00
0.00
0.00
0.00
0.00
0.00
0.00
0.00
507.78
0.00
0.00
473.64
794.06
0.00
404.55
0.00
0.00
302.78
0.00
0.00
0.00
0.00
0.00
0.00
0.00
0.00
0.00
0.00
0.00
0.00
0.00
0.00
0.00
0.00
0.00
0.00
0.00
0.00
664.83
128.54
0.00
0.00
119.90
0.00
0.00
102.41
0.00
0.00
76.65
0.00
0.00
0.00
0.00
0.00
0.00
0.00
0.00
0.00
0.00
0.00
0.00
0.00
0.00
0.00
0.00
0.00
0.00
0.00
0.00
1126.23
1252.10
0.00
0.00
1167.90
0.00
0.00
997.54
0.00
0.00
746.60
0.00
0.00
0.00
0.00
0.00
0.00
0.00
0.00
0.00
0.00
0.00
0.00
0.00
0.00
0.00
0.00
0.00
0.00
0.00
0.00
0.00
482.48
0.00
0.00
413.39
0.00
145.82
311.62
0.00
1229.32
0.00
0.00
0.00
0.00
0.00
0.00
0.00
0.00
0.00
0.00
0.00
0.00
0.00
0.00
0.00
0.00
0.00
0.00
0.00
0.00
283.32
0.00
122.14
0.00
983.44
104.65
0.00
0.00
78.89
0.00
0.00
0.00
0.00
0.00
0.00
0.00
0.00
0.00
0.00
0.00
0.00
0.00
0.00
0.00
0.00
0.00
0.00
0.00
0.00
0.00
0.00
0.00
0.00
1189.71
0.00
0.00
1019.35
0.00
0.00
768.41
0.00
0.00
0.00
0.00
0.00
0.00
0.00
0.00
0.00
0.00
0.00
0.00
0.00
0.00
0.00
0.00
0.00
0.00
0.00
0.00
0.00
0.00
0.00
0.00
379.24
0.00
0.00
277.48
772.08
53.22
0.00
0.00
0.00
0.00
0.00
0.00
0.00
0.00
0.00
0.00
0.00
0.00
0.00
0.00
0.00
0.00
0.00
0.00
0.00
0.00
0.00
0.00
0.00
0.00
0.00
96.00
0.00
0.00
70.24
316.46
0.00
0.00
0.00
0.00
0.00
0.00
0.00
0.00
0.00
0.00
0.00
0.00
0.00
0.00
0.00
0.00
0.00
0.00
0.00
0.00
0.00
0.00
0.00
0.00
0.00
0.00
935.15
0.00
0.00
684.21
0.00
0.00
0.00
0.00
0.00
0.00
0.00
0.00
0.00
0.00
0.00
0.00
0.00
0.00
0.00
0.00
0.00
0.00
0.00
0.00
0.00
0.00
0.00
0.00
0.00
0.00
0.00
208.39
0.00
0.00
0.00
0.00
0.00
0.00
0.00
0.00
0.00
0.00
0.00
0.00
0.00
0.00
0.00
0.00
0.00
0.00
0.00
0.00
0.00
0.00
0.00
0.00
0.00
0.00
0.00
0.00
0.00
0.00
52.75
0.00
0.00
0.00
0.00
0.00
0.00
0.00
0.00
0.00
0.00
0.00
0.00
0.00
0.00
0.00
0.00
0.00
0.00
0.00
0.00
0.00
0.00
0.00
0.00
0.00
0.00
0.00
0.00
73.12
0.00
513.85
0.00
0.00
0.00
0.00
0.00
0.00
0.00
0.00
0.00
0.00
0.00
0.00
0.00
0.00
0.00
0.00
0.00
0.00
0.00
0.00
0.00
0.00
0.00
0.00
0.00
0.00
0.00
0.00
0.00
0.00
0.00
0.00
0.00
0.00
0.00
0.00
0.00
0.00
0.00
0.00
0.00
0.00
0.00
0.00
0.00
0.00
0.00
0.00
0.00
0.00
0.00
0.00
0.00
0.00
0.00
0.00
0.00
0.00
0.00
0.00
0.00
0.00
0.00
0.00
0.00
0.00
0.00
0.00
0.00
0.00
0.00
0.00
0.00
0.00
0.00
0.00
0.00
0.00
0.00
0.00
0.00
0.00
0.00
0.00
0.00
0.00
0.00
0.00
0.00
0.00
