0.00
0.00
855.60
0.00
312.45
0.00
215.12
0.00
341.50
770.99
765.44
0.00
303.05
1006.87
0.00
350.30
298.62
0.00
0.00
0.00
427.34
0.00
0.00
0.00
436.18
0.00
0.00
0.00
402.03
0.00
0.00
0.00
332.95
0.00
0.00
1124.67
231.18
0.00
0.00
0.00
0.00
0.00
459.27
1147.92
0.00
79.09
0.00
0.00
0.00
86.45
0.00
0.00
0.00
76.72
0.00
0.00
36.07
75.59
0.00
0.00
0.00
108.18
0.00
0.00
0.00
110.42
0.00
1194.07
0.00
101.77
0.00
834.66
0.00
84.28
0.00
0.00
619.02
58.52
0.00
0.00
0.00
0.00
0.00
0.00
0.00
0.00
770.44
0.00
0.00
759.53
842.09
0.00
0.00
0.00
747.27
0.00
0.00
0.00
736.35
0.00
0.00
364.09
1053.74
261.06
0.00
0.00
1075.55
0.00
0.00
0.00
991.35
0.00
0.00
530.20
820.99
0.00
0.00
626.42
570.05
46.58
0.00
0.00
0.00
0.00
0.00
0.00
371.33
855.95
0.00
0.00
305.96
935.55
490.07
829.50
0.00
830.21
0.00
36.89
0.00
818.07
0.00
0.00
1193.21
1170.69
0.00
0.00
0.00
1194.92
0.00
0.00
0.00
1101.37
0.00
0.00
590.63
912.11
925.45
0.00
0.00
633.31
0.00
0.00
0.00
0.00
0.00
0.00
0.00
0.00
298.22
0.00
224.22
1143.32
259.76
0.00
0.00
0.00
255.33
0.00
0.00
0.00
384.05
0.00
0.00
0.00
392.89
0.00
0.00
757.82
358.75
0.00
0.00
0.00
289.66
0.00
1053.29
0.00
187.89
0.00
0.00
0.00
0.00
0.00
0.00
0.00
0.00
0.00
0.00
837.25
0.00
75.49
0.00
0.00
0.00
65.76
507.89
0.00
1127.30
64.64
0.00
0.00
0.00
97.22
1169.63
1281.51
0.00
99.46
422.16
618.79
0.00
90.81
0.00
0.00
0.00
73.33
0.00
0.00
508.27
47.56
1102.27
0.00
0.00
0.00
0.00
0.00
0.00
0.00
0.00
0.00
0.00
0.00
735.35
0.00
0.00
0.00
640.53
921.60
0.00
0.00
629.61
0.00
65.77
0.00
947.00
0.00
0.00
0.00
968.81
0.00
0.00
0.00
884.61
0.00
0.00
0.00
714.25
0.00
0.00
0.00
463.31
0.00
0.00
0.00
0.00
0.00
0.00
0.00
0.00
0.00
0.00
906.88
0.00
816.96
900.82
0.00
0.00
711.62
0.00
0.00
0.00
699.48
0.00
789.65
905.48
1052.10
870.16
0.00
0.00
1076.33
0.00
0.00
0.00
982.78
0.00
0.00
903.15
793.52
684.87
0.00
0.00
514.72
0.00
0.00
0.00
0.00
0.00
0.00
0.00
0.00
0.00
0.00
0.00
0.00
288.82
1036.54
0.00
0.00
284.39
254.09
0.00
0.00
413.10
1111.10
0.00
484.15
421.95
313.55
1016.87
0.00
387.80
0.00
0.00
0.00
318.71
1181.37
37.06
0.00
216.95
0.00
843.78
0.00
0.00
0.00
0.00
0.00
0.00
0.00
0.00
0.00
0.00
0.00
0.00
0.00
370.58
73.11
1256.80
0.00
0.00
71.99
0.00
0.00
0.00
104.58
0.00
0.00
0.00
106.81
0.00
1240.29
0.00
98.17
0.00
0.00
561.55
80.68
0.00
0.00
0.00
54.92
0.00
325.91
0.00
0.00
0.00
0.00
0.00
0.00
0.00
0.00
0.00
0.00
0.00
0.00
274.67
0.00
712.18
0.00
0.00
0.00
701.26
0.00
860.10
0.00
1018.64
0.00
0.00
0.00
1040.45
0.00
0.00
0.00
956.25
0.00
0.00
0.00
785.89
0.00
1378.57
1276.28
534.95
0.00
0.00
0.00
0.00
0.00
0.00
0.00
0.00
0.00
0.00
0.00
0.00
0.00
0.00
131.51
408.82
791.22
1112.65
0.00
0.00
779.08
0.00
0.00
677.87
1131.70
0.00
0.00
201.15
1155.92
0.00
95.15
0.00
1062.38
0.00
0.00
213.77
873.11
0.00
0.00
0.00
594.32
0.00
0.00
0.00
0.00
0.00
0.00
0.00
0.00
0.00
0.00
0.00
0.00
0.00
711.25
0.00
0.00
245.94
0.00
854.53
0.00
374.65
1266.71
0.00
0.00
383.50
0.00
0.00
0.00
349.35
0.00
0.00
0.00
280.26
0.00
445.21
420.43
178.49
85.98
0.00
490.35
0.00
0.00
0.00
0.00
0.00
0.00
0.00
0.00
0.00
0.00
0.00
0.00
0.00
0.00
0.00
299.40
0.00
62.26
0.00
202.40
936.33
94.84
0.00
0.00
0.00
97.08
248.69
0.00
1357.18
88.44
0.00
0.00
0.00
70.95
0.00
1353.81
1004.75
45.18
0.00
346.60
0.00
0.00
0.00
0.00
0.00
0.00
0.00
0.00
0.00
0.00
0.00
0.00
0.00
0.00
0.00
1329.54
68.39
180.03
606.44
334.54
0.00
0.00
923.83
0.00
0.00
0.00
945.64
620.90
0.00
0.00
861.44
0.00
28.38
0.00
691.08
0.00
0.00
0.00
440.14
0.00
0.00
0.00
0.00
0.00
0.00
0.00
0.00
0.00
0.00
0.00
0.00
0.00
0.00
0.00
0.00
0.00
1265.49
0.00
842.03
673.74
1029.30
0.00
0.00
1026.36
1032.34
0.00
0.00
1050.58
0.00
0.00
0.00
957.04
0.00
1349.83
0.00
767.77
419.62
1035.13
679.96
488.98
0.00
0.00
0.00
0.00
0.00
0.00
0.00
0.00
0.00
0.00
0.00
0.00
0.00
0.00
0.00
0.00
0.00
0.00
0.00
0.00
370.22
0.00
427.22
1263.88
379.07
958.26
0.00
893.95
344.92
138.54
621.93
0.00
275.83
0.00
0.00
0.00
174.06
0.00
0.00
0.00
0.00
0.00
0.00
0.00
0.00
0.00
0.00
0.00
0.00
0.00
0.00
0.00
0.00
0.00
0.00
0.00
0.00
0.00
1407.31
0.00
567.43
93.72
0.00
1339.70
0.00
95.96
0.00
0.00
0.00
87.31
0.00
0.00
0.00
69.83
0.00
1318.66
0.00
44.06
0.00
0.00
0.00
0.00
0.00
0.00
0.00
0.00
0.00
0.00
0.00
0.00
0.00
0.00
0.00
0.00
0.00
0.00
0.00
0.00
0.00
0.00
0.00
0.00
912.91
0.00
0.00
1360.67
934.71
0.00
0.00
0.00
850.51
0.00
0.00
346.75
680.16
240.20
0.00
387.25
429.21
0.00
0.00
0.00
0.00
0.00
0.00
0.00
0.00
0.00
0.00
0.00
0.00
0.00
0.00
0.00
0.00
0.00
0.00
0.00
0.00
0.00
962.03
1278.23
0.00
1014.22
0.00
0.00
0.00
1038.45
0.00
0.00
0.00
944.91
0.00
0.00
433.85
755.64
0.00
0.00
0.00
476.85
0.00
0.00
0.00
0.00
0.00
0.00
0.00
0.00
0.00
0.00
0.00
0.00
0.00
0.00
0.00
0.00
0.00
0.00
0.00
0.00
0.00
0.00
0.00
0.00
507.78
0.00
0.00
0.00
473.64
0.00
109.56
0.00
404.55
513.54
0.00
0.00
302.78
0.00
0.00
235.95
0.00
0.00
0.00
0.00
0.00
0.00
0.00
0.00
0.00
0.00
0.00
0.00
0.00
0.00
0.00
0.00
0.00
0.00
0.00
0.00
0.00
0.00
0.00
0.00
0.00
128.54
0.00
0.00
0.00
119.90
0.00
0.00
1103.16
102.41
0.00
0.00
604.35
76.65
1289.67
0.00
0.00
0.00
0.00
0.00
0.00
0.00
0.00
0.00
0.00
0.00
0.00
0.00
0.00
0.00
0.00
0.00
0.00
0.00
0.00
0.00
0.00
0.00
0.00
0.00
0.00
0.00
1252.10
0.00
0.00
0.00
1167.90
0.00
0.00
0.00
997.54
0.00
0.00
0.00
746.60
1007.22
0.00
0.00
0.00
0.00
0.00
0.00
0.00
0.00
0.00
0.00
0.00
0.00
0.00
0.00
0.00
0.00
0.00
0.00
0.00
0.00
0.00
0.00
0.00
0.00
0.00
0.00
522.68
1391.06
0.00
481.70
0.00
1297.52
0.00
0.00
0.00
1108.25
0.00
0.00
0.00
829.46
0.00
0.00
0.00
0.00
0.00
0.00
0.00
0.00
0.00
0.00
0.00
0.00
0.00
0.00
0.00
0.00
0.00
0.00
0.00
0.00
0.00
0.00
0.00
0.00
0.00
0.00
0.00
0.00
482.48
0.00
0.00
589.33
413.39
0.00
0.00
0.00
311.62
0.00
195.13
0.00
0.00
0.00
0.00
0.00
0.00
0.00
0.00
0.00
0.00
0.00
0.00
0.00
0.00
0.00
0.00
0.00
0.00
0.00
0.00
0.00
0.00
0.00
0.00
0.00
0.00
0.00
831.42
0.00
0.00
122.14
828.85
0.00
809.62
104.65
0.00
0.00
0.00
78.89
0.00
0.00
0.00
0.00
0.00
0.00
0.00
0.00
0.00
0.00
0.00
0.00
0.00
0.00
0.00
0.00
0.00
0.00
0.00
0.00
0.00
0.00
0.00
0.00
0.00
0.00
0.00
0.00
0.00
433.76
0.00
1322.67
1189.71
0.00
0.00
454.85
1019.35
0.00
0.00
0.00
768.41
0.00
0.00
0.00
0.00
0.00
0.00
0.00
0.00
0.00
0.00
0.00
0.00
0.00
0.00
0.00
0.00
0.00
0.00
0.00
0.00
0.00
0.00
0.00
0.00
0.00
0.00
0.00
0.00
0.00
0.00
0.00
0.00
1321.75
0.00
668.09
0.00
1132.48
0.00
0.00
0.00
853.69
0.00
0.00
0.00
0.00
0.00
0.00
0.00
0.00
0.00
0.00
0.00
0.00
0.00
0.00
0.00
0.00
0.00
0.00
0.00
0.00
0.00
0.00
0.00
0.00
0.00
0.00
0.00
0.00
0.00
0.00
1082.43
0.00
379.24
0.00
0.00
0.00
277.48
0.00
0.00
0.00
0.00
0.00
0.00
0.00
0.00
0.00
0.00
0.00
0.00
0.00
0.00
0.00
0.00
0.00
0.00
0.00
0.00
0.00
0.00
0.00
0.00
0.00
0.00
0.00
0.00
0.00
0.00
0.00
0.00
0.00
0.00
0.00
174.21
96.00
0.00
0.00
0.00
70.24
0.00
0.00
0.00
0.00
0.00
0.00
0.00
0.00
0.00
0.00
0.00
0.00
0.00
0.00
0.00
0.00
0.00
0.00
0.00
0.00
0.00
0.00
0.00
0.00
0.00
0.00
0.00
0.00
0.00
0.00
0.00
0.00
0.00
0.00
0.00
0.00
935.15
0.00
0.00
642.55
684.21
0.00
0.00
0.00
0.00
0.00
0.00
0.00
0.00
0.00
0.00
0.00
0.00
0.00
0.00
0.00
0.00
0.00
0.00
0.00
0.00
0.00
0.00
0.00
0.00
0.00
0.00
0.00
0.00
0.00
0.00
0.00
0.00
0.00
866.90
0.00
120.63
1038.94
0.00
252.46
0.00
760.15
0.00
0.00
0.00
0.00
0.00
0.00
0.00
0.00
0.00
0.00
0.00
0.00
0.00
0.00
0.00
0.00
0.00
0.00
0.00
0.00
0.00
0.00
0.00
0.00
0.00
0.00
0.00
0.00
0.00
0.00
0.00
0.00
0.00
0.00
0.00
1028.72
208.39
28.41
0.00
0.00
0.00
0.00
0.00
0.00
0.00
0.00
0.00
0.00
0.00
0.00
0.00
0.00
0.00
0.00
0.00
0.00
0.00
0.00
0.00
0.00
0.00
0.00
0.00
0.00
0.00
0.00
0.00
0.00
0.00
0.00
0.00
0.00
0.00
0.00
0.00
1290.27
0.00
52.75
0.00
0.00
0.00
0.00
0.00
0.00
0.00
0.00
0.00
0.00
0.00
0.00
0.00
0.00
0.00
0.00
0.00
0.00
0.00
0.00
0.00
0.00
0.00
0.00
0.00
0.00
0.00
0.00
0.00
0.00
0.00
0.00
0.00
0.00
0.00
0.00
0.00
0.00
0.00
0.00
513.85
0.00
0.00
0.00
0.00
0.00
0.00
0.00
0.00
0.00
0.00
0.00
0.00
0.00
0.00
0.00
0.00
0.00
0.00
0.00
0.00
0.00
0.00
0.00
0.00
0.00
0.00
0.00
0.00
0.00
0.00
0.00
0.00
0.00
0.00
0.00
0.00
0.00
1381.08
0.00
209.85
570.88
0.00
0.00
0.00
0.00
0.00
0.00
0.00
0.00
0.00
0.00
0.00
0.00
0.00
0.00
0.00
0.00
0.00
0.00
0.00
0.00
0.00
0.00
0.00
0.00
0.00
0.00
0.00
0.00
0.00
0.00
0.00
0.00
0.00
0.00
0.00
0.00
0.00
0.00
0.00
0.00
0.00
0.00
0.00
0.00
0.00
0.00
0.00
0.00
0.00
0.00
0.00
0.00
0.00
0.00
0.00
0.00
0.00
0.00
0.00
0.00
0.00
0.00
0.00
0.00
0.00
0.00
0.00
0.00
0.00
0.00
0.00
0.00
0.00
0.00
0.00
0.00
0.00
0.00
0.00
539.45
0.00
0.00
0.00
0.00
0.00
0.00
0.00
0.00
0.00
0.00
0.00
0.00
0.00
0.00
0.00
0.00
0.00
0.00
0.00
0.00
0.00
0.00
0.00
0.00
0.00
0.00
0.00
0.00
0.00
0.00
0.00
0.00
0.00
0.00
0.00
0.00
0.00
0.00
0.00
0.00
0.00
0.00
0.00
0.00
0.00
0.00
0.00
0.00
0.00
0.00
0.00
0.00
0.00
0.00
0.00
0.00
0.00
0.00
0.00
0.00
0.00
0.00
0.00
0.00
0.00
0.00
0.00
0.00
0.00
0.00
0.00
0.00
0.00
0.00
0.00
0.00
0.00
0.00
0.00
0.00
