0.00
0.00
0.00
1134.40
0.00
0.00
1239.89
511.45
0.00
1100.28
195.64
0.00
1084.20
0.00
0.00
1551.52
0.00
0.00
1583.63
0.00
0.00
1459.66
0.00
0.00
1208.82
0.00
0.00
839.34
0.00
0.00
895.69
0.00
0.00
709.05
0.00
0.00
1262.02
0.00
0.00
1330.41
0.00
0.00
980.17
0.00
0.00
0.00
0.00
917.37
524.58
709.16
0.00
0.00
775.11
0.00
0.00
687.83
0.00
0.00
677.78
0.00
0.00
969.93
0.00
0.00
990.00
0.00
0.00
912.50
0.00
0.00
755.69
0.00
0.00
524.71
0.00
1801.00
559.94
0.00
0.00
443.26
0.00
0.00
788.94
0.00
0.00
831.70
1942.86
0.00
612.75
0.00
0.00
0.00
0.00
0.00
0.00
1184.37
0.00
0.00
1294.51
0.00
0.00
1148.75
0.00
0.00
1131.96
0.00
0.00
1619.87
0.00
0.00
1653.40
0.00
0.00
1523.96
0.00
0.00
1262.07
0.00
0.00
876.31
0.00
0.00
935.15
0.00
0.00
740.28
0.00
1847.46
1317.61
0.00
0.00
1389.02
0.00
95.94
1023.35
0.00
0.00
0.00
0.00
0.00
0.00
1082.72
1900.22
0.00
943.11
0.00
0.00
927.03
1091.27
0.00
1394.36
0.00
0.00
1426.47
1122.73
0.00
1302.49
0.00
0.00
1051.65
1610.11
0.00
682.17
0.00
0.00
738.53
0.00
0.00
551.88
0.00
0.00
1104.85
0.00
746.13
1173.24
431.34
0.00
823.01
0.00
0.00
0.00
0.00
0.00
0.00
0.00
0.00
0.00
676.86
0.00
1240.29
589.58
0.00
0.00
579.53
0.00
0.00
871.67
0.00
0.00
891.75
0.00
0.00
814.24
0.00
0.00
657.44
0.00
0.00
426.45
539.45
0.00
461.68
0.00
0.00
345.00
0.00
883.55
690.69
0.00
0.00
733.44
0.00
0.00
514.50
0.00
0.00
0.00
0.00
0.00
0.00
0.00
275.95
0.00
1130.42
0.00
0.00
984.66
0.00
435.27
967.87
0.00
0.00
1455.78
0.00
0.00
1489.31
0.00
0.00
1359.87
503.01
0.00
1097.98
0.00
604.96
712.22
0.00
0.00
771.06
0.00
0.00
576.19
0.00
0.00
1153.52
1187.74
0.00
1224.93
0.00
0.00
859.26
0.00
0.00
0.00
0.00
0.00
0.00
0.00
0.00
0.00
1048.61
0.00
0.00
1032.52
0.00
0.00
1499.85
0.00
0.00
1531.96
0.00
0.00
1407.98
0.00
0.00
1157.15
0.00
0.00
787.66
0.00
0.00
844.02
0.00
0.00
657.37
0.00
0.00
1210.34
0.00
0.00
1278.73
0.00
0.00
928.50
0.00
733.61
0.00
0.00
0.00
0.00
0.00
0.00
0.00
0.00
0.00
1106.35
655.53
0.00
0.00
645.48
0.00
0.00
937.62
0.00
0.00
957.70
0.00
663.87
880.19
1492.61
0.00
723.38
0.00
0.00
492.40
0.00
0.00
527.63
0.00
0.00
410.95
96.16
1744.49
756.64
0.00
0.00
799.39
0.00
0.00
580.44
0.00
0.00
0.00
0.00
0.00
0.00
0.00
0.00
0.00
0.00
168.60
0.00
1094.80
0.00
125.97
1078.01
0.00
0.00
1565.92
1037.77
0.00
1599.45
1301.52
351.57
1470.01
0.00
0.00
1208.12
0.00
0.00
822.36
0.00
0.00
881.20
0.00
0.00
686.33
0.00
0.00
1263.66
0.00
0.00
1335.06
0.00
1222.88
969.40
0.00
0.00
0.00
0.00
0.00
0.00
0.00
0.00
0.00
0.00
670.48
0.00
892.92
0.00
0.00
1360.24
0.00
0.00
1392.35
0.00
0.00
1268.37
0.00
0.00
1017.54
1149.79
0.00
648.05
0.00
0.00
704.41
1524.88
0.00
517.76
0.00
0.00
1070.73
0.00
0.00
1139.12
0.00
658.55
788.89
0.00
0.00
0.00
0.00
0.00
0.00
0.00
0.00
0.00
0.00
0.00
0.00
0.00
0.00
0.00
558.20
0.00
0.00
850.35
0.00
0.00
870.42
0.00
0.00
792.92
0.00
0.00
636.11
0.00
0.00
405.13
0.00
0.00
440.36
0.00
0.00
323.68
1936.96
0.00
669.36
0.00
0.00
712.12
1281.13
929.81
493.17
0.00
0.00
0.00
0.00
0.00
0.00
0.00
0.00
0.00
0.00
0.00
0.00
0.00
0.00
0.00
932.25
0.00
613.17
1420.16
0.00
0.00
1453.69
1120.64
0.00
1324.25
779.22
0.00
1062.36
0.00
0.00
676.60
556.78
0.00
735.44
0.00
0.00
540.57
449.95
0.00
1117.90
0.00
0.00
1189.31
0.00
0.00
823.64
0.00
0.00
0.00
0.00
0.00
0.00
0.00
0.00
0.00
0.00
0.00
0.00
0.00
0.00
0.00
1344.16
0.00
0.00
1376.27
0.00
0.00
1252.29
0.00
0.00
1001.46
0.00
0.00
631.97
1028.50
0.00
688.33
1839.19
0.00
501.68
0.00
0.00
1054.65
1767.82
0.00
1123.04
0.00
1843.86
772.81
883.52
0.00
0.00
0.00
0.00
0.00
0.00
0.00
0.00
0.00
0.00
0.00
0.00
0.00
0.00
0.00
0.00
0.00
840.29
1161.80
0.00
860.37
337.44
0.00
782.86
0.00
0.00
626.06
0.00
1752.82
395.07
1181.74
0.00
430.30
0.00
0.00
313.62
0.00
0.00
659.31
0.00
0.00
702.06
0.00
0.00
483.12
0.00
0.00
0.00
0.00
0.00
0.00
0.00
0.00
0.00
0.00
0.00
0.00
0.00
0.00
0.00
0.00
0.00
1591.27
1403.37
0.00
0.00
1436.90
0.00
630.88
1307.46
0.00
0.00
1045.57
0.00
0.00
659.81
0.00
1338.49
718.65
0.00
0.00
523.78
0.00
0.00
1101.11
0.00
1925.56
1172.52
0.00
0.00
806.85
0.00
0.00
0.00
0.00
0.00
0.00
0.00
0.00
0.00
0.00
0.00
0.00
0.00
0.00
0.00
0.00
0.00
0.00
1843.59
0.00
0.00
1719.61
0.00
0.00
1468.78
0.00
0.00
1099.29
917.29
0.00
1155.65
0.00
0.00
969.00
0.00
1385.21
1521.97
1160.83
0.00
1590.36
0.00
752.84
1240.13
843.27
0.00
0.00
0.00
0.00
0.00
0.00
0.00
0.00
0.00
0.00
0.00
0.00
0.00
0.00
0.00
0.00
0.00
0.00
0.00
0.00
1152.51
0.00
0.00
1075.01
0.00
0.00
918.20
0.00
607.96
687.22
0.00
1368.46
722.45
0.00
0.00
605.77
0.00
0.00
951.45
0.00
0.00
994.21
0.00
0.00
775.26
0.00
0.00
0.00
0.00
0.00
0.00
0.00
0.00
0.00
0.00
0.00
0.00
0.00
0.00
0.00
0.00
0.00
0.00
0.00
0.00
0.00
1924.81
0.00
0.00
1795.37
0.00
0.00
1533.48
0.00
0.00
1147.72
0.00
0.00
1206.56
405.73
0.00
1011.69
0.00
0.00
1589.02
0.00
0.00
1660.43
0.00
1751.98
1294.76
0.00
0.00
0.00
0.00
0.00
0.00
0.00
0.00
0.00
0.00
0.00
0.00
0.00
0.00
0.00
0.00
0.00
0.00
0.00
0.00
0.00
1751.73
0.00
1305.81
1500.89
364.38
0.00
1131.40
0.00
0.00
1187.76
0.00
0.00
1001.11
0.00
0.00
1554.08
0.00
0.00
1622.48
285.65
0.00
1272.24
0.00
0.00
0.00
0.00
0.00
0.00
0.00
0.00
0.00
0.00
0.00
0.00
0.00
0.00
0.00
0.00
0.00
0.00
0.00
0.00
0.00
0.00
0.00
0.00
1095.08
0.00
0.00
938.27
0.00
0.00
707.29
0.00
0.00
742.52
0.00
1913.93
625.84
0.00
0.00
971.53
0.00
0.00
1014.28
0.00
0.00
795.33
0.00
0.00
0.00
0.00
0.00
0.00
0.00
0.00
0.00
0.00
0.00
0.00
0.00
0.00
0.00
0.00
0.00
0.00
0.00
0.00
0.00
0.00
0.00
0.00
1828.90
0.00
0.00
1567.01
0.00
0.00
1181.25
1068.17
0.00
1240.09
0.00
219.90
1045.22
1825.92
0.00
1622.55
0.00
0.00
1693.95
0.00
0.00
1328.29
0.00
0.00
0.00
0.00
0.00
0.00
0.00
0.00
0.00
0.00
0.00
0.00
0.00
0.00
0.00
0.00
0.00
0.00
0.00
0.00
0.00
0.00
0.00
0.00
1376.91
0.00
0.00
1007.43
0.00
0.00
1063.78
0.00
0.00
877.14
1304.58
0.00
1430.11
0.00
764.71
1498.50
0.00
0.00
1148.26
0.00
0.00
0.00
0.00
0.00
0.00
0.00
0.00
0.00
0.00
0.00
0.00
0.00
0.00
0.00
0.00
0.00
0.00
0.00
0.00
0.00
0.00
0.00
0.00
0.00
0.00
0.00
860.77
0.00
0.00
629.79
0.00
0.00
665.02
0.00
0.00
548.34
0.00
0.00
894.02
0.00
0.00
936.78
0.00
0.00
717.83
0.00
0.00
0.00
0.00
0.00
0.00
0.00
0.00
0.00
0.00
0.00
0.00
0.00
0.00
0.00
0.00
0.00
0.00
0.00
0.00
0.00
0.00
0.00
0.00
0.00
476.77
0.00
1437.57
0.00
0.00
1051.81
0.00
1685.85
1110.65
0.00
659.59
915.78
0.00
0.00
1493.11
0.00
0.00
1564.51
0.00
399.48
1198.85
0.00
0.00
0.00
0.00
0.00
0.00
0.00
0.00
0.00
0.00
0.00
0.00
0.00
0.00
0.00
0.00
0.00
0.00
0.00
0.00
0.00
0.00
0.00
0.00
0.00
0.00
0.00
756.59
0.00
0.00
812.95
0.00
0.00
626.30
0.00
0.00
1179.27
0.00
0.00
1247.66
0.00
1218.12
897.43
0.00
683.17
0.00
0.00
0.00
0.00
0.00
0.00
0.00
0.00
0.00
0.00
0.00
0.00
0.00
0.00
0.00
0.00
0.00
0.00
0.00
0.00
0.00
0.00
0.00
0.00
0.00
0.00
0.00
0.00
472.98
0.00
0.00
508.21
0.00
0.00
391.53
0.00
0.00
737.22
0.00
0.00
779.97
0.00
0.00
561.02
1963.82
0.00
0.00
0.00
0.00
0.00
0.00
0.00
0.00
0.00
0.00
0.00
0.00
0.00
0.00
0.00
0.00
0.00
0.00
0.00
0.00
0.00
0.00
0.00
0.00
0.00
0.00
0.00
0.00
0.00
789.92
1575.61
0.00
848.76
0.00
1693.52
653.89
0.00
0.00
1231.22
0.00
919.83
1302.63
0.00
1721.39
936.96
0.00
0.00
0.00
0.00
0.00
0.00
0.00
0.00
0.00
0.00
0.00
0.00
0.00
0.00
0.00
0.00
0.00
0.00
0.00
0.00
0.00
0.00
0.00
0.00
0.00
0.00
0.00
0.00
0.00
0.00
443.46
0.00
0.00
256.82
0.00
0.00
809.79
0.00
0.00
878.18
0.00
0.00
527.94
0.00
0.00
0.00
0.00
0.00
0.00
0.00
0.00
0.00
0.00
0.00
0.00
0.00
0.00
0.00
0.00
0.00
0.00
0.00
0.00
0.00
0.00
0.00
0.00
0.00
0.00
0.00
0.00
0.00
0.00
0.00
0.00
0.00
277.23
0.00
0.00
160.55
0.00
0.00
506.23
0.00
0.00
548.99
0.00
0.00
330.04
0.00
0.00
0.00
0.00
0.00
0.00
0.00
0.00
0.00
0.00
0.00
0.00
0.00
0.00
0.00
0.00
0.00
0.00
0.00
0.00
0.00
0.00
0.00
0.00
0.00
0.00
0.00
0.00
0.00
0.00
0.00
702.22
0.00
463.00
0.00
0.00
268.13
0.00
0.00
845.46
0.00
0.00
916.86
0.00
0.00
551.20
0.00
0.00
0.00
0.00
0.00
0.00
0.00
0.00
0.00
0.00
0.00
0.00
0.00
0.00
0.00
0.00
0.00
0.00
0.00
0.00
0.00
0.00
0.00
0.00
0.00
0.00
0.00
0.00
0.00
0.00
0.00
0.00
0.00
313.17
0.00
1952.87
866.14
0.00
0.00
934.53
0.00
0.00
584.30
0.00
0.00
0.00
0.00
0.00
0.00
0.00
0.00
0.00
0.00
0.00
0.00
0.00
0.00
0.00
0.00
0.00
0.00
0.00
0.00
0.00
0.00
0.00
0.00
0.00
0.00
0.00
0.00
0.00
0.00
0.00
0.00
0.00
0.00
0.00
0.00
195.78
0.00
0.00
541.46
0.00
0.00
584.22
0.00
414.19
365.27
0.00
0.00
0.00
0.00
0.00
0.00
0.00
0.00
0.00
0.00
0.00
0.00
0.00
0.00
0.00
0.00
0.00
0.00
0.00
0.00
0.00
0.00
0.00
0.00
0.00
0.00
0.00
0.00
0.00
0.00
0.00
0.00
0.00
0.00
0.00
0.00
326.97
0.00
587.76
904.30
0.00
0.00
975.70
0.00
0.00
610.04
0.00
0.00
0.00
0.00
0.00
0.00
0.00
0.00
0.00
0.00
0.00
0.00
0.00
0.00
0.00
0.00
0.00
0.00
0.00
0.00
0.00
0.00
0.00
0.00
0.00
0.00
0.00
0.00
0.00
0.00
0.00
0.00
0.00
0.00
0.00
0.00
679.50
0.00
0.00
747.89
0.00
0.00
397.65
0.00
0.00
0.00
0.00
0.00
0.00
0.00
0.00
0.00
0.00
0.00
0.00
0.00
0.00
0.00
0.00
0.00
0.00
0.00
0.00
0.00
0.00
0.00
0.00
0.00
0.00
0.00
0.00
0.00
0.00
0.00
0.00
0.00
0.00
0.00
0.00
0.00
0.00
1907.41
424.78
0.00
0.00
467.54
1842.53
0.00
248.59
122.84
0.00
0.00
0.00
0.00
0.00
0.00
0.00
0.00
0.00
0.00
0.00
0.00
0.00
0.00
0.00
0.00
0.00
0.00
0.00
0.00
0.00
0.00
0.00
0.00
0.00
0.00
0.00
0.00
0.00
0.00
0.00
0.00
0.00
0.00
0.00
0.00
0.00
633.13
709.43
0.00
1338.00
780.83
0.00
0.00
415.17
0.00
0.00
0.00
0.00
0.00
0.00
0.00
0.00
0.00
0.00
0.00
0.00
0.00
0.00
0.00
0.00
0.00
0.00
0.00
0.00
0.00
0.00
0.00
0.00
0.00
0.00
0.00
0.00
0.00
0.00
0.00
0.00
0.00
0.00
0.00
0.00
0.00
0.00
0.00
1300.86
932.40
950.96
950.62
0.00
0.00
0.00
0.00
0.00
0.00
0.00
0.00
0.00
0.00
0.00
0.00
0.00
0.00
0.00
0.00
0.00
0.00
0.00
0.00
0.00
0.00
0.00
0.00
0.00
0.00
0.00
0.00
0.00
0.00
0.00
0.00
0.00
0.00
0.00
0.00
0.00
0.00
0.00
0.00
0.00
0.00
813.22
0.00
0.00
594.28
0.00
0.00
0.00
0.00
0.00
0.00
0.00
0.00
0.00
0.00
0.00
0.00
0.00
0.00
0.00
0.00
0.00
0.00
0.00
0.00
0.00
0.00
0.00
0.00
0.00
0.00
0.00
0.00
0.00
0.00
0.00
0.00
0.00
0.00
0.00
0.00
0.00
0.00
0.00
0.00
0.00
0.00
1358.17
0.00
0.00
992.50
0.00
0.00
0.00
0.00
0.00
0.00
0.00
0.00
0.00
0.00
0.00
0.00
0.00
0.00
0.00
0.00
0.00
0.00
0.00
0.00
0.00
0.00
0.00
0.00
0.00
0.00
0.00
0.00
0.00
0.00
0.00
0.00
0.00
0.00
0.00
0.00
0.00
0.00
0.00
0.00
0.00
0.00
1019.01
0.00
1202.70
0.00
0.00
0.00
0.00
0.00
0.00
0.00
0.00
0.00
0.00
0.00
0.00
0.00
0.00
0.00
0.00
0.00
0.00
0.00
0.00
0.00
0.00
0.00
0.00
0.00
0.00
0.00
0.00
0.00
0.00
0.00
0.00
0.00
0.00
0.00
0.00
0.00
0.00
0.00
0.00
0.00
0.00
0.00
637.03
0.00
0.00
0.00
0.00
0.00
0.00
0.00
0.00
0.00
0.00
0.00
0.00
0.00
0.00
0.00
0.00
0.00
0.00
0.00
0.00
0.00
0.00
0.00
0.00
0.00
0.00
0.00
0.00
0.00
0.00
0.00
0.00
0.00
0.00
0.00
0.00
0.00
0.00
0.00
0.00
0.00
0.00
0.00
0.00
0.00
1063.91
0.00
0.00
0.00
0.00
0.00
0.00
0.00
0.00
0.00
0.00
0.00
0.00
0.00
0.00
0.00
0.00
0.00
0.00
0.00
0.00
0.00
0.00
0.00
0.00
0.00
0.00
0.00
0.00
0.00
0.00
0.00
0.00
0.00
0.00
0.00
0.00
0.00
0.00
0.00
0.00
0.00
0.00
0.00
0.00
764.38
0.00
0.00
0.00
0.00
0.00
0.00
0.00
0.00
0.00
0.00
0.00
0.00
0.00
0.00
0.00
0.00
0.00
0.00
0.00
0.00
0.00
0.00
0.00
0.00
0.00
0.00
0.00
0.00
0.00
0.00
0.00
0.00
0.00
0.00
0.00
0.00
0.00
0.00
0.00
0.00
0.00
0.00
0.00
0.00
0.00
0.00
0.00
0.00
0.00
0.00
0.00
0.00
0.00
0.00
0.00
0.00
0.00
0.00
0.00
0.00
0.00
0.00
0.00
0.00
0.00
0.00
0.00
0.00
0.00
0.00
0.00
0.00
0.00
0.00
0.00
0.00
0.00
0.00
0.00
0.00
0.00
0.00
0.00
0.00
0.00
0.00
0.00
0.00
0.00
0.00
