0.00
0.00
0.00
0.00
1134.40
0.00
0.00
1216.37
1239.89
0.00
513.35
365.21
1100.28
0.00
0.00
0.00
1084.20
266.58
1239.39
0.00
1551.52
0.00
709.16
0.00
1583.63
0.00
0.00
0.00
1459.66
0.00
0.00
0.00
1208.82
0.00
0.00
0.00
839.34
0.00
0.00
0.00
895.69
1273.40
0.00
0.00
709.05
0.00
0.00
0.00
1262.02
0.00
0.00
88.04
1330.41
0.00
0.00
0.00
980.17
0.00
0.00
0.00
0.00
0.00
0.00
0.00
463.75
709.16
0.00
0.00
0.00
775.11
0.00
0.00
0.00
687.83
0.00
0.00
0.00
677.78
0.00
0.00
0.00
969.93
1884.43
314.99
1067.24
990.00
0.00
0.00
0.00
912.50
0.00
0.00
0.00
755.69
0.00
0.00
0.00
524.71
0.00
0.00
798.81
559.94
0.00
0.00
0.00
443.26
0.00
0.00
0.00
788.94
0.00
0.00
0.00
831.70
0.00
0.00
0.00
612.75
0.00
0.00
0.00
0.00
0.00
0.00
0.00
0.00
1184.37
0.00
0.00
0.00
1294.51
0.00
0.00
0.00
1148.75
0.00
1659.68
0.00
1131.96
0.00
0.00
0.00
1619.87
0.00
0.00
0.00
1653.40
1088.10
0.00
0.00
1523.96
0.00
0.00
1119.67
1262.07
0.00
0.00
0.00
876.31
0.00
0.00
0.00
935.15
0.00
0.00
0.00
740.28
0.00
0.00
0.00
1317.61
0.00
0.00
0.00
1389.02
0.00
0.00
0.00
1023.35
0.00
0.00
0.00
0.00
0.00
0.00
0.00
0.00
647.47
0.00
0.00
0.00
707.68
0.00
0.00
0.00
628.00
0.00
0.00
0.00
618.82
0.00
0.00
0.00
885.55
0.00
0.00
0.00
903.87
0.00
0.00
0.00
833.11
0.00
0.00
0.00
689.95
0.00
0.00
0.00
479.06
0.00
0.00
0.00
511.22
0.00
0.00
972.18
404.69
0.00
0.00
0.00
720.31
0.00
0.00
0.00
759.34
0.00
429.72
0.00
559.44
0.00
0.00
0.00
0.00
0.00
0.00
1462.86
0.00
1082.72
0.00
0.00
1374.05
943.11
0.00
1411.93
0.00
927.03
0.00
0.00
0.00
1394.36
1218.02
0.00
0.00
1426.47
0.00
0.00
0.00
1302.49
210.13
0.00
815.71
1051.65
0.00
0.00
0.00
682.17
0.00
0.00
0.00
738.53
0.00
0.00
785.53
551.88
0.00
0.00
0.00
1104.85
0.00
0.00
0.00
1173.24
1381.86
0.00
0.00
823.01
0.00
0.00
0.00
0.00
0.00
0.00
0.00
0.00
0.00
0.00
0.00
0.00
676.86
0.00
966.18
0.00
589.58
0.00
1421.86
0.00
579.53
0.00
0.00
0.00
871.67
0.00
0.00
0.00
891.75
0.00
0.00
1442.15
814.24
0.00
0.00
383.13
657.44
0.00
0.00
0.00
426.45
0.00
0.00
0.00
461.68
0.00
0.00
0.00
345.00
0.00
0.00
0.00
690.69
0.00
1843.09
0.00
733.44
0.00
0.00
0.00
514.50
0.00
0.00
0.00
0.00
0.00
0.00
0.00
0.00
0.00
0.00
162.08
0.00
1130.42
0.00
0.00
0.00
984.66
779.00
0.00
0.00
967.87
0.00
0.00
0.00
1455.78
0.00
0.00
0.00
1489.31
799.26
0.00
90.22
1359.87
1003.17
0.00
0.00
1097.98
0.00
0.00
0.00
712.22
0.00
0.00
0.00
771.06
1500.75
0.00
0.00
576.19
410.98
0.00
0.00
1153.52
0.00
0.00
301.71
1224.93
0.00
0.00
1520.17
859.26
1831.48
0.00
0.00
0.00
0.00
0.00
0.00
0.00
0.00
0.00
0.00
0.00
617.97
0.00
0.00
0.00
538.29
0.00
0.00
0.00
529.11
0.00
0.00
1887.31
795.84
0.00
0.00
0.00
814.17
217.22
0.00
0.00
743.41
713.89
0.00
0.00
600.24
0.00
0.00
0.00
389.35
0.00
0.00
0.00
421.52
0.00
0.00
0.00
314.99
0.00
0.00
807.77
630.60
0.00
1761.05
0.00
669.64
0.00
0.00
0.00
469.74
0.00
0.00
0.00
0.00
0.00
0.00
0.00
0.00
0.00
0.00
0.00
0.00
1048.61
0.00
0.00
0.00
1032.52
325.44
0.00
0.00
1499.85
0.00
0.00
0.00
1531.96
0.00
953.04
0.00
1407.98
0.00
0.00
1486.40
1157.15
0.00
0.00
0.00
787.66
0.00
0.00
0.00
844.02
0.00
0.00
0.00
657.37
0.00
0.00
0.00
1210.34
0.00
0.00
0.00
1278.73
0.00
0.00
1306.52
928.50
0.00
0.00
0.00
0.00
0.00
0.00
0.00
0.00
0.00
0.00
0.00
0.00
0.00
0.00
0.00
0.00
655.53
508.33
0.00
0.00
645.48
0.00
0.00
0.00
937.62
0.00
0.00
1201.85
957.70
0.00
0.00
962.53
880.19
1838.73
0.00
0.00
723.38
0.00
0.00
0.00
492.40
0.00
0.00
0.00
527.63
0.00
0.00
0.00
410.95
0.00
0.00
0.00
756.64
0.00
1475.64
0.00
799.39
0.00
1435.99
0.00
580.44
0.00
0.00
0.00
0.00
0.00
0.00
0.00
0.00
0.00
0.00
0.00
0.00
0.00
0.00
0.00
0.00
1094.80
0.00
0.00
0.00
1078.01
0.00
0.00
0.00
1565.92
0.00
0.00
398.50
1599.45
0.00
0.00
583.49
1470.01
0.00
0.00
0.00
1208.12
0.00
0.00
0.00
822.36
0.00
0.00
0.00
881.20
0.00
945.48
1589.90
686.33
0.00
0.00
0.00
1263.66
0.00
0.00
116.72
1335.06
0.00
0.00
0.00
969.40
0.00
0.00
0.00
0.00
0.00
0.00
0.00
0.00
0.00
0.00
0.00
0.00
0.00
197.30
1014.19
0.00
598.50
0.00
0.00
1794.95
589.32
1537.94
536.52
0.00
856.05
0.00
0.00
0.00
874.38
0.00
0.00
0.00
803.62
0.00
0.00
0.00
660.45
0.00
0.00
0.00
449.56
0.00
0.00
0.00
481.73
0.00
0.00
316.87
375.20
0.00
0.00
0.00
690.81
0.00
0.00
0.00
729.85
0.00
839.19
0.00
529.95
0.00
0.00
0.00
0.00
0.00
0.00
0.00
0.00
0.00
0.00
0.00
0.00
0.00
395.58
0.00
0.00
892.92
0.00
0.00
0.00
1360.24
0.00
0.00
0.00
1392.35
0.00
603.03
1621.87
1268.37
0.00
0.00
0.00
1017.54
0.00
0.00
0.00
648.05
0.00
215.73
0.00
704.41
619.80
0.00
0.00
517.76
0.00
0.00
0.00
1070.73
0.00
791.85
0.00
1139.12
0.00
0.00
0.00
788.89
0.00
0.00
0.00
0.00
0.00
0.00
0.00
0.00
0.00
0.00
0.00
0.00
0.00
0.00
0.00
0.00
0.00
0.00
1186.41
0.00
558.20
0.00
0.00
0.00
850.35
0.00
912.69
0.00
870.42
0.00
0.00
0.00
792.92
133.67
0.00
0.00
636.11
0.00
0.00
0.00
405.13
1938.14
0.00
0.00
440.36
0.00
0.00
0.00
323.68
1096.71
0.00
0.00
669.36
0.00
0.00
0.00
712.12
0.00
0.00
0.00
493.17
0.00
0.00
0.00
0.00
0.00
0.00
0.00
0.00
0.00
0.00
0.00
0.00
0.00
0.00
0.00
0.00
0.00
0.00
0.00
0.00
932.25
0.00
0.00
970.74
1420.16
0.00
0.00
1546.67
1453.69
1532.32
0.00
0.00
1324.25
857.19
0.00
0.00
1062.36
0.00
186.26
0.00
676.60
826.10
0.00
131.43
735.44
0.00
0.00
0.00
540.57
0.00
0.00
0.00
1117.90
0.00
0.00
171.08
1189.31
1363.55
0.00
0.00
823.64
0.00
0.00
0.00
0.00
0.00
0.00
0.00
0.00
0.00
0.00
0.00
0.00
0.00
0.00
0.00
0.00
0.00
0.00
672.50
0.00
509.64
0.00
0.00
1844.09
776.37
1176.59
0.00
0.00
794.70
0.00
0.00
0.00
723.94
0.00
0.00
1575.65
580.77
0.00
0.00
0.00
369.88
0.00
0.00
0.00
402.05
691.20
0.00
0.00
295.52
1737.05
0.00
120.58
611.13
1618.47
0.00
0.00
650.17
0.00
0.00
0.00
450.27
0.00
0.00
0.00
0.00
0.00
0.00
0.00
0.00
0.00
0.00
0.00
0.00
0.00
0.00
0.00
0.00
0.00
0.00
0.00
0.00
1344.16
213.31
0.00
0.00
1376.27
0.00
0.00
0.00
1252.29
0.00
0.00
0.00
1001.46
303.32
0.00
0.00
631.97
0.00
0.00
0.00
688.33
0.00
0.00
0.00
501.68
898.93
0.00
0.00
1054.65
1328.88
0.00
0.00
1123.04
0.00
0.00
0.00
772.81
0.00
0.00
0.00
0.00
0.00
0.00
0.00
0.00
0.00
0.00
0.00
0.00
0.00
0.00
0.00
0.00
0.00
0.00
0.00
0.00
0.00
973.85
0.00
0.00
840.29
0.00
0.00
0.00
860.37
1617.40
0.00
1288.53
782.86
0.00
0.00
0.00
626.06
0.00
0.00
0.00
395.07
471.36
0.00
0.00
430.30
626.31
1955.67
0.00
313.62
0.00
0.00
0.00
659.31
0.00
148.00
0.00
702.06
0.00
0.00
299.89
483.12
1062.88
0.00
0.00
0.00
0.00
0.00
0.00
0.00
0.00
0.00
0.00
0.00
0.00
0.00
0.00
0.00
0.00
0.00
0.00
0.00
0.00
1443.92
0.00
0.00
1403.37
0.00
0.00
1787.31
1436.90
0.00
0.00
0.00
1307.46
0.00
0.00
80.35
1045.57
0.00
0.00
0.00
659.81
0.00
0.00
0.00
718.65
0.00
0.00
0.00
523.78
1061.20
0.00
0.00
1101.11
168.40
0.00
0.00
1172.52
0.00
0.00
0.00
806.85
0.00
0.00
0.00
0.00
0.00
0.00
0.00
0.00
0.00
0.00
0.00
0.00
0.00
0.00
0.00
0.00
0.00
0.00
0.00
0.00
0.00
596.28
0.00
0.00
767.19
0.00
0.00
0.00
785.52
0.00
0.00
0.00
714.76
0.00
0.00
0.00
571.59
122.17
1314.82
0.00
360.70
0.00
0.00
0.00
392.87
0.00
0.00
0.00
286.34
0.00
0.00
0.00
601.95
0.00
1463.57
0.00
640.99
0.00
0.00
0.00
441.09
0.00
0.00
0.00
0.00
0.00
0.00
0.00
0.00
0.00
0.00
0.00
0.00
0.00
0.00
0.00
0.00
0.00
0.00
0.00
0.00
0.00
0.00
0.00
0.00
1843.59
0.00
0.00
0.00
1719.61
0.00
0.00
0.00
1468.78
0.00
0.00
0.00
1099.29
0.00
0.00
0.00
1155.65
0.00
0.00
173.03
969.00
0.00
0.00
0.00
1521.97
0.00
0.00
0.00
1590.36
0.00
0.00
937.41
1240.13
0.00
1747.61
1318.43
0.00
0.00
0.00
0.00
0.00
0.00
0.00
0.00
0.00
0.00
0.00
0.00
0.00
0.00
0.00
0.00
0.00
0.00
0.00
0.00
0.00
0.00
0.00
1155.87
0.00
1152.51
0.00
1481.90
0.00
1075.01
444.89
0.00
0.00
918.20
0.00
0.00
0.00
687.22
0.00
0.00
0.00
722.45
1677.44
1754.23
0.00
605.77
0.00
0.00
0.00
951.45
0.00
0.00
0.00
994.21
1595.59
0.00
0.00
775.26
0.00
88.77
0.00
0.00
0.00
0.00
0.00
0.00
0.00
0.00
0.00
0.00
0.00
0.00
0.00
0.00
0.00
0.00
0.00
0.00
0.00
0.00
0.00
0.00
0.00
1516.61
0.00
177.67
1924.81
0.00
0.00
0.00
1795.37
519.03
0.00
0.00
1533.48
0.00
0.00
0.00
1147.72
0.00
0.00
0.00
1206.56
788.27
0.00
0.00
1011.69
0.00
0.00
0.00
1589.02
0.00
0.00
0.00
1660.43
0.00
0.00
0.00
1294.76
0.00
0.00
0.00
0.00
0.00
0.00
0.00
0.00
0.00
0.00
0.00
0.00
0.00
0.00
0.00
0.00
0.00
0.00
0.00
0.00
0.00
0.00
0.00
0.00
0.00
0.00
0.00
0.00
1052.25
0.00
0.00
0.00
981.49
0.00
0.00
0.00
838.32
0.00
0.00
870.68
627.43
0.00
0.00
0.00
659.60
0.00
0.00
0.00
553.07
407.32
0.00
0.00
868.68
0.00
0.00
0.00
907.72
0.00
1022.94
0.00
707.82
0.00
0.00
0.00
0.00
0.00
0.00
0.00
0.00
0.00
0.00
0.00
0.00
0.00
0.00
0.00
0.00
0.00
0.00
0.00
0.00
0.00
0.00
0.00
0.00
0.00
0.00
0.00
0.00
1751.73
284.34
0.00
0.00
1500.89
933.02
0.00
995.89
1131.40
0.00
0.00
0.00
1187.76
0.00
0.00
0.00
1001.11
0.00
0.00
0.00
1554.08
115.38
0.00
0.00
1622.48
0.00
0.00
0.00
1272.24
0.00
0.00
0.00
0.00
0.00
0.00
0.00
0.00
0.00
0.00
0.00
0.00
0.00
0.00
0.00
0.00
0.00
0.00
0.00
0.00
0.00
0.00
0.00
0.00
0.00
0.00
0.00
0.00
0.00
0.00
0.00
850.06
1095.08
0.00
164.40
0.00
938.27
0.00
0.00
0.00
707.29
0.00
0.00
0.00
742.52
424.22
0.00
0.00
625.84
0.00
0.00
0.00
971.53
0.00
0.00
0.00
1014.28
0.00
0.00
0.00
795.33
0.00
472.29
0.00
0.00
0.00
0.00
0.00
0.00
0.00
0.00
0.00
0.00
0.00
0.00
0.00
0.00
0.00
0.00
0.00
0.00
0.00
0.00
0.00
0.00
0.00
0.00
0.00
0.00
0.00
0.00
0.00
1726.36
1828.90
0.00
0.00
0.00
1567.01
0.00
0.00
0.00
1181.25
0.00
0.00
0.00
1240.09
0.00
0.00
0.00
1045.22
0.00
0.00
0.00
1622.55
0.00
0.00
0.00
1693.95
469.38
0.00
0.00
1328.29
0.00
0.00
0.00
0.00
0.00
0.00
0.00
0.00
0.00
0.00
0.00
0.00
0.00
0.00
0.00
0.00
0.00
0.00
0.00
0.00
0.00
0.00
0.00
0.00
0.00
0.00
0.00
0.00
0.00
0.00
531.06
0.00
999.81
0.00
0.00
156.76
856.65
0.00
0.00
0.00
645.76
0.00
1520.38
1454.85
677.93
0.00
303.01
0.00
571.40
0.00
0.00
0.00
887.01
0.00
0.00
0.00
926.04
0.00
0.00
0.00
726.14
0.00
0.00
0.00
0.00
0.00
0.00
0.00
0.00
0.00
0.00
0.00
0.00
0.00
0.00
0.00
0.00
0.00
0.00
0.00
0.00
0.00
0.00
0.00
0.00
0.00
0.00
0.00
0.00
0.00
0.00
0.00
589.30
1376.91
0.00
0.00
0.00
1007.43
0.00
0.00
0.00
1063.78
0.00
0.00
0.00
877.14
0.00
0.00
0.00
1430.11
0.00
0.00
592.81
1498.50
0.00
0.00
0.00
1148.26
0.00
1763.27
0.00
0.00
0.00
0.00
0.00
0.00
0.00
0.00
0.00
0.00
0.00
0.00
0.00
0.00
0.00
0.00
0.00
0.00
0.00
0.00
0.00
0.00
0.00
0.00
0.00
0.00
0.00
0.00
0.00
0.00
0.00
0.00
0.00
0.00
860.77
0.00
0.00
0.00
629.79
0.00
0.00
0.00
665.02
0.00
0.00
0.00
548.34
0.00
0.00
0.00
894.02
0.00
0.00
0.00
936.78
0.00
0.00
0.00
717.83
0.00
0.00
0.00
0.00
0.00
0.00
0.00
0.00
0.00
0.00
0.00
0.00
0.00
0.00
0.00
0.00
0.00
0.00
0.00
0.00
0.00
0.00
0.00
0.00
0.00
0.00
0.00
0.00
0.00
0.00
0.00
0.00
0.00
1201.74
0.00
0.00
1437.57
1007.72
0.00
0.00
1051.81
0.00
0.00
0.00
1110.65
0.00
0.00
0.00
915.78
0.00
69.93
0.00
1493.11
1694.74
1266.53
0.00
1564.51
0.00
0.00
0.00
1198.85
0.00
0.00
0.00
0.00
0.00
0.00
0.00
0.00
0.00
0.00
0.00
0.00
0.00
0.00
0.00
0.00
0.00
0.00
0.00
0.00
0.00
0.00
0.00
0.00
0.00
0.00
0.00
0.00
0.00
0.00
0.00
0.00
0.00
0.00
0.00
0.00
785.89
866.14
0.00
943.45
575.00
0.00
1016.80
0.00
607.17
0.00
0.00
0.00
500.64
0.00
0.00
0.00
816.25
1895.36
0.00
0.00
855.28
0.00
415.29
0.00
655.38
0.00
0.00
0.00
0.00
0.00
0.00
0.00
0.00
0.00
0.00
0.00
0.00
0.00
0.00
0.00
0.00
0.00
0.00
0.00
0.00
0.00
0.00
0.00
0.00
0.00
0.00
0.00
0.00
0.00
0.00
0.00
0.00
0.00
0.00
0.00
0.00
756.59
0.00
0.00
0.00
812.95
0.00
0.00
0.00
626.30
0.00
0.00
0.00
1179.27
0.00
0.00
0.00
1247.66
0.00
0.00
0.00
897.43
0.00
799.11
0.00
0.00
0.00
0.00
0.00
0.00
0.00
0.00
0.00
0.00
0.00
0.00
0.00
0.00
0.00
0.00
0.00
0.00
0.00
0.00
0.00
0.00
0.00
0.00
0.00
0.00
0.00
0.00
0.00
0.00
0.00
0.00
0.00
0.00
0.00
0.00
0.00
1178.75
472.98
0.00
0.00
783.51
508.21
0.00
0.00
0.00
391.53
0.00
0.00
0.00
737.22
0.00
0.00
0.00
779.97
0.00
0.00
0.00
561.02
457.58
456.63
0.00
0.00
0.00
0.00
0.00
0.00
0.00
0.00
0.00
0.00
0.00
0.00
0.00
0.00
0.00
0.00
0.00
0.00
0.00
0.00
0.00
0.00
0.00
0.00
0.00
0.00
0.00
0.00
0.00
0.00
0.00
0.00
0.00
0.00
0.00
0.00
0.00
0.00
789.92
0.00
0.00
0.00
848.76
0.00
0.00
0.00
653.89
0.00
0.00
0.00
1231.22
170.04
0.00
0.00
1302.63
0.00
1256.62
1276.47
936.96
1844.40
0.00
0.00
0.00
0.00
0.00
0.00
0.00
0.00
0.00
0.00
0.00
0.00
0.00
0.00
0.00
0.00
0.00
0.00
0.00
0.00
0.00
0.00
0.00
0.00
0.00
0.00
0.00
0.00
0.00
0.00
0.00
0.00
0.00
0.00
0.00
0.00
0.00
1610.65
0.00
431.83
0.00
1727.66
0.00
464.00
0.00
0.00
0.00
357.47
0.00
0.00
0.00
673.08
1825.59
0.00
0.00
712.12
0.00
1409.97
0.00
512.22
0.00
0.00
0.00
0.00
0.00
0.00
0.00
0.00
0.00
0.00
0.00
0.00
0.00
0.00
0.00
0.00
0.00
0.00
0.00
0.00
0.00
0.00
0.00
0.00
0.00
0.00
0.00
0.00
0.00
0.00
0.00
0.00
0.00
0.00
0.00
0.00
0.00
0.00
0.00
0.00
443.46
0.00
0.00
0.00
256.82
0.00
0.00
0.00
809.79
0.00
0.00
1758.63
878.18
0.00
503.31
0.00
527.94
0.00
0.00
0.00
0.00
0.00
0.00
0.00
0.00
0.00
0.00
0.00
0.00
0.00
0.00
0.00
0.00
0.00
0.00
0.00
0.00
0.00
0.00
0.00
0.00
0.00
0.00
0.00
0.00
0.00
0.00
0.00
0.00
0.00
0.00
0.00
0.00
0.00
0.00
0.00
0.00
0.00
0.00
0.00
409.63
277.23
0.00
0.00
0.00
160.55
0.00
0.00
0.00
506.23
0.00
0.00
0.00
548.99
0.00
0.00
0.00
330.04
0.00
0.00
0.00
0.00
0.00
0.00
0.00
0.00
0.00
0.00
0.00
0.00
0.00
0.00
0.00
0.00
0.00
0.00
0.00
0.00
0.00
0.00
0.00
0.00
0.00
0.00
0.00
0.00
0.00
0.00
0.00
0.00
0.00
0.00
0.00
0.00
0.00
0.00
0.00
0.00
0.00
0.00
0.00
0.00
463.00
0.00
0.00
0.00
268.13
0.00
0.00
0.00
845.46
0.00
0.00
0.00
916.86
634.50
0.00
0.00
551.20
0.00
0.00
0.00
0.00
0.00
0.00
0.00
0.00
0.00
0.00
0.00
0.00
0.00
0.00
0.00
0.00
0.00
0.00
0.00
0.00
0.00
0.00
0.00
0.00
0.00
0.00
0.00
0.00
0.00
0.00
0.00
0.00
0.00
0.00
0.00
0.00
0.00
0.00
0.00
0.00
0.00
0.00
0.00
0.00
253.11
0.00
0.00
0.00
146.58
0.00
681.70
947.88
462.19
0.00
0.00
0.00
501.23
0.00
0.00
0.00
301.33
0.00
0.00
0.00
0.00
0.00
0.00
0.00
0.00
0.00
0.00
0.00
0.00
0.00
0.00
0.00
0.00
0.00
0.00
0.00
0.00
0.00
0.00
0.00
0.00
0.00
0.00
0.00
0.00
0.00
0.00
0.00
0.00
0.00
0.00
0.00
0.00
0.00
0.00
0.00
0.00
0.00
0.00
0.00
0.00
313.17
0.00
0.00
0.00
866.14
0.00
585.92
0.00
934.53
0.00
0.00
0.00
584.30
0.00
0.00
723.98
0.00
0.00
0.00
0.00
0.00
0.00
0.00
0.00
0.00
0.00
0.00
0.00
0.00
0.00
0.00
0.00
0.00
0.00
0.00
0.00
0.00
0.00
0.00
0.00
0.00
0.00
0.00
0.00
0.00
0.00
0.00
0.00
0.00
0.00
0.00
0.00
0.00
0.00
0.00
0.00
0.00
0.00
0.00
0.00
1631.51
195.78
0.00
0.00
0.00
541.46
0.00
0.00
0.00
584.22
0.00
0.00
0.00
365.27
0.00
0.00
0.00
0.00
0.00
0.00
0.00
0.00
0.00
0.00
0.00
0.00
0.00
0.00
0.00
0.00
0.00
0.00
0.00
0.00
0.00
0.00
0.00
0.00
0.00
0.00
0.00
0.00
0.00
0.00
0.00
0.00
0.00
0.00
0.00
0.00
0.00
0.00
0.00
0.00
0.00
0.00
0.00
0.00
0.00
0.00
0.00
0.00
326.97
0.00
0.00
0.00
904.30
1688.31
0.00
0.00
975.70
0.00
715.59
0.00
610.04
1830.07
0.00
0.00
0.00
0.00
0.00
0.00
0.00
0.00
0.00
0.00
0.00
0.00
0.00
0.00
0.00
0.00
0.00
0.00
0.00
0.00
0.00
0.00
0.00
0.00
0.00
0.00
0.00
0.00
0.00
0.00
0.00
0.00
0.00
0.00
0.00
0.00
0.00
0.00
0.00
0.00
0.00
0.00
0.00
0.00
0.00
525.41
414.87
178.75
0.00
1095.65
0.00
494.36
0.00
1102.37
921.25
533.39
0.00
0.00
0.00
333.49
0.00
0.00
0.00
0.00
0.00
0.00
0.00
0.00
0.00
0.00
0.00
0.00
0.00
0.00
0.00
0.00
0.00
0.00
0.00
0.00
0.00
0.00
0.00
0.00
0.00
0.00
0.00
0.00
0.00
0.00
0.00
0.00
0.00
0.00
0.00
0.00
0.00
0.00
0.00
0.00
0.00
0.00
0.00
0.00
0.00
0.00
0.00
0.00
679.50
0.00
0.00
0.00
747.89
0.00
0.00
0.00
397.65
0.00
0.00
0.00
0.00
0.00
0.00
0.00
0.00
0.00
0.00
0.00
0.00
0.00
0.00
0.00
0.00
0.00
0.00
0.00
0.00
0.00
0.00
0.00
0.00
0.00
0.00
0.00
0.00
0.00
0.00
0.00
0.00
0.00
0.00
0.00
0.00
0.00
0.00
0.00
0.00
0.00
0.00
0.00
0.00
0.00
0.00
0.00
0.00
0.00
0.00
0.00
0.00
424.78
0.00
0.00
0.00
467.54
0.00
0.00
0.00
248.59
0.00
0.00
0.00
0.00
0.00
0.00
0.00
0.00
0.00
0.00
0.00
0.00
0.00
0.00
0.00
0.00
0.00
0.00
0.00
0.00
0.00
0.00
0.00
0.00
0.00
0.00
0.00
0.00
0.00
0.00
0.00
0.00
0.00
0.00
0.00
0.00
0.00
0.00
0.00
0.00
0.00
0.00
0.00
0.00
0.00
0.00
0.00
0.00
0.00
0.00
0.00
0.00
709.43
0.00
0.00
0.00
780.83
0.00
0.00
0.00
415.17
0.00
0.00
0.00
0.00
0.00
0.00
0.00
0.00
0.00
0.00
0.00
0.00
0.00
0.00
0.00
0.00
0.00
0.00
0.00
0.00
0.00
0.00
0.00
0.00
0.00
0.00
0.00
0.00
0.00
0.00
0.00
0.00
0.00
0.00
0.00
0.00
0.00
0.00
0.00
0.00
0.00
0.00
0.00
0.00
0.00
0.00
0.00
0.00
0.00
0.00
0.00
0.00
387.83
0.00
0.00
0.00
426.86
885.01
0.00
0.00
226.96
0.00
0.00
0.00
0.00
0.00
0.00
0.00
0.00
0.00
0.00
0.00
0.00
0.00
0.00
0.00
0.00
0.00
0.00
0.00
0.00
0.00
0.00
0.00
0.00
0.00
0.00
0.00
0.00
0.00
0.00
0.00
0.00
0.00
0.00
0.00
0.00
0.00
0.00
0.00
0.00
0.00
0.00
0.00
0.00
0.00
0.00
0.00
0.00
0.00
0.00
0.00
0.00
1300.86
0.00
0.00
1875.71
950.62
0.00
0.00
0.00
0.00
0.00
0.00
0.00
0.00
0.00
0.00
0.00
0.00
0.00
0.00
0.00
0.00
0.00
0.00
0.00
0.00
0.00
0.00
0.00
0.00
0.00
0.00
0.00
0.00
0.00
0.00
0.00
0.00
0.00
0.00
0.00
0.00
0.00
0.00
0.00
0.00
0.00
0.00
0.00
0.00
0.00
0.00
0.00
0.00
0.00
0.00
0.00
0.00
0.00
0.00
1835.31
0.00
813.22
0.00
0.00
0.00
594.28
0.00
0.00
0.00
0.00
0.00
0.00
0.00
0.00
0.00
0.00
0.00
0.00
0.00
0.00
0.00
0.00
0.00
0.00
0.00
0.00
0.00
0.00
0.00
0.00
0.00
0.00
0.00
0.00
0.00
0.00
0.00
0.00
0.00
0.00
0.00
0.00
0.00
0.00
0.00
0.00
0.00
0.00
0.00
0.00
0.00
0.00
0.00
0.00
0.00
0.00
0.00
0.00
0.00
0.00
0.00
1927.21
1358.17
0.00
0.00
0.00
992.50
1880.12
0.00
0.00
0.00
0.00
0.00
0.00
0.00
0.00
0.00
0.00
0.00
0.00
0.00
0.00
0.00
0.00
0.00
0.00
0.00
0.00
0.00
0.00
0.00
0.00
0.00
0.00
0.00
0.00
0.00
0.00
0.00
0.00
0.00
0.00
0.00
0.00
0.00
0.00
0.00
0.00
0.00
0.00
0.00
0.00
0.00
0.00
0.00
0.00
0.00
0.00
0.00
0.00
1425.88
0.00
0.00
742.48
0.00
0.00
0.00
542.58
0.00
0.00
0.00
0.00
0.00
0.00
0.00
0.00
0.00
0.00
0.00
0.00
0.00
0.00
0.00
0.00
0.00
0.00
0.00
0.00
0.00
0.00
0.00
0.00
0.00
0.00
0.00
0.00
0.00
0.00
0.00
0.00
0.00
0.00
0.00
0.00
0.00
0.00
0.00
0.00
0.00
0.00
0.00
0.00
0.00
0.00
0.00
0.00
0.00
0.00
0.00
0.00
0.00
0.00
0.00
0.00
1019.01
0.00
0.00
0.00
0.00
0.00
0.00
0.00
0.00
0.00
0.00
0.00
0.00
0.00
0.00
0.00
0.00
0.00
0.00
0.00
0.00
0.00
0.00
0.00
0.00
0.00
0.00
0.00
0.00
0.00
0.00
0.00
0.00
0.00
0.00
0.00
0.00
0.00
0.00
0.00
0.00
0.00
0.00
0.00
0.00
0.00
0.00
0.00
0.00
0.00
0.00
0.00
0.00
0.00
0.00
0.00
0.00
0.00
0.00
0.00
0.00
637.03
0.00
468.83
0.00
0.00
0.00
0.00
0.00
0.00
0.00
0.00
0.00
0.00
0.00
0.00
0.00
0.00
0.00
0.00
0.00
0.00
0.00
0.00
0.00
0.00
0.00
0.00
0.00
0.00
0.00
0.00
0.00
0.00
0.00
0.00
0.00
0.00
0.00
0.00
0.00
0.00
0.00
0.00
0.00
0.00
0.00
0.00
0.00
0.00
0.00
0.00
0.00
0.00
0.00
0.00
0.00
0.00
0.00
0.00
0.00
0.00
1063.91
0.00
0.00
0.00
0.00
0.00
0.00
0.00
0.00
0.00
0.00
0.00
0.00
0.00
0.00
0.00
0.00
0.00
0.00
0.00
0.00
0.00
0.00
0.00
0.00
0.00
0.00
0.00
0.00
0.00
0.00
0.00
0.00
0.00
0.00
0.00
0.00
0.00
0.00
0.00
0.00
0.00
0.00
0.00
0.00
0.00
0.00
0.00
0.00
0.00
0.00
0.00
0.00
0.00
0.00
0.00
0.00
0.00
0.00
0.00
0.00
581.61
0.00
0.00
0.00
0.00
0.00
0.00
0.00
0.00
0.00
0.00
0.00
0.00
0.00
0.00
0.00
0.00
0.00
0.00
0.00
0.00
0.00
0.00
0.00
0.00
0.00
0.00
0.00
0.00
0.00
0.00
0.00
0.00
0.00
0.00
0.00
0.00
0.00
0.00
0.00
0.00
0.00
0.00
0.00
0.00
0.00
0.00
0.00
0.00
0.00
0.00
0.00
0.00
0.00
0.00
0.00
0.00
0.00
0.00
0.00
0.00
0.00
0.00
0.00
0.00
0.00
0.00
0.00
0.00
0.00
0.00
0.00
0.00
0.00
0.00
0.00
0.00
0.00
0.00
0.00
0.00
0.00
0.00
0.00
0.00
0.00
0.00
0.00
0.00
0.00
0.00
0.00
0.00
0.00
0.00
0.00
0.00
0.00
0.00
0.00
0.00
0.00
0.00
0.00
0.00
0.00
0.00
0.00
0.00
0.00
0.00
0.00
0.00
0.00
0.00
0.00
0.00
0.00
0.00
0.00
0.00
0.00
0.00
0.00
0.00
0.00
0.00
0.00
0.00
0.00
0.00
0.00
0.00
0.00
0.00
0.00
0.00
0.00
0.00
0.00
0.00
0.00
0.00
0.00
0.00
0.00
0.00
0.00
0.00
0.00
0.00
0.00
0.00
0.00
0.00
0.00
0.00
0.00
0.00
0.00
0.00
0.00
0.00
0.00
0.00
0.00
0.00
0.00
0.00
0.00
0.00
0.00
0.00
0.00
0.00
0.00
0.00
0.00
0.00
0.00
1593.71
0.00
0.00
0.00
0.00
0.00
0.00
0.00
0.00
0.00
0.00
0.00
0.00
0.00
0.00
0.00
0.00
0.00
0.00
0.00
0.00
0.00
0.00
0.00
0.00
0.00
0.00
0.00
0.00
0.00
0.00
0.00
0.00
0.00
0.00
0.00
0.00
0.00
0.00
0.00
0.00
0.00
0.00
0.00
0.00
0.00
0.00
0.00
0.00
0.00
0.00
0.00
0.00
0.00
0.00
0.00
0.00
0.00
0.00
0.00
0.00
