0.00
0.00
0.00
0.00
0.00
0.00
1134.40
0.00
0.00
0.00
0.00
1397.88
1239.89
0.00
279.98
0.00
0.00
0.00
1100.28
208.65
667.74
515.99
0.00
0.00
1084.20
0.00
0.00
0.00
0.00
0.00
1551.52
574.36
0.00
628.40
0.00
0.00
1583.63
0.00
0.00
1250.55
1390.02
0.00
1459.66
0.00
0.00
0.00
0.00
0.00
1208.82
0.00
0.00
0.00
0.00
0.00
839.34
555.73
0.00
0.00
0.00
0.00
895.69
0.00
0.00
0.00
0.00
0.00
709.05
0.00
0.00
0.00
0.00
0.00
1262.02
0.00
369.10
0.00
0.00
0.00
1330.41
0.00
0.00
0.00
0.00
0.00
980.17
0.00
0.00
0.00
0.00
0.00
0.00
0.00
0.00
0.00
484.77
0.00
0.00
709.16
0.00
0.00
0.00
0.00
0.00
775.11
0.00
0.00
0.00
0.00
0.00
687.83
0.00
1536.01
0.00
0.00
0.00
677.78
1063.91
0.00
0.00
0.00
0.00
969.93
0.00
0.00
0.00
0.00
0.00
990.00
0.00
0.00
0.00
0.00
0.00
912.50
0.00
0.00
0.00
0.00
0.00
755.69
0.00
0.00
0.00
0.00
0.00
524.71
176.73
0.00
96.93
0.00
1643.10
559.94
0.00
0.00
0.00
0.00
0.00
443.26
0.00
0.00
0.00
0.00
0.00
788.94
0.00
0.00
0.00
0.00
0.00
831.70
0.00
0.00
0.00
0.00
0.00
612.75
0.00
0.00
0.00
0.00
0.00
0.00
0.00
1506.65
0.00
0.00
1213.62
0.00
1184.37
0.00
0.00
0.00
0.00
0.00
1294.51
0.00
0.00
0.00
0.00
0.00
1148.75
0.00
0.00
0.00
0.00
0.00
1131.96
0.00
0.00
0.00
0.00
0.00
1619.87
0.00
0.00
0.00
0.00
1542.49
1653.40
0.00
0.00
0.00
0.00
0.00
1523.96
0.00
0.00
0.00
0.00
0.00
1262.07
0.00
0.00
0.00
0.00
0.00
876.31
0.00
0.00
0.00
0.00
857.70
935.15
0.00
0.00
0.00
0.00
0.00
740.28
0.00
0.00
0.00
1393.63
0.00
1317.61
0.00
0.00
0.00
0.00
0.00
1389.02
1159.15
0.00
0.00
0.00
0.00
1023.35
0.00
0.00
0.00
0.00
0.00
0.00
0.00
0.00
0.00
0.00
1049.15
1444.24
647.47
0.00
0.00
0.00
0.00
0.00
707.68
0.00
0.00
0.00
0.00
0.00
628.00
0.00
0.00
0.00
0.00
0.00
618.82
0.00
0.00
0.00
0.00
0.00
885.55
0.00
0.00
0.00
0.00
0.00
903.87
0.00
0.00
0.00
0.00
0.00
833.11
0.00
0.00
0.00
0.00
0.00
689.95
0.00
0.00
0.00
0.00
0.00
479.06
0.00
0.00
0.00
0.00
0.00
511.22
0.00
0.00
0.00
0.00
0.00
404.69
0.00
0.00
0.00
0.00
0.00
720.31
0.00
0.00
0.00
1838.97
0.00
759.34
0.00
0.00
0.00
0.00
0.00
559.44
1937.55
0.00
0.00
0.00
0.00
0.00
0.00
0.00
0.00
0.00
0.00
0.00
85.40
0.00
0.00
0.00
0.00
0.00
93.35
0.00
0.00
0.00
0.00
0.00
82.84
0.00
637.15
0.00
0.00
0.00
81.62
0.00
0.00
0.00
0.00
0.00
116.81
0.00
0.00
0.00
0.00
0.00
119.22
0.00
0.00
0.00
0.00
0.00
109.89
1830.09
0.00
0.00
0.00
0.00
91.01
0.00
0.00
0.00
0.00
0.00
63.19
0.00
0.00
0.00
0.00
0.00
67.43
1124.60
0.00
0.00
0.00
0.00
53.38
0.00
0.00
1508.64
0.00
0.00
95.01
0.00
0.00
0.00
0.00
0.00
100.16
610.57
0.00
0.00
159.63
0.00
73.79
0.00
0.00
0.00
0.00
0.00
0.00
0.00
0.00
1110.26
0.00
0.00
0.00
167.55
0.00
0.00
0.00
406.85
0.00
183.13
0.00
0.00
0.00
1754.24
0.00
162.51
0.00
0.00
0.00
0.00
0.00
160.13
219.77
0.00
0.00
1034.29
0.00
229.15
0.00
0.00
0.00
0.00
0.00
233.90
0.00
0.00
0.00
0.00
0.00
215.59
0.00
0.00
0.00
0.00
0.00
178.54
0.00
451.27
0.00
0.00
0.00
123.97
0.00
0.00
0.00
0.00
0.00
132.29
0.00
0.00
0.00
0.00
0.00
104.72
0.00
135.58
0.00
0.00
0.00
186.39
0.00
0.00
0.00
0.00
0.00
196.50
0.00
0.00
0.00
0.00
0.00
144.77
0.00
0.00
0.00
0.00
0.00
0.00
0.00
0.00
0.00
0.00
0.00
0.00
1082.72
0.00
1796.64
0.00
0.00
0.00
943.11
0.00
1339.09
0.00
0.00
0.00
927.03
0.00
0.00
0.00
0.00
0.00
1394.36
0.00
0.00
0.00
0.00
0.00
1426.47
0.00
0.00
0.00
0.00
0.00
1302.49
0.00
1937.71
0.00
0.00
0.00
1051.65
0.00
0.00
0.00
572.14
0.00
682.17
0.00
0.00
0.00
0.00
0.00
738.53
0.00
0.00
0.00
0.00
0.00
551.88
0.00
0.00
0.00
0.00
0.00
1104.85
0.00
0.00
0.00
0.00
0.00
1173.24
0.00
0.00
0.00
0.00
0.00
823.01
0.00
1862.84
0.00
0.00
0.00
0.00
0.00
0.00
0.00
0.00
0.00
0.00
0.00
0.00
0.00
0.00
0.00
0.00
676.86
0.00
0.00
0.00
1287.24
0.00
589.58
0.00
0.00
1518.54
0.00
0.00
579.53
0.00
0.00
1315.41
0.00
0.00
871.67
0.00
845.23
0.00
0.00
0.00
891.75
0.00
0.00
0.00
0.00
0.00
814.24
0.00
0.00
0.00
0.00
0.00
657.44
0.00
0.00
0.00
0.00
1451.44
426.45
0.00
0.00
0.00
0.00
1543.59
461.68
1142.56
0.00
0.00
0.00
0.00
345.00
0.00
0.00
0.00
0.00
0.00
690.69
0.00
0.00
0.00
0.00
0.00
733.44
0.00
0.00
0.00
708.31
1268.12
514.50
0.00
0.00
0.00
0.00
0.00
0.00
0.00
0.00
0.00
0.00
0.00
0.00
0.00
242.51
0.00
343.86
0.00
0.00
1130.42
0.00
0.00
0.00
0.00
0.00
984.66
1736.30
0.00
0.00
0.00
0.00
967.87
0.00
311.57
0.00
0.00
393.62
1455.78
0.00
0.00
0.00
0.00
0.00
1489.31
0.00
0.00
0.00
0.00
0.00
1359.87
0.00
0.00
0.00
0.00
0.00
1097.98
0.00
0.00
0.00
0.00
0.00
712.22
0.00
0.00
0.00
652.58
534.57
771.06
0.00
0.00
0.00
0.00
0.00
576.19
0.00
443.83
0.00
0.00
0.00
1153.52
0.00
0.00
665.83
0.00
0.00
1224.93
0.00
0.00
0.00
0.00
0.00
859.26
0.00
0.00
0.00
0.00
0.00
0.00
0.00
0.00
0.00
0.00
0.00
0.00
0.00
0.00
0.00
0.00
0.00
0.00
617.97
0.00
0.00
0.00
0.00
0.00
538.29
0.00
0.00
0.00
0.00
0.00
529.11
0.00
0.00
977.33
0.00
0.00
795.84
0.00
820.71
0.00
0.00
0.00
814.17
0.00
0.00
0.00
0.00
0.00
743.41
0.00
977.01
0.00
0.00
0.00
600.24
0.00
0.00
0.00
0.00
0.00
389.35
0.00
0.00
1860.26
0.00
0.00
421.52
0.00
0.00
0.00
0.00
0.00
314.99
0.00
0.00
0.00
0.00
0.00
630.60
0.00
0.00
507.11
0.00
0.00
669.64
0.00
0.00
0.00
0.00
0.00
469.74
88.96
0.00
0.00
0.00
0.00
0.00
0.00
0.00
0.00
0.00
0.00
0.00
0.00
0.00
0.00
0.00
1242.34
0.00
81.51
0.00
0.00
0.00
0.00
0.00
71.00
0.00
0.00
0.00
0.00
0.00
69.79
0.00
0.00
0.00
0.00
0.00
104.97
0.00
0.00
0.00
0.00
0.00
107.39
0.00
0.00
0.00
0.00
0.00
98.06
0.00
0.00
0.00
1606.96
0.00
79.17
0.00
0.00
0.00
0.00
0.00
51.36
0.00
0.00
0.00
0.00
0.00
55.60
0.00
0.00
0.00
1853.71
0.00
41.55
0.00
0.00
0.00
0.00
0.00
83.18
0.00
0.00
0.00
0.00
0.00
88.33
0.00
0.00
0.00
36.52
0.00
61.96
0.00
0.00
0.00
0.00
0.00
0.00
0.00
0.00
0.00
0.00
0.00
0.00
0.00
0.00
0.00
0.00
108.72
0.00
159.91
0.00
507.76
0.00
0.00
0.00
139.29
0.00
0.00
0.00
0.00
0.00
136.92
0.00
0.00
0.00
0.00
0.00
205.94
0.00
0.00
0.00
0.00
0.00
210.68
0.00
0.00
0.00
0.00
0.00
192.37
0.00
0.00
0.00
0.00
0.00
155.33
0.00
0.00
1266.17
0.00
0.00
100.75
0.00
0.00
0.00
384.42
0.00
109.08
0.00
0.00
0.00
0.00
0.00
81.51
0.00
0.00
0.00
0.00
0.00
163.18
0.00
0.00
0.00
0.00
0.00
173.28
0.00
0.00
0.00
0.00
0.00
121.55
0.00
0.00
0.00
0.00
0.00
0.00
0.00
0.00
0.00
0.00
0.00
0.00
0.00
0.00
0.00
0.00
0.00
0.00
1048.61
0.00
0.00
0.00
1614.53
0.00
1032.52
0.00
0.00
0.00
0.00
0.00
1499.85
18.25
0.00
0.00
0.00
0.00
1531.96
0.00
0.00
0.00
686.84
0.00
1407.98
0.00
0.00
0.00
0.00
0.00
1157.15
0.00
0.00
0.00
0.00
0.00
787.66
0.00
1695.01
0.00
0.00
8.18
844.02
0.00
0.00
0.00
0.00
0.00
657.37
0.00
0.00
0.00
0.00
0.00
1210.34
0.00
1918.63
0.00
0.00
0.00
1278.73
1481.59
0.00
0.00
0.00
0.00
928.50
0.00
1963.66
872.48
0.00
0.00
0.00
0.00
0.00
0.00
0.00
0.00
0.00
0.00
0.00
0.00
0.00
0.00
0.00
0.00
0.00
0.00
0.00
0.00
0.00
655.53
594.39
0.00
0.00
1161.90
1081.71
645.48
0.00
0.00
0.00
0.00
0.00
937.62
0.00
0.00
0.00
0.00
0.00
957.70
0.00
0.00
0.00
0.00
0.00
880.19
0.00
0.00
0.00
0.00
0.00
723.38
0.00
0.00
0.00
0.00
0.00
492.40
0.00
0.00
0.00
0.00
0.00
527.63
0.00
0.00
0.00
0.00
0.00
410.95
0.00
0.00
1862.82
0.00
0.00
756.64
0.00
0.00
0.00
0.00
0.00
799.39
0.00
0.00
0.00
0.00
0.00
580.44
0.00
0.00
0.00
0.00
0.00
0.00
0.00
0.00
0.00
0.00
0.00
0.00
0.00
0.00
0.00
0.00
0.00
0.00
0.00
1081.03
0.00
0.00
458.69
0.00
1094.80
0.00
0.00
0.00
0.00
0.00
1078.01
0.00
0.00
0.00
0.00
0.00
1565.92
0.00
0.00
0.00
0.00
0.00
1599.45
0.00
0.00
0.00
0.00
924.77
1470.01
1850.43
689.01
0.00
0.00
0.00
1208.12
0.00
0.00
0.00
0.00
0.00
822.36
0.00
0.00
0.00
0.00
0.00
881.20
0.00
0.00
693.37
0.00
0.00
686.33
1364.06
603.51
0.00
0.00
0.00
1263.66
0.00
0.00
0.00
0.00
0.00
1335.06
0.00
0.00
0.00
0.00
920.79
969.40
0.00
0.00
0.00
0.00
0.00
0.00
0.00
0.00
0.00
0.00
0.00
0.00
0.00
0.00
0.00
0.00
0.00
0.00
0.00
0.00
0.00
0.00
0.00
0.00
598.50
0.00
0.00
0.00
0.00
0.00
589.32
0.00
0.00
0.00
0.00
0.00
856.05
641.78
0.00
0.00
0.00
0.00
874.38
0.00
0.00
0.00
0.00
0.00
803.62
0.00
1658.93
0.00
0.00
0.00
660.45
0.00
0.00
0.00
0.00
0.00
449.56
0.00
0.00
4.22
0.00
0.00
481.73
0.00
0.00
0.00
0.00
0.00
375.20
0.00
0.00
0.00
285.38
0.00
690.81
0.00
0.00
0.00
0.00
0.00
729.85
0.00
0.00
0.00
0.00
0.00
529.95
0.00
1126.81
0.00
0.00
0.00
0.00
0.00
0.00
0.00
0.00
0.00
0.00
0.00
0.00
0.00
0.00
0.00
0.00
0.00
0.00
0.00
0.00
0.00
0.00
78.94
0.00
0.00
0.00
0.00
0.00
77.73
0.00
0.00
0.00
0.00
0.00
112.92
0.00
0.00
0.00
0.00
0.00
115.33
0.00
0.00
0.00
0.00
0.00
106.00
0.00
0.00
0.00
0.00
0.00
87.12
0.00
538.99
0.00
0.00
0.00
59.30
0.00
0.00
1416.20
0.00
1857.91
63.54
0.00
0.00
0.00
0.00
0.00
49.49
1324.32
0.00
0.00
0.00
0.00
91.12
0.00
0.00
845.46
0.00
0.00
96.27
1231.96
0.00
607.73
0.00
0.00
69.90
0.00
0.00
0.00
0.00
0.00
0.00
0.00
0.00
0.00
0.00
0.00
0.00
0.00
0.00
0.00
0.00
0.00
0.00
0.00
416.90
188.22
0.00
0.00
0.00
154.87
0.00
0.00
0.00
0.00
0.00
152.50
0.00
0.00
0.00
0.00
0.00
221.52
0.00
0.00
0.00
955.02
1612.64
226.26
0.00
0.00
0.00
0.00
0.00
207.95
157.65
0.00
0.00
0.00
1275.98
170.91
0.00
0.00
0.00
0.00
0.00
116.33
0.00
0.00
0.00
596.65
446.06
124.66
0.00
0.00
0.00
0.00
0.00
97.09
0.00
0.00
0.00
0.00
0.00
178.76
0.00
0.00
0.00
0.00
0.00
188.86
0.00
1784.18
0.00
0.00
0.00
137.14
0.00
0.00
0.00
0.00
0.00
0.00
0.00
0.00
0.00
0.00
0.00
0.00
0.00
0.00
0.00
0.00
0.00
0.00
0.00
0.00
0.00
0.00
0.00
0.00
892.92
0.00
0.00
0.00
0.00
0.00
1360.24
44.66
0.00
0.00
0.00
0.00
1392.35
0.00
913.69
0.00
0.00
1675.11
1268.37
0.00
1360.74
0.00
0.00
0.00
1017.54
0.00
0.00
0.00
0.00
0.00
648.05
0.00
0.00
0.00
0.00
0.00
704.41
0.00
0.00
0.00
0.00
1073.10
517.76
0.00
0.00
0.00
0.00
0.00
1070.73
0.00
0.00
0.00
0.00
0.00
1139.12
0.00
0.00
0.00
0.00
0.00
788.89
0.00
0.00
1850.60
0.00
0.00
0.00
0.00
0.00
0.00
0.00
0.00
0.00
0.00
0.00
0.00
0.00
0.00
0.00
0.00
0.00
0.00
0.00
0.00
0.00
0.00
0.00
0.00
0.00
0.00
0.00
558.20
0.00
0.00
0.00
0.00
39.42
850.35
0.00
0.00
0.00
0.00
0.00
870.42
1689.56
0.00
0.00
0.00
0.00
792.92
0.00
0.00
1741.58
0.00
0.00
636.11
0.00
0.00
0.00
0.00
0.00
405.13
0.00
0.00
0.00
0.00
0.00
440.36
0.00
0.00
0.00
0.00
0.00
323.68
873.03
0.00
0.00
0.00
0.00
669.36
0.00
0.00
0.00
0.00
0.00
712.12
0.00
719.08
1275.99
0.00
0.00
493.17
1174.65
0.00
0.00
0.00
0.00
0.00
0.00
0.00
0.00
0.00
0.00
0.00
0.00
0.00
0.00
0.00
0.00
0.00
0.00
0.00
0.00
0.00
0.00
0.00
0.00
0.00
0.00
0.00
0.00
0.00
932.25
0.00
0.00
0.00
0.00
0.00
1420.16
0.00
1575.81
0.00
0.00
0.00
1453.69
0.00
1455.00
0.00
1627.01
0.00
1324.25
0.00
0.00
0.00
0.00
0.00
1062.36
0.00
0.00
0.00
0.00
0.00
676.60
0.00
1391.13
0.00
0.00
0.00
735.44
0.00
0.00
0.00
0.00
1671.44
540.57
0.00
138.29
0.00
0.00
623.77
1117.90
0.00
0.00
0.00
0.00
0.00
1189.31
0.00
0.00
0.00
0.00
1204.36
823.64
0.00
0.00
0.00
0.00
0.00
0.00
0.00
0.00
0.00
0.00
0.00
0.00
0.00
0.00
0.00
0.00
0.00
0.00
0.00
0.00
0.00
0.00
0.00
0.00
0.00
0.00
0.00
0.00
0.00
0.00
509.64
0.00
0.00
0.00
294.37
0.00
776.37
0.00
0.00
0.00
0.00
0.00
794.70
0.00
0.00
0.00
0.00
0.00
723.94
0.00
0.00
0.00
0.00
0.00
580.77
0.00
0.00
0.00
1040.94
0.00
369.88
0.00
0.00
0.00
0.00
0.00
402.05
1510.81
0.00
0.00
0.00
0.00
295.52
0.00
0.00
0.00
0.00
0.00
611.13
0.00
0.00
0.00
1882.63
0.00
650.17
0.00
0.00
0.00
0.00
0.00
450.27
0.00
0.00
0.00
0.00
0.00
0.00
0.00
0.00
0.00
0.00
0.00
0.00
0.00
0.00
0.00
0.00
0.00
0.00
0.00
0.00
0.00
0.00
0.00
0.00
0.00
0.00
0.00
0.00
0.00
0.00
67.22
0.00
0.00
0.00
0.00
0.00
102.41
0.00
0.00
0.00
0.00
1527.51
104.82
0.00
1251.00
374.03
0.00
0.00
95.49
0.00
0.00
0.00
0.00
0.00
76.61
0.00
0.00
0.00
0.00
0.00
48.79
0.00
0.00
0.00
0.00
0.00
53.03
0.00
0.00
0.00
0.00
0.00
38.98
0.00
390.48
0.00
0.00
0.00
80.61
0.00
0.00
0.00
0.00
0.00
85.76
224.03
0.00
0.00
0.00
0.00
59.39
0.00
0.00
0.00
0.00
0.00
0.00
0.00
0.00
0.00
0.00
0.00
0.00
0.00
0.00
0.00
0.00
0.00
0.00
0.00
0.00
0.00
0.00
0.00
0.00
0.00
0.00
0.00
0.00
0.00
0.00
131.88
0.00
0.00
0.00
0.00
0.00
200.90
0.00
0.00
0.00
0.00
0.00
205.64
0.00
0.00
0.00
0.00
0.00
187.33
0.00
0.00
0.00
0.00
0.00
150.29
0.00
0.00
0.00
0.00
942.65
95.71
0.00
0.00
0.00
0.00
0.00
104.04
0.00
0.00
0.00
0.00
0.00
76.47
0.00
0.00
0.00
0.00
0.00
158.14
0.00
0.00
1820.90
0.00
0.00
168.24
0.00
0.00
818.20
1660.67
0.00
116.52
0.00
0.00
0.00
0.00
0.00
0.00
0.00
0.00
0.00
0.00
0.00
0.00
0.00
0.00
0.00
0.00
0.00
0.00
0.00
0.00
0.00
0.00
0.00
0.00
0.00
0.00
0.00
1033.27
0.00
0.00
1344.16
0.00
0.00
0.00
0.00
105.31
1376.27
0.00
0.00
596.94
1529.69
0.00
1252.29
0.00
0.00
0.00
0.00
1201.67
1001.46
1751.73
0.00
0.00
0.00
0.00
631.97
0.00
0.00
0.00
0.00
0.00
688.33
1930.26
0.00
1900.95
0.00
0.00
501.68
0.00
0.00
0.00
0.00
0.00
1054.65
0.00
0.00
0.00
0.00
0.00
1123.04
0.00
0.00
0.00
0.00
0.78
772.81
0.00
0.00
0.00
0.00
0.00
0.00
0.00
0.00
0.00
0.00
0.00
0.00
0.00
0.00
0.00
0.00
0.00
0.00
0.00
0.00
0.00
0.00
0.00
0.00
0.00
0.00
0.00
0.00
0.00
0.00
0.00
0.00
0.00
1932.79
1427.19
282.02
840.29
0.00
0.00
1526.40
0.00
1204.17
860.37
0.00
0.00
0.00
0.00
0.00
782.86
0.00
1604.51
0.00
0.00
0.00
626.06
0.00
0.00
0.00
0.00
0.00
395.07
0.00
0.00
0.00
0.00
0.00
430.30
0.00
0.00
0.00
0.00
1604.87
313.62
0.00
0.00
0.00
0.00
0.00
659.31
0.00
0.00
0.00
0.00
0.00
702.06
0.00
0.00
0.00
0.00
0.00
483.12
0.00
0.00
0.00
0.00
0.00
0.00
0.00
0.00
0.00
0.00
0.00
0.00
0.00
0.00
0.00
0.00
0.00
0.00
0.00
0.00
0.00
0.00
0.00
0.00
0.00
0.00
0.00
0.00
0.00
0.00
0.00
0.00
0.00
0.00
0.00
0.00
1403.37
0.00
0.00
0.00
0.00
0.00
1436.90
0.00
0.00
0.00
0.00
0.00
1307.46
0.00
0.00
0.00
0.00
0.00
1045.57
1060.82
0.00
0.00
0.00
0.00
659.81
0.00
0.00
0.00
1328.39
0.00
718.65
0.00
0.00
0.00
0.00
0.00
523.78
0.00
0.00
0.00
0.00
0.00
1101.11
0.00
1451.52
0.00
0.00
522.85
1172.52
0.00
0.00
0.00
0.00
0.00
806.85
0.00
0.00
0.00
0.00
0.00
0.00
0.00
0.00
0.00
0.00
0.00
0.00
0.00
0.00
0.00
0.00
0.00
0.00
0.00
0.00
0.00
0.00
0.00
0.00
0.00
0.00
0.00
0.00
0.00
0.00
0.00
0.00
0.00
0.00
1422.18
0.00
767.19
0.00
0.00
0.00
0.00
0.00
785.52
0.00
0.00
849.17
0.00
0.00
714.76
0.00
0.00
0.00
1864.80
0.00
571.59
0.00
0.00
567.26
1595.77
0.00
360.70
0.00
0.00
0.00
0.00
0.00
392.87
0.00
0.00
0.00
0.00
0.00
286.34
0.00
0.00
0.00
0.00
0.00
601.95
0.00
0.00
1663.75
0.00
0.00
640.99
0.00
0.00
0.00
0.00
0.00
441.09
0.00
0.00
0.00
0.00
0.00
0.00
0.00
0.00
0.00
0.00
0.00
0.00
0.00
0.00
0.00
0.00
0.00
0.00
0.00
0.00
0.00
0.00
0.00
0.00
0.00
0.00
0.00
0.00
0.00
0.00
0.00
0.00
0.00
0.00
0.00
0.00
101.20
0.00
0.00
0.00
0.00
0.00
103.61
0.00
0.00
0.00
1842.99
0.00
94.28
0.00
0.00
1679.10
0.00
0.00
75.40
0.00
0.00
0.00
0.00
0.00
47.58
0.00
0.00
0.00
0.00
0.00
51.82
0.00
0.00
0.00
62.69
0.00
37.77
0.00
0.00
0.00
0.00
0.00
79.40
0.00
0.00
0.00
0.00
0.00
84.55
0.00
0.00
1857.14
0.00
0.00
58.18
0.00
0.00
0.00
0.00
0.00
0.00
0.00
0.00
0.00
0.00
0.00
0.00
0.00
0.00
0.00
0.00
0.00
0.00
0.00
0.00
0.00
0.00
0.00
0.00
0.00
0.00
0.00
0.00
0.00
0.00
0.00
0.00
0.00
0.00
0.00
0.00
198.53
0.00
0.00
0.00
1532.54
0.00
203.27
0.00
0.00
0.00
0.00
432.72
184.96
0.00
0.00
0.00
0.00
0.00
147.91
0.00
0.00
0.00
0.00
0.00
93.34
0.00
0.00
0.00
0.00
0.00
101.66
0.00
0.00
0.00
0.00
0.00
74.10
0.00
0.00
0.00
0.00
0.00
155.77
0.00
0.00
0.00
0.00
0.00
165.87
0.00
0.00
0.00
0.00
0.00
114.14
0.00
0.00
0.00
0.00
0.00
0.00
0.00
0.00
0.00
0.00
0.00
0.00
0.00
0.00
0.00
0.00
0.00
0.00
0.00
0.00
0.00
0.00
0.00
0.00
0.00
0.00
0.00
0.00
0.00
0.00
0.00
0.00
0.00
1041.27
0.00
0.00
1843.59
0.00
0.00
0.00
0.00
0.00
1719.61
0.00
783.56
0.00
0.00
0.00
1468.78
0.00
0.00
0.00
787.74
32.74
1099.29
0.00
0.00
0.00
0.00
0.00
1155.65
0.00
0.00
0.00
0.00
1087.65
969.00
0.00
752.13
0.00
0.00
0.00
1521.97
0.00
953.42
0.00
0.00
0.00
1590.36
0.00
0.00
0.00
0.00
0.00
1240.13
0.00
0.00
0.00
0.00
0.00
0.00
0.00
0.00
0.00
0.00
0.00
0.00
0.00
0.00
0.00
0.00
0.00
0.00
0.00
0.00
0.00
0.00
0.00
0.00
0.00
0.00
0.00
0.00
0.00
0.00
0.00
0.00
0.00
0.00
0.00
0.00
0.00
0.00
0.00
0.00
0.00
0.00
1152.51
0.00
0.00
0.00
0.00
0.00
1075.01
0.00
1416.52
0.00
0.00
0.00
918.20
0.00
0.00
0.00
0.00
0.00
687.22
0.00
0.00
0.00
0.00
0.00
722.45
0.00
0.00
0.00
0.00
0.00
605.77
0.00
0.00
0.00
0.00
0.00
951.45
0.00
0.00
0.00
0.00
0.00
994.21
0.00
0.00
769.79
0.00
0.00
775.26
0.00
0.00
0.00
0.00
0.00
0.00
0.00
0.00
0.00
0.00
0.00
0.00
0.00
0.00
0.00
0.00
0.00
0.00
0.00
0.00
0.00
0.00
0.00
0.00
0.00
0.00
0.00
0.00
0.00
0.00
0.00
0.00
0.00
0.00
0.00
0.00
0.00
0.00
1713.73
0.00
1473.59
0.00
1924.81
0.00
0.00
0.00
0.00
0.00
1795.37
0.00
0.00
0.00
0.00
0.00
1533.48
0.00
0.00
0.00
0.00
0.00
1147.72
0.00
0.00
0.00
0.00
0.00
1206.56
0.00
0.00
0.00
0.00
0.00
1011.69
0.00
0.00
0.00
0.00
0.00
1589.02
0.00
0.00
0.00
0.00
0.00
1660.43
0.00
0.00
0.00
0.00
0.00
1294.76
0.00
0.00
0.00
0.00
0.00
0.00
0.00
0.00
0.00
0.00
0.00
0.00
0.00
0.00
0.00
0.00
0.00
0.00
0.00
0.00
0.00
0.00
0.00
0.00
0.00
0.00
0.00
0.00
0.00
0.00
0.00
0.00
0.00
0.00
0.00
0.00
0.00
0.00
0.00
0.00
0.00
0.00
1052.25
1576.58
0.00
0.00
0.00
0.00
981.49
0.00
1182.57
0.00
0.00
0.00
838.32
0.00
66.43
0.00
0.00
0.00
627.43
0.00
0.00
0.00
0.00
0.00
659.60
0.00
0.00
0.00
0.00
0.00
553.07
0.00
691.13
0.00
0.00
383.30
868.68
1118.90
0.00
155.37
0.00
0.00
907.72
0.00
0.00
0.00
0.00
730.69
707.82
0.00
0.00
0.00
0.00
0.00
0.00
0.00
0.00
0.00
0.00
0.00
0.00
0.00
0.00
0.00
0.00
0.00
0.00
0.00
0.00
0.00
0.00
0.00
0.00
0.00
0.00
0.00
0.00
0.00
0.00
0.00
0.00
0.00
0.00
0.00
0.00
0.00
0.00
0.00
0.00
0.00
0.00
138.80
0.00
0.00
0.00
45.58
0.00
129.46
0.00
1056.16
0.00
0.00
0.00
110.58
1856.72
0.00
0.00
0.00
911.34
82.76
0.00
0.00
0.00
0.00
0.00
87.00
0.00
0.00
0.00
0.00
0.00
72.95
0.00
0.00
363.66
0.00
0.00
114.58
0.00
0.00
0.00
0.00
0.00
119.73
809.80
0.00
0.00
0.00
0.00
93.36
0.00
0.00
0.00
0.00
0.00
0.00
0.00
0.00
0.00
0.00
0.00
0.00
0.00
0.00
0.00
0.00
0.00
0.00
0.00
0.00
0.00
0.00
0.00
0.00
0.00
0.00
0.00
0.00
0.00
0.00
0.00
0.00
0.00
0.00
0.00
0.00
0.00
0.00
0.00
0.00
0.00
0.00
272.29
0.00
0.00
0.00
0.00
0.00
253.98
0.00
0.00
0.00
0.00
0.00
216.93
0.00
0.00
0.00
0.00
0.00
162.36
0.00
0.00
0.00
0.00
0.00
170.68
0.00
0.00
0.00
0.00
0.00
143.12
0.00
0.00
0.00
0.00
0.00
224.79
11.37
0.00
0.00
0.00
0.00
234.89
0.00
0.00
0.00
0.00
1499.43
183.16
0.00
0.00
0.00
0.00
0.00
0.00
0.00
0.00
0.00
0.00
0.00
0.00
0.00
0.00
0.00
0.00
0.00
0.00
0.00
0.00
0.00
0.00
0.00
0.00
0.00
0.00
0.00
0.00
0.00
0.00
0.00
0.00
0.00
0.00
0.00
0.00
0.00
0.00
0.00
0.00
0.00
456.81
1751.73
0.00
0.00
0.00
0.00
0.00
1500.89
0.00
0.00
0.00
0.00
0.00
1131.40
0.00
0.00
0.00
0.00
0.00
1187.76
0.00
0.00
0.00
0.00
0.00
1001.11
0.00
0.00
0.00
1240.45
0.00
1554.08
1917.55
0.00
1788.27
0.00
0.00
1622.48
0.00
0.00
0.00
0.00
0.00
1272.24
0.00
0.00
0.00
0.00
0.00
0.00
0.00
0.00
0.00
0.00
0.00
0.00
0.00
0.00
0.00
0.00
0.00
0.00
0.00
0.00
0.00
0.00
0.00
0.00
0.00
0.00
0.00
0.00
0.00
0.00
0.00
0.00
0.00
0.00
0.00
0.00
0.00
0.00
0.00
0.00
0.00
0.00
0.00
0.00
0.00
0.00
0.00
0.00
1095.08
0.00
0.00
0.00
0.00
0.00
938.27
0.00
0.00
0.00
0.00
1353.88
707.29
0.00
0.00
0.00
0.00
50.35
742.52
0.00
863.91
141.03
0.00
1.01
625.84
973.60
0.00
0.00
0.00
0.00
971.53
608.94
0.00
0.00
415.12
0.00
1014.28
587.79
0.00
0.00
0.00
0.00
795.33
0.00
0.00
0.00
0.00
0.00
0.00
0.00
0.00
0.00
0.00
0.00
0.00
0.00
0.00
0.00
0.00
0.00
0.00
0.00
0.00
0.00
0.00
0.00
0.00
0.00
0.00
0.00
0.00
0.00
0.00
0.00
0.00
0.00
0.00
0.00
0.00
0.00
0.00
0.00
0.00
0.00
0.00
0.00
0.00
0.00
0.00
0.00
0.00
1828.90
0.00
0.00
0.00
638.86
0.00
1567.01
0.00
0.00
0.00
0.00
0.00
1181.25
368.84
0.00
0.00
0.00
0.00
1240.09
0.00
0.00
0.00
0.00
0.00
1045.22
0.00
0.00
0.00
0.00
0.00
1622.55
0.00
0.00
0.00
0.00
0.00
1693.95
0.00
0.00
0.00
0.00
0.00
1328.29
0.00
313.84
0.00
0.00
0.00
0.00
0.00
0.00
0.00
0.00
0.00
0.00
0.00
0.00
0.00
0.00
0.00
0.00
0.00
0.00
0.00
0.00
0.00
0.00
0.00
0.00
0.00
0.00
0.00
0.00
0.00
0.00
0.00
0.00
0.00
0.00
0.00
0.00
0.00
0.00
0.00
0.00
0.00
0.00
0.00
903.40
0.00
0.00
999.81
0.00
0.00
0.00
0.00
0.00
856.65
0.00
0.00
0.00
0.00
0.00
645.76
0.00
657.79
0.00
0.00
0.00
677.93
0.00
0.00
0.00
0.00
0.00
571.40
0.00
0.00
0.00
0.00
0.00
887.01
0.00
0.00
0.00
0.00
0.00
926.04
0.00
0.00
0.00
0.00
0.00
726.14
0.00
0.00
0.00
0.00
0.00
0.00
0.00
0.00
0.00
0.00
0.00
0.00
0.00
0.00
0.00
0.00
0.00
0.00
0.00
0.00
0.00
0.00
0.00
0.00
0.00
0.00
0.00
0.00
0.00
0.00
0.00
0.00
0.00
0.00
0.00
0.00
0.00
0.00
0.00
0.00
0.00
0.00
0.00
0.00
0.00
0.00
0.00
0.00
131.88
0.00
0.00
0.00
0.00
0.00
113.00
0.00
0.00
0.00
0.00
0.00
85.18
0.00
0.00
0.00
0.00
0.00
89.42
0.00
0.00
0.00
0.00
0.00
75.37
0.00
0.00
0.00
310.19
0.00
117.00
0.00
0.00
0.00
0.00
0.00
122.15
0.00
0.00
0.00
0.00
0.00
95.78
0.00
0.00
0.00
0.00
0.00
0.00
0.00
0.00
0.00
0.00
0.00
0.00
0.00
0.00
0.00
0.00
0.00
0.00
0.00
0.00
0.00
0.00
0.00
0.00
0.00
0.00
0.00
0.00
0.00
0.00
0.00
0.00
0.00
0.00
0.00
0.00
0.00
0.00
0.00
0.00
0.00
0.00
0.00
0.00
0.00
0.00
0.00
0.00
258.72
0.00
0.00
650.48
0.00
1038.99
221.68
0.00
1593.60
0.00
0.00
0.00
167.10
0.00
0.00
0.00
0.00
0.00
175.43
0.00
0.00
0.00
0.00
0.00
147.86
0.00
0.00
0.00
0.00
0.00
229.53
0.00
0.00
0.00
0.00
0.00
239.63
163.59
0.00
0.00
0.00
0.00
187.90
0.00
0.00
0.00
0.00
0.00
0.00
0.00
0.00
0.00
0.00
0.00
0.00
0.00
0.00
0.00
0.00
0.00
0.00
0.00
0.00
0.00
0.00
0.00
0.00
0.00
0.00
0.00
0.00
0.00
0.00
0.00
0.00
0.00
0.00
0.00
0.00
0.00
0.00
0.00
0.00
0.00
0.00
0.00
1843.22
0.00
0.00
0.00
0.00
1376.91
0.00
0.00
0.00
0.00
0.00
1007.43
0.00
0.00
0.00
0.00
208.96
1063.78
0.00
0.00
0.00
0.00
512.72
877.14
0.00
0.00
0.00
0.00
0.00
1430.11
0.00
0.00
0.00
0.00
0.00
1498.50
0.00
715.44
0.00
0.00
0.00
1148.26
0.00
0.00
0.00
0.00
0.00
0.00
0.00
0.00
0.00
0.00
0.00
0.00
0.00
0.00
0.00
0.00
0.00
0.00
0.00
0.00
0.00
0.00
0.00
0.00
0.00
0.00
0.00
0.00
0.00
0.00
0.00
0.00
0.00
0.00
0.00
0.00
0.00
0.00
0.00
0.00
0.00
0.00
0.00
0.00
0.00
0.00
0.00
0.00
0.00
0.00
0.00
0.00
0.00
0.00
860.77
0.00
0.00
0.00
0.00
0.00
629.79
0.00
0.00
0.00
0.00
0.00
665.02
0.00
1023.15
0.00
0.00
0.00
548.34
0.00
0.00
0.00
0.00
1208.52
894.02
0.00
0.00
746.16
0.00
0.00
936.78
0.00
0.00
1107.78
0.00
314.52
717.83
0.00
0.00
0.00
875.96
0.00
0.00
0.00
0.00
0.00
0.00
0.00
0.00
0.00
0.00
0.00
0.00
0.00
0.00
0.00
0.00
0.00
0.00
0.00
0.00
0.00
0.00
0.00
0.00
0.00
0.00
0.00
0.00
0.00
0.00
0.00
0.00
0.00
0.00
0.00
0.00
0.00
0.00
0.00
0.00
0.00
0.00
0.00
0.00
0.00
0.00
0.00
0.00
0.00
0.00
1437.57
1060.43
0.00
1840.86
0.00
0.00
1051.81
0.00
0.00
0.00
0.00
0.00
1110.65
0.00
0.00
0.00
0.00
0.00
915.78
0.00
0.00
0.00
0.00
0.00
1493.11
0.00
0.00
0.00
0.00
0.00
1564.51
0.00
0.00
0.00
0.00
0.00
1198.85
824.87
0.00
0.00
0.00
0.00
0.00
0.00
0.00
0.00
0.00
0.00
0.00
0.00
0.00
0.00
0.00
0.00
0.00
0.00
0.00
0.00
0.00
0.00
0.00
0.00
0.00
0.00
0.00
0.00
0.00
0.00
0.00
0.00
0.00
0.00
0.00
0.00
0.00
0.00
0.00
0.00
0.00
0.00
0.00
0.00
0.00
0.00
0.00
0.00
0.00
0.00
0.00
0.00
0.00
785.89
0.00
0.00
0.00
0.00
0.00
575.00
0.00
0.00
0.00
0.00
0.00
607.17
0.00
0.00
0.00
0.00
0.00
500.64
0.00
0.00
0.00
0.00
0.00
816.25
0.00
0.00
0.00
0.00
0.00
855.28
0.00
0.00
0.00
0.00
0.00
655.38
0.00
0.00
0.00
0.00
0.00
0.00
0.00
0.00
0.00
0.00
0.00
0.00
0.00
0.00
0.00
0.00
0.00
0.00
0.00
0.00
0.00
0.00
0.00
0.00
0.00
0.00
0.00
0.00
0.00
0.00
0.00
0.00
0.00
0.00
0.00
0.00
0.00
0.00
0.00
0.00
0.00
0.00
0.00
0.00
0.00
0.00
0.00
0.00
0.00
0.00
0.00
0.00
0.00
0.00
103.66
0.00
0.00
1419.40
0.00
0.00
75.84
0.00
0.00
0.00
0.00
0.00
80.09
0.00
0.00
1422.52
0.00
0.00
66.04
0.00
0.00
0.00
0.00
0.00
107.67
0.00
0.00
0.00
0.00
0.00
112.82
0.00
0.00
0.00
884.74
0.00
86.45
0.00
0.00
0.00
0.00
0.00
0.00
0.00
0.00
0.00
0.00
0.00
0.00
0.00
0.00
0.00
0.00
0.00
0.00
0.00
0.00
0.00
0.00
0.00
0.00
0.00
0.00
0.00
0.00
0.00
0.00
0.00
0.00
0.00
0.00
0.00
0.00
0.00
0.00
0.00
0.00
0.00
0.00
0.00
0.00
0.00
0.00
0.00
0.00
0.00
706.86
0.00
0.00
0.00
0.00
203.36
0.00
0.00
460.43
0.00
0.00
148.79
238.01
0.00
0.00
0.00
0.00
157.12
0.00
0.00
0.00
0.00
0.00
129.55
0.00
0.00
0.00
0.00
0.00
211.22
0.00
940.11
0.00
0.00
0.00
221.32
0.00
0.00
0.00
1836.44
0.00
169.59
0.00
0.00
0.00
0.00
0.00
0.00
0.00
0.00
0.00
0.00
0.00
0.00
0.00
0.00
0.00
0.00
0.00
0.00
0.00
0.00
0.00
0.00
0.00
0.00
0.00
0.00
0.00
0.00
0.00
0.00
0.00
0.00
0.00
0.00
0.00
0.00
0.00
0.00
0.00
0.00
0.00
0.00
0.00
0.00
0.00
0.00
0.00
0.00
0.00
1960.23
279.82
0.00
0.00
0.00
756.59
0.00
0.00
0.00
0.00
0.00
812.95
0.00
0.00
0.00
375.77
0.00
626.30
0.00
0.00
0.00
0.00
0.00
1179.27
0.00
0.00
0.00
0.00
0.00
1247.66
0.00
0.00
0.00
0.00
0.00
897.43
0.00
0.00
0.00
1890.10
0.00
0.00
0.00
0.00
0.00
0.00
0.00
0.00
0.00
0.00
0.00
0.00
0.00
0.00
0.00
0.00
0.00
0.00
0.00
0.00
0.00
0.00
0.00
0.00
0.00
0.00
0.00
0.00
0.00
0.00
0.00
0.00
0.00
0.00
0.00
0.00
0.00
0.00
0.00
0.00
0.00
0.00
0.00
0.00
0.00
0.00
0.00
0.00
0.00
0.00
0.00
0.00
0.00
0.00
0.00
0.00
472.98
0.00
0.00
0.00
0.00
0.00
508.21
0.00
0.00
0.00
0.00
0.00
391.53
0.00
0.00
0.00
0.00
0.00
737.22
0.00
0.00
0.00
0.00
1967.75
779.97
0.00
0.00
0.00
0.00
0.00
561.02
0.00
0.00
0.00
0.00
0.00
0.00
0.00
0.00
0.00
0.00
0.00
0.00
0.00
0.00
0.00
0.00
0.00
0.00
0.00
0.00
0.00
0.00
0.00
0.00
0.00
0.00
0.00
0.00
0.00
0.00
0.00
0.00
0.00
0.00
0.00
0.00
0.00
0.00
0.00
0.00
0.00
0.00
0.00
0.00
0.00
0.00
0.00
0.00
0.00
0.00
0.00
0.00
0.00
0.00
0.00
0.00
0.00
0.00
0.00
0.00
789.92
0.00
0.00
0.00
0.00
0.00
848.76
0.00
0.00
0.00
0.00
650.06
653.89
0.00
0.00
0.00
0.00
0.00
1231.22
0.00
0.00
0.00
0.00
0.00
1302.63
382.71
0.00
0.00
0.00
0.00
936.96
0.00
0.00
0.00
0.00
0.00
0.00
0.00
0.00
0.00
0.00
0.00
0.00
0.00
0.00
0.00
0.00
0.00
0.00
0.00
0.00
0.00
0.00
0.00
0.00
0.00
0.00
0.00
0.00
0.00
0.00
0.00
0.00
0.00
0.00
0.00
0.00
0.00
0.00
0.00
0.00
0.00
0.00
0.00
0.00
0.00
0.00
0.00
0.00
0.00
0.00
0.00
0.00
0.00
0.00
0.00
0.00
0.00
0.00
0.00
0.00
431.83
0.00
987.87
0.00
0.00
0.00
464.00
0.00
0.00
560.11
0.00
0.00
357.47
0.00
0.00
0.00
0.00
0.00
673.08
0.00
0.00
0.00
0.00
0.00
712.12
0.00
0.00
0.00
811.32
0.00
512.22
0.00
1535.22
0.00
0.00
0.00
0.00
0.00
0.00
0.00
0.00
0.00
0.00
0.00
0.00
0.00
0.00
0.00
0.00
0.00
0.00
0.00
0.00
0.00
0.00
0.00
0.00
0.00
0.00
0.00
0.00
0.00
0.00
0.00
0.00
0.00
0.00
0.00
0.00
0.00
0.00
0.00
0.00
0.00
0.00
0.00
0.00
0.00
0.00
0.00
0.00
0.00
0.00
0.00
0.00
0.00
0.00
0.00
0.00
0.00
0.00
56.96
0.00
0.00
512.94
0.00
0.00
61.20
0.00
359.80
0.00
0.00
0.00
47.15
0.00
0.00
0.00
435.07
0.00
88.78
0.00
0.00
0.00
0.00
0.00
93.93
0.00
0.00
0.00
0.00
607.60
67.56
0.00
0.00
0.00
0.00
0.00
0.00
0.00
0.00
0.00
0.00
0.00
0.00
0.00
0.00
0.00
0.00
0.00
0.00
0.00
0.00
0.00
0.00
0.00
0.00
0.00
0.00
0.00
0.00
0.00
0.00
0.00
0.00
0.00
0.00
0.00
0.00
0.00
0.00
0.00
0.00
0.00
0.00
0.00
0.00
0.00
0.00
0.00
0.00
0.00
0.00
0.00
0.00
0.00
0.00
0.00
0.00
0.00
0.00
0.00
0.00
111.75
1797.84
0.00
0.00
0.00
0.00
120.07
0.00
0.00
0.00
0.00
0.00
92.50
764.13
0.00
0.00
0.00
583.17
174.17
0.00
0.00
0.00
0.00
0.00
184.27
0.00
0.00
0.00
0.00
0.00
132.55
0.00
0.00
0.00
0.00
0.00
0.00
0.00
0.00
0.00
0.00
0.00
0.00
0.00
0.00
0.00
0.00
0.00
0.00
0.00
0.00
0.00
0.00
0.00
0.00
0.00
0.00
0.00
0.00
0.00
0.00
0.00
0.00
0.00
0.00
0.00
0.00
0.00
0.00
0.00
0.00
0.00
0.00
0.00
0.00
0.00
0.00
0.00
0.00
0.00
0.00
0.00
0.00
0.00
0.00
0.00
0.00
0.00
0.00
0.00
1409.14
443.46
0.00
1841.51
110.49
0.00
0.00
256.82
0.00
0.00
0.00
0.00
0.00
809.79
0.00
0.00
0.00
0.00
0.00
878.18
0.00
0.00
0.00
0.00
0.00
527.94
0.00
0.00
0.00
0.00
0.00
0.00
0.00
0.00
0.00
0.00
0.00
0.00
0.00
0.00
0.00
0.00
0.00
0.00
0.00
0.00
0.00
0.00
0.00
0.00
0.00
0.00
0.00
0.00
0.00
0.00
0.00
0.00
0.00
0.00
0.00
0.00
0.00
0.00
0.00
0.00
0.00
0.00
0.00
0.00
0.00
0.00
0.00
0.00
0.00
0.00
0.00
0.00
0.00
0.00
0.00
0.00
0.00
0.00
0.00
0.00
0.00
0.00
0.00
0.00
0.00
0.00
277.23
0.00
599.81
0.00
0.00
0.00
160.55
0.00
0.00
305.26
0.00
0.00
506.23
0.00
1115.90
0.00
0.00
371.00
548.99
0.00
0.00
0.00
0.00
0.00
330.04
0.00
0.00
281.87
0.00
0.00
0.00
0.00
0.00
0.00
0.00
0.00
0.00
0.00
0.00
0.00
0.00
0.00
0.00
0.00
0.00
0.00
0.00
0.00
0.00
0.00
0.00
0.00
0.00
0.00
0.00
0.00
0.00
0.00
0.00
0.00
0.00
0.00
0.00
0.00
0.00
0.00
0.00
0.00
0.00
0.00
0.00
0.00
0.00
0.00
0.00
0.00
0.00
0.00
0.00
0.00
0.00
0.00
0.00
0.00
0.00
0.00
0.00
0.00
0.00
0.00
0.00
463.00
0.00
996.44
0.00
0.00
0.00
268.13
0.00
0.00
0.00
0.00
0.00
845.46
0.00
0.00
1750.78
1068.92
0.00
916.86
0.00
0.00
0.00
0.00
1917.07
551.20
0.00
0.00
0.00
0.00
0.00
0.00
0.00
0.00
0.00
0.00
0.00
0.00
0.00
0.00
0.00
0.00
0.00
0.00
0.00
0.00
0.00
0.00
0.00
0.00
0.00
0.00
0.00
0.00
0.00
0.00
0.00
0.00
0.00
0.00
0.00
0.00
0.00
0.00
0.00
0.00
0.00
0.00
0.00
0.00
0.00
0.00
0.00
0.00
0.00
0.00
0.00
0.00
0.00
0.00
0.00
0.00
0.00
0.00
0.00
0.00
0.00
37.59
0.00
0.00
0.00
0.00
253.11
0.00
0.00
1307.53
0.00
1529.38
146.58
0.00
0.00
0.00
0.00
591.34
462.19
0.00
0.00
0.00
0.00
0.00
501.23
0.00
0.00
0.00
1667.41
0.00
301.33
0.00
0.00
0.00
0.00
0.00
0.00
0.00
0.00
0.00
0.00
0.00
0.00
0.00
0.00
0.00
0.00
0.00
0.00
0.00
0.00
0.00
0.00
0.00
0.00
0.00
0.00
0.00
0.00
0.00
0.00
0.00
0.00
0.00
0.00
0.00
0.00
0.00
0.00
0.00
0.00
0.00
0.00
0.00
0.00
0.00
0.00
0.00
0.00
0.00
0.00
0.00
0.00
0.00
0.00
0.00
0.00
0.00
0.00
0.00
0.00
0.00
0.00
0.00
0.00
0.00
0.00
33.39
0.00
0.00
0.00
403.44
0.00
19.33
1438.18
4.32
0.00
1471.06
0.00
60.97
0.00
0.00
0.00
0.00
0.00
66.11
0.00
0.00
0.00
0.00
0.00
39.75
0.00
0.00
0.00
0.00
0.00
0.00
0.00
0.00
0.00
0.00
0.00
0.00
0.00
0.00
0.00
0.00
0.00
0.00
0.00
0.00
0.00
0.00
0.00
0.00
0.00
0.00
0.00
0.00
0.00
0.00
0.00
0.00
0.00
0.00
0.00
0.00
0.00
0.00
0.00
0.00
0.00
0.00
0.00
0.00
0.00
0.00
0.00
0.00
0.00
0.00
0.00
0.00
0.00
0.00
0.00
0.00
0.00
0.00
0.00
0.00
0.00
0.00
0.00
0.00
0.00
0.00
65.50
0.00
0.00
0.00
0.00
0.00
37.93
0.00
0.00
0.00
0.00
0.00
119.60
0.00
0.00
0.00
0.00
0.00
129.70
0.00
0.00
0.00
0.00
0.00
77.97
0.00
0.00
0.00
0.00
0.00
0.00
0.00
0.00
0.00
0.00
0.00
0.00
0.00
0.00
0.00
0.00
0.00
0.00
0.00
0.00
0.00
0.00
0.00
0.00
0.00
0.00
0.00
0.00
0.00
0.00
0.00
0.00
0.00
0.00
0.00
0.00
0.00
0.00
0.00
0.00
0.00
0.00
0.00
0.00
0.00
0.00
0.00
0.00
0.00
0.00
0.00
0.00
0.00
0.00
0.00
0.00
0.00
0.00
0.00
0.00
0.00
0.00
0.00
0.00
0.00
0.00
313.17
610.58
1376.76
0.00
0.00
0.00
866.14
0.00
0.00
0.00
0.00
0.00
934.53
0.00
0.00
0.00
0.00
0.00
584.30
0.00
0.00
0.00
0.00
0.00
0.00
0.00
0.00
0.00
0.00
0.00
0.00
0.00
0.00
0.00
0.00
0.00
0.00
0.00
0.00
0.00
0.00
0.00
0.00
0.00
0.00
0.00
0.00
0.00
0.00
0.00
0.00
0.00
0.00
0.00
0.00
0.00
0.00
0.00
0.00
0.00
0.00
0.00
0.00
0.00
0.00
0.00
0.00
0.00
0.00
0.00
0.00
0.00
0.00
0.00
0.00
0.00
0.00
0.00
0.00
0.00
0.00
0.00
0.00
0.00
0.00
0.00
0.00
820.25
0.00
330.22
0.00
195.78
0.00
0.00
0.00
0.00
0.00
541.46
0.00
0.00
0.00
681.86
0.00
584.22
0.00
1089.03
0.00
0.00
0.00
365.27
0.00
0.00
0.00
0.00
0.00
0.00
0.00
0.00
0.00
0.00
0.00
0.00
0.00
0.00
0.00
0.00
0.00
0.00
0.00
0.00
0.00
0.00
0.00
0.00
0.00
0.00
0.00
0.00
0.00
0.00
0.00
0.00
0.00
0.00
0.00
0.00
0.00
0.00
0.00
0.00
0.00
0.00
0.00
0.00
0.00
0.00
0.00
0.00
0.00
0.00
0.00
0.00
0.00
0.00
0.00
0.00
0.00
0.00
0.00
0.00
0.00
0.00
0.00
0.00
0.00
0.00
0.00
0.00
0.00
0.00
0.00
1142.65
326.97
0.00
128.89
0.00
0.00
0.00
904.30
0.00
0.00
966.02
0.00
0.00
975.70
0.00
0.00
0.00
0.00
0.00
610.04
0.00
1965.25
0.00
0.00
0.00
0.00
0.00
0.00
0.00
0.00
0.00
0.00
0.00
0.00
0.00
0.00
0.00
0.00
0.00
0.00
0.00
0.00
0.00
0.00
0.00
0.00
0.00
0.00
0.00
0.00
0.00
0.00
0.00
0.00
0.00
0.00
0.00
0.00
0.00
0.00
0.00
0.00
0.00
0.00
0.00
0.00
0.00
0.00
0.00
0.00
0.00
0.00
0.00
0.00
0.00
0.00
0.00
0.00
0.00
0.00
0.00
0.00
0.00
0.00
0.00
0.00
0.00
0.00
0.00
0.00
0.00
0.00
178.75
0.00
0.00
0.00
0.00
0.00
494.36
0.00
0.00
0.00
0.00
0.00
533.39
0.00
0.00
0.00
0.00
0.00
333.49
0.00
0.00
0.00
0.00
0.00
0.00
0.00
0.00
0.00
0.00
0.00
0.00
0.00
0.00
0.00
0.00
0.00
0.00
0.00
0.00
0.00
0.00
0.00
0.00
0.00
0.00
0.00
0.00
0.00
0.00
0.00
0.00
0.00
0.00
0.00
0.00
0.00
0.00
0.00
0.00
0.00
0.00
0.00
0.00
0.00
0.00
0.00
0.00
0.00
0.00
0.00
0.00
0.00
0.00
0.00
0.00
0.00
0.00
0.00
0.00
0.00
0.00
0.00
0.00
0.00
0.00
0.00
0.00
0.00
0.00
0.00
0.00
23.58
759.59
0.00
1856.50
0.00
0.00
65.21
0.00
0.00
0.00
1353.29
0.00
70.36
0.00
0.00
0.00
72.00
0.00
43.99
0.00
0.00
0.00
0.00
0.00
0.00
0.00
0.00
0.00
0.00
0.00
0.00
0.00
0.00
0.00
0.00
0.00
0.00
0.00
0.00
0.00
0.00
0.00
0.00
0.00
0.00
0.00
0.00
0.00
0.00
0.00
0.00
0.00
0.00
0.00
0.00
0.00
0.00
0.00
0.00
0.00
0.00
0.00
0.00
0.00
0.00
0.00
0.00
0.00
0.00
0.00
0.00
0.00
0.00
0.00
0.00
0.00
0.00
0.00
0.00
0.00
0.00
0.00
0.00
0.00
0.00
0.00
0.00
0.00
0.00
0.00
0.00
46.25
0.00
0.00
0.00
0.00
0.00
127.93
0.00
187.87
0.00
0.00
0.00
138.03
0.00
0.00
0.00
0.00
0.00
86.30
0.00
0.00
0.00
0.00
0.00
0.00
0.00
0.00
0.00
0.00
0.00
0.00
0.00
0.00
0.00
0.00
0.00
0.00
0.00
0.00
0.00
0.00
0.00
0.00
0.00
0.00
0.00
0.00
0.00
0.00
0.00
0.00
0.00
0.00
0.00
0.00
0.00
0.00
0.00
0.00
0.00
0.00
0.00
0.00
0.00
0.00
0.00
0.00
0.00
0.00
0.00
0.00
0.00
0.00
0.00
0.00
0.00
0.00
0.00
0.00
0.00
0.00
0.00
0.00
0.00
0.00
0.00
0.00
0.00
0.00
0.00
0.00
679.50
0.00
0.00
0.00
0.00
0.00
747.89
0.00
112.35
0.00
0.00
0.00
397.65
0.00
0.00
0.00
0.00
1625.36
0.00
0.00
0.00
0.00
0.00
0.00
0.00
0.00
0.00
0.00
0.00
0.00
0.00
0.00
0.00
0.00
0.00
0.00
0.00
0.00
0.00
0.00
0.00
0.00
0.00
0.00
0.00
0.00
0.00
0.00
0.00
0.00
0.00
0.00
0.00
0.00
0.00
0.00
0.00
0.00
0.00
0.00
0.00
0.00
0.00
0.00
0.00
0.00
0.00
0.00
0.00
0.00
0.00
0.00
0.00
0.00
0.00
0.00
0.00
0.00
0.00
0.00
0.00
0.00
0.00
0.00
0.00
0.00
0.00
0.00
0.00
0.00
0.00
424.78
0.00
0.00
0.00
0.00
1311.43
467.54
0.00
0.00
0.00
0.00
0.00
248.59
1236.68
0.00
0.00
0.00
0.00
0.00
0.00
0.00
0.00
0.00
0.00
0.00
0.00
0.00
0.00
0.00
0.00
0.00
0.00
0.00
0.00
0.00
0.00
0.00
0.00
0.00
0.00
0.00
0.00
0.00
0.00
0.00
0.00
0.00
0.00
0.00
0.00
0.00
0.00
0.00
0.00
0.00
0.00
0.00
0.00
0.00
0.00
0.00
0.00
0.00
0.00
0.00
0.00
0.00
0.00
0.00
0.00
0.00
0.00
0.00
0.00
0.00
0.00
0.00
0.00
0.00
0.00
0.00
0.00
0.00
0.00
0.00
0.00
0.00
0.00
0.00
0.00
0.00
709.43
1738.44
0.00
978.51
0.00
0.00
780.83
0.00
0.00
0.00
0.00
0.00
415.17
1578.49
0.00
0.00
0.00
0.00
0.00
0.00
0.00
0.00
0.00
0.00
0.00
0.00
0.00
0.00
0.00
0.00
0.00
0.00
0.00
0.00
0.00
0.00
0.00
0.00
0.00
0.00
0.00
0.00
0.00
0.00
0.00
0.00
0.00
0.00
0.00
0.00
0.00
0.00
0.00
0.00
0.00
0.00
0.00
0.00
0.00
0.00
0.00
0.00
0.00
0.00
0.00
0.00
0.00
0.00
0.00
0.00
0.00
0.00
0.00
0.00
0.00
0.00
0.00
0.00
0.00
0.00
0.00
0.00
0.00
0.00
0.00
0.00
0.00
0.00
0.00
0.00
0.00
387.83
0.00
0.00
1950.54
0.00
0.00
426.86
0.00
0.00
0.00
0.00
0.00
226.96
495.91
0.00
0.00
0.00
0.00
0.00
0.00
0.00
0.00
0.00
0.00
0.00
0.00
0.00
0.00
0.00
0.00
0.00
0.00
0.00
0.00
0.00
0.00
0.00
0.00
0.00
0.00
0.00
0.00
0.00
0.00
0.00
0.00
0.00
0.00
0.00
0.00
0.00
0.00
0.00
0.00
0.00
0.00
0.00
0.00
0.00
0.00
0.00
0.00
0.00
0.00
0.00
0.00
0.00
0.00
0.00
0.00
0.00
0.00
0.00
0.00
0.00
0.00
0.00
0.00
0.00
0.00
0.00
0.00
0.00
0.00
0.00
0.00
0.00
0.00
0.00
0.00
0.00
51.16
0.00
0.00
0.00
0.00
0.00
56.31
0.00
0.00
0.00
0.00
0.00
29.94
0.00
0.00
0.00
0.00
0.00
0.00
0.00
0.00
0.00
0.00
0.00
0.00
0.00
0.00
0.00
0.00
0.00
0.00
0.00
0.00
0.00
0.00
0.00
0.00
0.00
0.00
0.00
0.00
0.00
0.00
0.00
0.00
0.00
0.00
0.00
0.00
0.00
0.00
0.00
0.00
0.00
0.00
0.00
0.00
0.00
0.00
0.00
0.00
0.00
0.00
0.00
0.00
0.00
0.00
0.00
0.00
0.00
0.00
0.00
0.00
0.00
0.00
0.00
0.00
0.00
0.00
0.00
0.00
0.00
0.00
0.00
0.00
0.00
0.00
0.00
0.00
0.00
0.00
100.36
0.00
778.93
0.00
0.00
0.00
110.46
0.00
0.00
0.00
0.00
0.00
58.73
0.00
0.00
0.00
0.00
0.00
0.00
0.00
0.00
0.00
0.00
0.00
0.00
0.00
0.00
0.00
0.00
0.00
0.00
0.00
0.00
0.00
0.00
0.00
0.00
0.00
0.00
0.00
0.00
0.00
0.00
0.00
0.00
0.00
0.00
0.00
0.00
0.00
0.00
0.00
0.00
0.00
0.00
0.00
0.00
0.00
0.00
0.00
0.00
0.00
0.00
0.00
0.00
0.00
0.00
0.00
0.00
0.00
0.00
0.00
0.00
0.00
0.00
0.00
0.00
0.00
0.00
0.00
0.00
0.00
0.00
0.00
0.00
0.00
0.00
1624.39
0.00
0.00
0.00
1300.86
0.00
0.00
579.82
0.00
0.00
950.62
893.06
0.00
0.00
0.00
0.00
0.00
0.00
0.00
0.00
0.00
0.00
0.00
0.00
0.00
0.00
0.00
0.00
0.00
0.00
0.00
0.00
0.00
0.00
0.00
0.00
0.00
0.00
0.00
0.00
0.00
0.00
0.00
0.00
0.00
0.00
0.00
0.00
0.00
0.00
0.00
0.00
0.00
0.00
0.00
0.00
0.00
0.00
0.00
0.00
0.00
0.00
0.00
0.00
0.00
0.00
0.00
0.00
0.00
0.00
0.00
0.00
0.00
0.00
0.00
0.00
0.00
0.00
0.00
0.00
0.00
0.00
0.00
0.00
0.00
0.00
0.00
0.00
0.00
0.00
0.00
0.00
34.94
0.00
0.00
813.22
0.00
0.00
0.00
0.00
0.00
594.28
0.00
0.00
33.25
0.00
0.00
0.00
0.00
0.00
0.00
0.00
0.00
0.00
0.00
0.00
0.00
0.00
0.00
0.00
0.00
0.00
0.00
0.00
0.00
0.00
0.00
0.00
0.00
0.00
0.00
0.00
0.00
0.00
0.00
0.00
0.00
0.00
0.00
0.00
0.00
0.00
0.00
0.00
0.00
0.00
0.00
0.00
0.00
0.00
0.00
0.00
0.00
0.00
0.00
0.00
0.00
0.00
0.00
0.00
0.00
0.00
0.00
0.00
0.00
0.00
0.00
0.00
0.00
0.00
0.00
0.00
0.00
0.00
0.00
0.00
0.00
0.00
0.00
0.00
0.00
0.00
0.00
0.00
0.00
0.00
1358.17
0.00
0.00
0.00
0.00
0.00
992.50
0.00
0.00
0.00
0.00
0.00
0.00
0.00
0.00
0.00
0.00
0.00
0.00
0.00
0.00
0.00
0.00
0.00
0.00
0.00
0.00
0.00
0.00
0.00
0.00
0.00
0.00
0.00
0.00
0.00
0.00
0.00
0.00
0.00
0.00
0.00
0.00
0.00
0.00
0.00
0.00
0.00
0.00
0.00
0.00
0.00
0.00
0.00
0.00
0.00
0.00
0.00
0.00
0.00
0.00
0.00
0.00
0.00
0.00
0.00
0.00
0.00
0.00
0.00
0.00
0.00
0.00
0.00
0.00
0.00
0.00
0.00
0.00
0.00
0.00
0.00
0.00
0.00
0.00
0.00
0.00
0.00
0.00
0.00
0.00
742.48
0.00
0.00
0.00
0.00
530.66
542.58
0.00
0.00
0.00
0.00
0.00
0.00
0.00
0.00
0.00
0.00
0.00
0.00
0.00
0.00
0.00
0.00
0.00
0.00
0.00
0.00
0.00
0.00
0.00
0.00
0.00
0.00
0.00
0.00
0.00
0.00
0.00
0.00
0.00
0.00
0.00
0.00
0.00
0.00
0.00
0.00
0.00
0.00
0.00
0.00
0.00
0.00
0.00
0.00
0.00
0.00
0.00
0.00
0.00
0.00
0.00
0.00
0.00
0.00
0.00
0.00
0.00
0.00
0.00
0.00
0.00
0.00
0.00
0.00
0.00
0.00
0.00
0.00
0.00
0.00
0.00
0.00
0.00
0.00
0.00
0.00
0.00
0.00
425.77
0.00
97.94
0.00
0.00
1455.96
0.00
1165.97
71.57
0.00
0.00
0.00
0.00
0.00
0.00
0.00
0.00
0.00
0.00
0.00
0.00
0.00
0.00
0.00
0.00
0.00
0.00
0.00
0.00
0.00
0.00
0.00
0.00
0.00
0.00
0.00
0.00
0.00
0.00
0.00
0.00
0.00
0.00
0.00
0.00
0.00
0.00
0.00
0.00
0.00
0.00
0.00
0.00
0.00
0.00
0.00
0.00
0.00
0.00
0.00
0.00
0.00
0.00
0.00
0.00
0.00
0.00
0.00
0.00
0.00
0.00
0.00
0.00
0.00
0.00
0.00
0.00
0.00
0.00
0.00
0.00
0.00
0.00
0.00
0.00
0.00
0.00
0.00
0.00
0.00
0.00
0.00
0.00
192.13
0.00
0.00
0.00
0.00
0.00
140.40
0.00
0.00
0.00
0.00
0.00
0.00
0.00
0.00
0.00
0.00
0.00
0.00
0.00
0.00
0.00
0.00
0.00
0.00
0.00
0.00
0.00
0.00
0.00
0.00
0.00
0.00
0.00
0.00
0.00
0.00
0.00
0.00
0.00
0.00
0.00
0.00
0.00
0.00
0.00
0.00
0.00
0.00
0.00
0.00
0.00
0.00
0.00
0.00
0.00
0.00
0.00
0.00
0.00
0.00
0.00
0.00
0.00
0.00
0.00
0.00
0.00
0.00
0.00
0.00
0.00
0.00
0.00
0.00
0.00
0.00
0.00
0.00
0.00
0.00
0.00
0.00
0.00
0.00
0.00
0.00
0.00
0.00
0.00
764.05
1019.01
0.00
0.00
0.00
0.00
0.00
0.00
0.00
0.00
0.00
0.00
0.00
0.00
0.00
0.00
0.00
0.00
0.00
0.00
0.00
0.00
0.00
0.00
0.00
0.00
0.00
0.00
0.00
0.00
0.00
0.00
0.00
0.00
0.00
0.00
0.00
0.00
0.00
0.00
0.00
0.00
0.00
0.00
0.00
0.00
0.00
0.00
0.00
0.00
0.00
0.00
0.00
0.00
0.00
0.00
0.00
0.00
0.00
0.00
0.00
0.00
0.00
0.00
0.00
0.00
0.00
0.00
0.00
0.00
0.00
0.00
0.00
0.00
0.00
0.00
0.00
0.00
0.00
0.00
0.00
0.00
0.00
0.00
0.00
0.00
0.00
0.00
0.00
1215.63
0.00
0.00
637.03
0.00
0.00
328.14
0.00
0.00
0.00
0.00
0.00
0.00
0.00
0.00
0.00
0.00
0.00
0.00
0.00
0.00
0.00
0.00
0.00
0.00
0.00
0.00
0.00
0.00
0.00
0.00
0.00
0.00
0.00
0.00
0.00
0.00
0.00
0.00
0.00
0.00
0.00
0.00
0.00
0.00
0.00
0.00
0.00
0.00
0.00
0.00
0.00
0.00
0.00
0.00
0.00
0.00
0.00
0.00
0.00
0.00
0.00
0.00
0.00
0.00
0.00
0.00
0.00
0.00
0.00
0.00
0.00
0.00
0.00
0.00
0.00
0.00
0.00
0.00
0.00
0.00
0.00
0.00
0.00
0.00
0.00
0.00
0.00
0.00
0.00
0.00
1831.42
0.00
0.00
1063.91
0.00
0.00
0.00
0.00
0.00
0.00
0.00
0.00
0.00
0.00
0.00
0.00
0.00
0.00
0.00
0.00
0.00
0.00
0.00
0.00
0.00
0.00
0.00
0.00
0.00
0.00
0.00
0.00
0.00
0.00
0.00
0.00
0.00
0.00
0.00
0.00
0.00
0.00
0.00
0.00
0.00
0.00
0.00
0.00
0.00
0.00
0.00
0.00
0.00
0.00
0.00
0.00
0.00
0.00
0.00
0.00
0.00
0.00
0.00
0.00
0.00
0.00
0.00
0.00
0.00
0.00
0.00
0.00
0.00
0.00
0.00
0.00
0.00
0.00
0.00
0.00
0.00
0.00
0.00
0.00
0.00
0.00
0.00
0.00
0.00
0.00
0.00
0.00
0.00
0.00
581.61
0.00
0.00
0.00
0.00
0.00
0.00
0.00
0.00
0.00
0.00
0.00
0.00
0.00
0.00
0.00
0.00
0.00
0.00
0.00
0.00
0.00
0.00
0.00
0.00
0.00
0.00
0.00
0.00
0.00
0.00
0.00
0.00
0.00
0.00
0.00
0.00
0.00
0.00
0.00
0.00
0.00
0.00
0.00
0.00
0.00
0.00
0.00
0.00
0.00
0.00
0.00
0.00
0.00
0.00
0.00
0.00
0.00
0.00
0.00
0.00
0.00
0.00
0.00
0.00
0.00
0.00
0.00
0.00
0.00
0.00
0.00
0.00
0.00
0.00
0.00
0.00
0.00
0.00
0.00
0.00
0.00
0.00
0.00
0.00
0.00
1889.13
0.00
0.00
0.00
0.00
76.72
0.00
0.00
0.00
0.00
0.00
0.00
0.00
0.00
0.00
0.00
0.00
0.00
0.00
0.00
0.00
0.00
0.00
0.00
0.00
0.00
0.00
0.00
0.00
0.00
0.00
0.00
0.00
0.00
0.00
0.00
0.00
0.00
0.00
0.00
0.00
0.00
0.00
0.00
0.00
0.00
0.00
0.00
0.00
0.00
0.00
0.00
0.00
0.00
0.00
0.00
0.00
0.00
0.00
0.00
0.00
0.00
0.00
0.00
0.00
0.00
0.00
0.00
0.00
0.00
0.00
0.00
0.00
0.00
0.00
0.00
0.00
0.00
0.00
0.00
0.00
0.00
0.00
0.00
0.00
0.00
0.00
0.00
0.00
0.00
0.00
1023.43
0.00
0.00
0.00
0.00
150.50
0.00
0.00
0.00
0.00
0.00
0.00
0.00
0.00
0.00
0.00
0.00
0.00
0.00
0.00
0.00
0.00
0.00
0.00
0.00
0.00
0.00
0.00
0.00
0.00
0.00
0.00
0.00
0.00
0.00
0.00
0.00
0.00
0.00
0.00
0.00
0.00
0.00
0.00
0.00
0.00
0.00
0.00
0.00
0.00
0.00
0.00
0.00
0.00
0.00
0.00
0.00
0.00
0.00
0.00
0.00
0.00
0.00
0.00
0.00
0.00
0.00
0.00
0.00
0.00
0.00
0.00
0.00
0.00
0.00
0.00
0.00
0.00
0.00
0.00
0.00
0.00
0.00
0.00
0.00
0.00
0.00
0.00
0.00
0.00
0.00
0.00
0.00
0.00
0.00
0.00
0.00
0.00
0.00
0.00
0.00
0.00
0.00
0.00
0.00
0.00
0.00
0.00
0.00
0.00
0.00
0.00
0.00
0.00
0.00
0.00
0.00
0.00
0.00
0.00
0.00
0.00
0.00
0.00
0.00
0.00
0.00
0.00
0.00
0.00
0.00
0.00
0.00
0.00
0.00
0.00
0.00
0.00
0.00
0.00
0.00
0.00
0.00
0.00
0.00
0.00
0.00
0.00
0.00
0.00
0.00
0.00
0.00
0.00
0.00
0.00
0.00
0.00
0.00
0.00
0.00
0.00
0.00
0.00
0.00
0.00
0.00
0.00
0.00
0.00
0.00
0.00
0.00
0.00
0.00
0.00
0.00
0.00
0.00
0.00
0.00
0.00
0.00
0.00
0.00
0.00
0.00
0.00
0.00
0.00
0.00
0.00
0.00
0.00
0.00
0.00
0.00
0.00
0.00
0.00
0.00
0.00
0.00
0.00
0.00
0.00
0.00
0.00
0.00
0.00
0.00
0.00
0.00
0.00
0.00
0.00
0.00
0.00
0.00
0.00
0.00
0.00
0.00
0.00
0.00
0.00
0.00
0.00
0.00
0.00
0.00
0.00
0.00
0.00
0.00
0.00
0.00
0.00
0.00
0.00
0.00
0.00
0.00
0.00
0.00
0.00
0.00
0.00
0.00
0.00
0.00
0.00
0.00
0.00
0.00
0.00
0.00
0.00
0.00
0.00
0.00
0.00
0.00
0.00
0.00
0.00
0.00
0.00
0.00
0.00
0.00
0.00
0.00
0.00
1576.63
0.00
0.00
0.00
0.00
0.00
0.00
0.00
0.00
0.00
0.00
0.00
0.00
0.00
0.00
0.00
0.00
0.00
0.00
0.00
0.00
0.00
0.00
0.00
0.00
0.00
0.00
0.00
0.00
0.00
0.00
0.00
0.00
0.00
0.00
0.00
0.00
0.00
0.00
0.00
0.00
0.00
0.00
0.00
0.00
0.00
0.00
0.00
0.00
0.00
0.00
0.00
0.00
0.00
0.00
0.00
0.00
0.00
0.00
0.00
0.00
0.00
0.00
0.00
0.00
0.00
0.00
0.00
0.00
0.00
0.00
0.00
0.00
0.00
0.00
0.00
0.00
0.00
0.00
0.00
0.00
0.00
0.00
0.00
0.00
0.00
0.00
0.00
0.00
0.00
0.00
0.00
0.00
0.00
0.00
0.00
0.00
0.00
0.00
0.00
0.00
0.00
0.00
0.00
0.00
0.00
0.00
0.00
0.00
0.00
0.00
0.00
0.00
0.00
0.00
0.00
0.00
0.00
0.00
0.00
0.00
0.00
0.00
0.00
0.00
0.00
0.00
0.00
0.00
0.00
0.00
0.00
0.00
0.00
0.00
0.00
0.00
0.00
0.00
0.00
0.00
0.00
0.00
0.00
0.00
0.00
0.00
0.00
0.00
0.00
0.00
0.00
0.00
0.00
0.00
0.00
0.00
0.00
0.00
0.00
0.00
0.00
0.00
0.00
0.00
0.00
0.00
0.00
0.00
0.00
0.00
0.00
0.00
0.00
0.00
0.00
0.00
0.00
0.00
0.00
0.00
0.00
0.00
0.00
0.00
0.00
0.00
0.00
0.00
0.00
0.00
0.00
0.00
0.00
0.00
0.00
0.00
0.00
0.00
0.00
0.00
0.00
0.00
0.00
0.00
0.00
0.00
0.00
0.00
0.00
0.00
0.00
0.00
0.00
0.00
0.00
0.00
0.00
0.00
0.00
0.00
0.00
0.00
0.00
0.00
0.00
0.00
0.00
0.00
0.00
0.00
0.00
0.00
0.00
0.00
0.00
0.00
0.00
0.00
0.00
0.00
0.00
0.00
0.00
0.00
0.00
0.00
0.00
0.00
0.00
0.00
0.00
0.00
0.00
0.00
0.00
0.00
0.00
0.00
0.00
0.00
0.00
0.00
0.00
0.00
0.00
0.00
0.00
0.00
0.00
0.00
0.00
