0.00
0.00
0.00
647.47
253.83
0.00
707.68
72.28
0.00
628.00
1062.22
0.00
618.82
598.26
0.00
885.55
0.00
0.00
903.87
0.00
0.00
833.11
0.00
196.57
689.95
0.00
0.00
479.06
0.00
69.77
511.22
0.00
0.00
404.69
0.00
342.42
720.31
0.00
0.00
759.34
0.00
0.00
559.44
0.00
0.00
886.46
284.99
901.90
692.33
0.00
0.00
909.27
0.00
0.00
0.00
0.00
0.00
0.00
85.40
0.00
0.00
93.35
0.00
0.00
82.84
0.00
0.00
81.62
0.00
0.00
116.81
0.00
0.00
119.22
0.00
767.23
109.89
0.00
0.00
91.01
0.00
144.32
63.19
0.00
0.00
67.43
176.31
0.00
53.38
0.00
0.00
95.01
0.00
0.00
100.16
0.00
0.00
73.79
0.00
0.00
116.93
0.00
0.00
91.32
0.00
0.00
119.94
0.00
0.00
0.00
0.00
0.00
0.00
167.55
0.00
0.00
183.13
0.00
0.00
162.51
0.00
0.00
160.13
0.00
0.00
229.15
0.00
254.13
233.90
0.00
0.00
215.59
0.00
134.79
178.54
0.00
0.00
123.97
142.34
1052.22
132.29
0.00
0.00
104.72
944.10
0.00
186.39
0.00
0.00
196.50
911.01
0.00
144.77
0.00
0.00
229.39
551.22
0.00
179.16
0.00
0.00
235.29
0.00
0.00
0.00
0.00
919.31
0.00
617.97
0.00
0.00
538.29
0.00
1063.46
529.11
691.30
0.00
795.84
0.00
0.00
814.17
0.00
787.87
743.41
0.00
359.39
600.24
0.00
0.00
389.35
0.00
0.00
421.52
0.00
0.00
314.99
436.47
0.00
630.60
0.00
0.00
669.64
571.23
0.00
469.74
269.25
0.00
796.75
0.00
0.00
602.63
0.00
461.57
819.57
720.67
0.00
0.00
0.00
0.00
0.00
0.00
0.00
0.00
81.51
0.00
466.53
71.00
0.00
0.00
69.79
0.00
840.93
104.97
335.14
585.28
107.39
0.00
0.00
98.06
0.00
0.00
79.17
0.00
1028.49
51.36
0.00
248.97
55.60
700.87
0.00
41.55
0.00
0.00
83.18
0.00
0.00
88.33
0.00
117.17
61.96
809.60
0.00
105.10
0.00
0.00
79.49
0.00
0.00
108.10
431.13
0.00
0.00
0.00
0.00
0.00
0.00
0.00
0.00
159.91
371.48
0.00
139.29
689.45
0.00
136.92
0.00
0.00
205.94
0.00
0.00
210.68
0.00
0.00
192.37
0.00
688.37
155.33
0.00
0.00
100.75
0.00
767.33
109.08
0.00
0.00
81.51
0.00
686.56
163.18
0.00
2.24
173.28
0.00
0.00
121.55
0.00
0.00
206.18
0.00
0.00
155.94
0.00
529.95
212.08
0.00
0.00
0.00
0.00
0.00
0.00
0.00
1072.29
0.00
598.50
0.00
0.00
589.32
0.00
0.00
856.05
0.00
0.00
874.38
391.23
157.62
803.62
0.00
0.00
660.45
0.00
0.00
449.56
0.00
440.08
481.73
0.00
0.00
375.20
1074.30
0.00
690.81
0.00
647.84
729.85
0.00
273.66
529.95
960.74
0.00
856.96
0.00
0.00
662.84
0.00
0.00
879.78
0.00
0.00
0.00
0.00
0.00
0.00
0.00
0.00
0.00
0.00
0.00
0.00
78.94
538.52
0.00
77.73
0.00
0.00
112.92
941.16
708.73
115.33
0.00
0.00
106.00
0.00
0.00
87.12
556.19
0.00
59.30
0.00
0.00
63.54
273.16
136.71
49.49
0.00
0.00
91.12
0.00
1012.98
96.27
0.00
0.00
69.90
0.00
304.71
113.04
0.00
0.00
87.43
187.46
0.00
116.05
0.00
0.00
0.00
0.00
0.00
0.00
0.00
0.00
0.00
0.00
0.00
0.00
154.87
0.00
0.00
152.50
0.00
0.00
221.52
0.00
0.00
226.26
0.00
0.00
207.95
0.00
0.00
170.91
0.00
0.00
116.33
60.12
13.42
124.66
225.42
257.02
97.09
0.00
365.30
178.76
972.64
1034.89
188.86
0.00
0.00
137.14
0.00
0.00
221.76
121.67
0.00
171.52
0.00
902.09
227.66
0.00
0.00
0.00
0.00
0.00
0.00
0.00
0.00
0.00
0.00
0.00
231.51
509.64
0.00
0.00
776.37
0.00
543.53
794.70
0.00
0.00
723.94
0.00
815.31
580.77
352.57
366.52
369.88
645.90
0.00
402.05
0.00
0.00
295.52
656.15
0.00
611.13
0.00
0.00
650.17
0.00
0.00
450.27
0.00
0.00
777.28
0.00
712.28
583.16
0.00
343.99
800.10
0.00
0.00
0.00
0.00
0.00
0.00
0.00
0.00
0.00
0.00
0.00
0.00
0.00
0.00
255.07
67.22
0.00
0.00
102.41
56.52
110.55
104.82
0.00
0.00
95.49
0.00
407.23
76.61
515.24
258.35
48.79
0.00
0.00
53.03
245.72
0.00
38.98
1075.31
63.86
80.61
0.00
0.00
85.76
386.40
0.00
59.39
0.00
8.36
102.53
0.00
0.00
76.92
0.00
0.00
105.54
786.44
0.00
0.00
0.00
0.00
0.00
0.00
0.00
0.00
0.00
0.00
0.00
0.00
817.14
0.00
131.88
0.00
0.00
200.90
331.25
0.00
205.64
0.00
0.00
187.33
0.00
0.00
150.29
636.76
0.00
95.71
0.00
0.00
104.04
0.00
0.00
76.47
788.88
0.00
158.14
0.00
0.00
168.24
0.00
0.00
116.52
0.00
0.00
201.14
0.00
0.00
150.90
0.00
970.35
207.04
0.00
0.00
0.00
0.00
0.00
0.00
0.00
0.00
0.00
0.00
0.00
0.00
0.00
0.00
0.00
767.19
0.00
0.00
785.52
1066.79
892.30
714.76
76.90
0.00
571.59
113.15
676.32
360.70
0.00
0.00
392.87
0.00
713.04
286.34
961.99
0.00
601.95
0.00
0.00
640.99
399.78
0.00
441.09
1077.43
633.42
768.10
0.00
0.00
573.98
0.00
0.00
790.92
0.00
0.00
0.00
0.00
0.00
0.00
0.00
0.00
0.00
0.00
0.00
0.00
0.00
0.00
0.00
0.00
376.05
0.00
101.20
0.00
0.00
103.61
0.00
0.00
94.28
0.00
0.00
75.40
0.00
0.00
47.58
0.00
0.00
51.82
276.87
0.00
37.77
0.00
1041.27
79.40
0.00
0.00
84.55
0.00
309.31
58.18
0.00
0.00
101.32
0.00
286.58
75.71
897.25
0.00
104.33
0.00
0.00
0.00
0.00
0.00
0.00
0.00
0.00
0.00
0.00
0.00
0.00
0.00
0.00
0.00
0.00
0.00
0.00
198.53
0.00
0.00
203.27
0.00
0.00
184.96
0.00
296.25
147.91
220.03
0.00
93.34
0.00
0.00
101.66
979.19
0.00
74.10
0.00
0.00
155.77
0.00
0.00
165.87
0.00
47.90
114.14
486.69
0.00
198.76
0.00
0.00
148.53
0.00
0.00
204.67
0.00
0.00
0.00
0.00
0.00
0.00
0.00
0.00
0.00
0.00
0.00
0.00
0.00
0.00
0.00
0.00
0.00
0.00
1052.25
0.00
0.00
981.49
169.28
0.00
838.32
1084.18
0.00
627.43
274.52
0.00
659.60
0.00
521.63
553.07
373.06
0.00
868.68
0.00
0.00
907.72
0.00
0.00
707.82
0.00
386.56
1034.83
0.00
0.00
840.71
0.00
0.00
1057.65
0.00
0.00
0.00
0.00
0.00
0.00
0.00
0.00
0.00
0.00
0.00
0.00
0.00
0.00
0.00
0.00
0.00
0.00
0.00
172.70
0.00
138.80
0.00
1060.10
129.46
0.00
0.00
110.58
0.00
0.00
82.76
0.00
0.00
87.00
0.00
0.00
72.95
0.00
0.00
114.58
0.00
1040.58
119.73
0.00
0.00
93.36
0.00
0.00
136.50
0.00
0.00
110.89
688.76
349.10
139.51
0.00
0.00
0.00
0.00
0.00
0.00
0.00
0.00
0.00
0.00
0.00
0.00
0.00
0.00
0.00
0.00
0.00
0.00
0.00
0.00
0.00
272.29
0.00
982.20
253.98
359.81
80.23
216.93
0.00
0.00
162.36
0.00
245.64
170.68
0.00
822.54
143.12
0.00
0.00
224.79
0.00
0.00
234.89
0.00
0.00
183.16
0.00
0.00
267.78
0.00
0.00
217.55
0.00
137.57
273.69
0.00
0.00
0.00
0.00
0.00
0.00
0.00
0.00
0.00
0.00
0.00
0.00
0.00
0.00
0.00
0.00
0.00
0.00
0.00
0.00
466.03
999.81
0.00
0.00
856.65
0.00
0.00
645.76
0.00
801.57
677.93
478.81
0.00
571.40
0.00
0.00
887.01
0.00
0.00
926.04
887.13
0.00
726.14
19.35
213.88
1053.16
0.00
0.00
859.03
477.06
0.00
1075.97
0.00
0.00
0.00
0.00
0.00
0.00
0.00
0.00
0.00
0.00
0.00
0.00
0.00
0.00
0.00
0.00
0.00
0.00
0.00
0.00
0.00
0.00
701.97
0.00
131.88
651.73
0.00
113.00
0.00
0.00
85.18
0.00
0.00
89.42
852.59
0.00
75.37
0.00
0.00
117.00
0.00
169.10
122.15
0.00
0.00
95.78
0.00
0.00
138.92
0.00
0.00
113.31
0.00
0.00
141.93
0.00
0.00
0.00
0.00
0.00
0.00
0.00
0.00
0.00
0.00
0.00
0.00
0.00
0.00
0.00
0.00
0.00
0.00
0.00
0.00
0.00
0.00
0.00
0.00
258.72
0.00
718.75
221.68
0.00
0.00
167.10
0.00
0.00
175.43
0.00
539.58
147.86
0.00
0.00
229.53
0.00
0.00
239.63
0.00
0.00
187.90
571.76
0.00
272.53
0.00
0.00
222.29
637.57
580.70
278.43
0.00
0.00
0.00
0.00
0.00
0.00
0.00
0.00
0.00
0.00
0.00
0.00
0.00
0.00
0.00
0.00
0.00
0.00
0.00
0.00
0.00
0.00
0.00
0.00
785.89
0.00
0.00
575.00
0.00
0.00
607.17
0.00
0.00
500.64
343.71
0.00
816.25
983.83
1051.56
855.28
33.87
717.03
655.38
713.72
1049.51
982.40
0.00
0.00
788.27
0.00
0.00
1005.21
0.00
0.00
0.00
0.00
0.00
0.00
0.00
0.00
0.00
0.00
0.00
0.00
0.00
0.00
0.00
0.00
0.00
0.00
0.00
0.00
0.00
0.00
0.00
0.00
0.00
0.00
0.00
103.66
0.00
0.00
75.84
0.00
0.00
80.09
0.00
0.00
66.04
0.00
0.00
107.67
0.00
0.00
112.82
0.00
0.00
86.45
0.00
596.81
129.58
0.00
0.00
103.98
0.00
919.42
132.59
0.00
0.00
0.00
0.00
0.00
0.00
0.00
0.00
0.00
0.00
0.00
0.00
0.00
0.00
0.00
0.00
0.00
0.00
0.00
0.00
0.00
0.00
0.00
0.00
0.00
0.00
79.87
203.36
0.00
0.00
148.79
0.00
647.08
157.12
0.00
875.05
129.55
254.17
0.00
211.22
0.00
0.00
221.32
0.00
0.00
169.59
0.00
0.00
254.22
182.71
0.00
203.98
0.00
0.00
260.12
0.00
0.00
0.00
0.00
0.00
0.00
0.00
0.00
0.00
0.00
0.00
0.00
0.00
0.00
0.00
0.00
0.00
0.00
0.00
0.00
0.00
0.00
0.00
0.00
0.00
0.00
0.00
431.83
520.80
0.00
464.00
0.00
0.00
357.47
0.00
0.00
673.08
1080.59
0.00
712.12
0.00
0.00
512.22
0.00
0.00
839.23
0.00
65.66
645.11
510.43
0.00
862.05
0.00
0.00
0.00
0.00
0.00
0.00
0.00
0.00
0.00
0.00
0.00
0.00
0.00
0.00
0.00
0.00
0.00
0.00
0.00
0.00
0.00
0.00
0.00
0.00
0.00
0.00
0.00
0.00
0.00
968.35
56.96
0.00
678.98
61.20
1082.48
0.00
47.15
778.68
0.00
88.78
181.65
0.00
93.93
0.00
0.00
67.56
0.00
327.74
110.70
919.79
0.00
85.09
0.00
0.00
113.71
0.00
0.00
0.00
0.00
0.00
0.00
0.00
0.00
0.00
0.00
0.00
0.00
0.00
0.00
0.00
0.00
0.00
0.00
0.00
0.00
0.00
0.00
0.00
0.00
0.00
0.00
0.00
0.00
0.00
0.00
111.75
0.00
0.00
120.07
0.00
0.00
92.50
241.67
0.00
174.17
0.00
804.96
184.27
540.46
0.00
132.55
273.15
0.00
217.17
912.79
0.00
166.93
0.00
869.46
223.07
0.00
0.00
0.00
0.00
0.00
0.00
0.00
0.00
0.00
0.00
0.00
0.00
0.00
0.00
0.00
0.00
0.00
0.00
0.00
0.00
0.00
0.00
0.00
0.00
0.00
0.00
0.00
0.00
0.00
29.98
253.11
0.00
0.00
146.58
0.00
0.00
462.19
0.00
335.71
501.23
0.00
0.00
301.33
785.17
818.82
628.35
0.00
0.00
434.22
900.06
0.00
651.16
0.00
0.00
0.00
0.00
0.00
0.00
0.00
0.00
0.00
0.00
0.00
0.00
0.00
0.00
0.00
0.00
0.00
0.00
0.00
0.00
0.00
0.00
0.00
0.00
0.00
0.00
0.00
0.00
0.00
0.00
0.00
0.00
0.00
33.39
0.00
0.00
19.33
55.89
0.00
60.97
0.00
0.00
66.11
0.00
526.44
39.75
329.73
0.00
82.88
975.83
0.00
57.27
0.00
0.00
85.89
254.52
0.00
0.00
0.00
0.00
0.00
0.00
0.00
0.00
0.00
0.00
0.00
0.00
0.00
0.00
0.00
0.00
0.00
0.00
0.00
0.00
0.00
0.00
0.00
0.00
0.00
0.00
0.00
0.00
0.00
0.00
0.00
0.95
65.50
0.00
0.00
37.93
0.00
0.00
119.60
0.00
0.00
129.70
0.00
0.00
77.97
0.00
0.00
162.60
0.00
0.00
112.36
0.00
0.00
168.50
0.00
0.00
0.00
0.00
0.00
0.00
0.00
0.00
0.00
0.00
0.00
0.00
0.00
0.00
0.00
0.00
0.00
0.00
0.00
0.00
0.00
0.00
0.00
0.00
0.00
0.00
0.00
0.00
0.00
0.00
0.00
0.00
53.68
178.75
0.00
0.00
494.36
0.00
0.00
533.39
797.25
0.00
333.49
137.46
0.00
660.51
0.00
0.00
466.38
118.00
0.00
683.32
817.92
808.11
0.00
0.00
0.00
0.00
0.00
0.00
0.00
0.00
0.00
0.00
0.00
0.00
0.00
0.00
0.00
0.00
0.00
0.00
0.00
0.00
0.00
0.00
0.00
0.00
0.00
0.00
0.00
0.00
0.00
0.00
0.00
0.00
0.00
1026.08
23.58
0.00
0.00
65.21
0.00
0.00
70.36
0.00
0.00
43.99
0.00
0.00
87.12
0.00
0.00
61.52
0.00
0.00
90.13
499.55
0.00
0.00
0.00
0.00
0.00
0.00
0.00
0.00
0.00
0.00
0.00
0.00
0.00
0.00
0.00
0.00
0.00
0.00
0.00
0.00
0.00
0.00
0.00
0.00
0.00
0.00
0.00
0.00
0.00
0.00
0.00
0.00
0.00
626.64
0.00
46.25
0.00
0.00
127.93
0.00
0.00
138.03
0.00
0.00
86.30
0.00
0.00
170.92
0.00
437.22
120.69
0.00
441.57
176.82
0.00
0.00
0.00
0.00
0.00
0.00
0.00
0.00
0.00
0.00
0.00
0.00
0.00
0.00
0.00
0.00
0.00
0.00
0.00
0.00
0.00
0.00
0.00
0.00
0.00
0.00
0.00
0.00
0.00
0.00
0.00
0.00
0.00
0.00
573.20
0.00
387.83
0.00
0.00
426.86
910.29
0.00
226.96
0.00
0.00
553.98
0.00
0.00
359.85
0.00
0.00
576.79
0.00
576.65
0.00
0.00
0.00
0.00
0.00
0.00
0.00
0.00
0.00
0.00
0.00
0.00
0.00
0.00
0.00
0.00
0.00
0.00
0.00
0.00
0.00
0.00
0.00
0.00
0.00
0.00
0.00
0.00
0.00
0.00
0.00
0.00
0.00
0.00
0.00
0.00
0.00
51.16
0.00
0.00
56.31
9.30
0.00
29.94
0.00
0.00
73.07
0.00
964.70
47.47
0.00
0.00
76.08
0.00
0.00
0.00
0.00
0.00
0.00
0.00
0.00
0.00
0.00
0.00
0.00
0.00
0.00
0.00
0.00
0.00
0.00
0.00
0.00
0.00
0.00
0.00
0.00
0.00
0.00
0.00
0.00
0.00
0.00
0.00
0.00
0.00
0.00
0.00
0.00
0.00
0.00
0.00
100.36
881.98
0.00
110.46
0.00
0.00
58.73
506.56
542.00
143.35
0.00
0.00
93.12
0.00
0.00
149.26
0.00
0.00
0.00
0.00
0.00
0.00
0.00
0.00
0.00
0.00
0.00
0.00
0.00
0.00
0.00
0.00
0.00
0.00
0.00
0.00
0.00
0.00
0.00
0.00
0.00
0.00
0.00
0.00
0.00
0.00
0.00
0.00
0.00
0.00
0.00
0.00
0.00
0.00
0.00
742.48
0.00
0.00
542.58
0.00
321.87
869.59
0.00
0.00
675.47
0.00
0.00
892.41
870.06
0.00
0.00
0.00
0.00
0.00
0.00
0.00
0.00
0.00
0.00
0.00
0.00
0.00
0.00
0.00
0.00
0.00
0.00
0.00
0.00
0.00
0.00
0.00
0.00
0.00
0.00
0.00
0.00
0.00
0.00
0.00
0.00
0.00
0.00
0.00
0.00
0.00
0.00
0.00
0.00
0.00
97.94
849.43
113.29
71.57
0.00
0.00
114.70
0.00
0.00
89.10
607.65
0.00
117.71
0.00
0.00
0.00
0.00
0.00
0.00
0.00
0.00
0.00
0.00
0.00
0.00
0.00
0.00
0.00
0.00
0.00
0.00
0.00
0.00
0.00
0.00
0.00
0.00
0.00
0.00
0.00
0.00
0.00
0.00
0.00
0.00
0.00
0.00
0.00
0.00
0.00
0.00
0.00
0.00
1009.51
0.00
192.13
0.00
0.00
140.40
0.00
0.00
225.03
0.00
0.00
174.79
0.00
958.75
230.93
0.00
0.00
0.00
0.00
0.00
0.00
0.00
0.00
0.00
0.00
0.00
0.00
0.00
0.00
0.00
0.00
0.00
0.00
0.00
0.00
0.00
0.00
0.00
0.00
0.00
0.00
0.00
0.00
0.00
0.00
0.00
0.00
0.00
0.00
0.00
0.00
0.00
0.00
0.00
0.00
0.00
0.00
581.61
314.54
0.00
908.63
0.00
0.00
714.50
771.54
0.00
931.44
0.00
0.00
0.00
0.00
0.00
0.00
0.00
0.00
0.00
0.00
0.00
0.00
0.00
0.00
0.00
0.00
0.00
0.00
0.00
0.00
0.00
0.00
0.00
0.00
0.00
0.00
0.00
0.00
0.00
0.00
0.00
0.00
0.00
0.00
0.00
0.00
0.00
0.00
0.00
0.00
0.00
0.00
0.00
0.00
714.42
76.72
0.00
0.00
119.85
0.00
855.38
94.25
1079.91
0.00
122.86
0.00
0.00
0.00
0.00
0.00
0.00
0.00
0.00
0.00
0.00
0.00
0.00
0.00
0.00
0.00
0.00
0.00
0.00
0.00
0.00
0.00
0.00
0.00
0.00
0.00
0.00
0.00
0.00
0.00
0.00
0.00
0.00
0.00
0.00
0.00
0.00
0.00
0.00
0.00
0.00
0.00
0.00
0.00
652.74
0.00
150.50
333.78
0.00
235.13
608.86
729.37
184.89
0.00
0.00
241.03
0.00
0.00
0.00
0.00
0.00
0.00
0.00
0.00
0.00
0.00
0.00
0.00
0.00
0.00
0.00
0.00
0.00
0.00
0.00
0.00
0.00
0.00
0.00
0.00
0.00
0.00
0.00
0.00
0.00
0.00
0.00
0.00
0.00
0.00
0.00
0.00
0.00
0.00
0.00
0.00
0.00
0.00
0.00
0.00
949.01
708.73
0.00
52.94
514.60
0.00
0.00
731.54
341.79
0.00
0.00
0.00
0.00
0.00
0.00
0.00
0.00
0.00
0.00
0.00
0.00
0.00
0.00
0.00
0.00
0.00
0.00
0.00
0.00
0.00
0.00
0.00
0.00
0.00
0.00
0.00
0.00
0.00
0.00
0.00
0.00
0.00
0.00
0.00
0.00
0.00
0.00
0.00
0.00
0.00
0.00
0.00
0.00
0.00
0.00
0.00
93.48
0.00
0.00
67.88
120.23
800.29
96.49
0.00
0.00
0.00
0.00
0.00
0.00
0.00
0.00
0.00
0.00
0.00
0.00
0.00
0.00
0.00
0.00
0.00
0.00
0.00
0.00
0.00
0.00
0.00
0.00
0.00
0.00
0.00
0.00
0.00
0.00
0.00
0.00
0.00
0.00
0.00
0.00
0.00
0.00
0.00
0.00
0.00
0.00
0.00
0.00
0.00
0.00
0.00
1033.43
183.40
535.39
0.00
133.16
0.00
0.00
189.30
0.00
0.00
0.00
0.00
0.00
0.00
0.00
0.00
0.00
0.00
0.00
0.00
0.00
0.00
0.00
0.00
0.00
0.00
0.00
0.00
0.00
0.00
0.00
0.00
0.00
0.00
0.00
0.00
0.00
0.00
0.00
0.00
0.00
0.00
0.00
0.00
0.00
0.00
0.00
0.00
0.00
0.00
0.00
0.00
0.00
0.00
0.00
0.00
841.62
0.00
0.00
1058.56
0.00
0.00
0.00
0.00
0.00
0.00
0.00
0.00
0.00
0.00
0.00
0.00
0.00
0.00
0.00
0.00
0.00
0.00
0.00
0.00
0.00
0.00
0.00
0.00
0.00
0.00
0.00
0.00
0.00
0.00
0.00
0.00
0.00
0.00
0.00
0.00
0.00
0.00
0.00
0.00
0.00
0.00
0.00
0.00
0.00
0.00
0.00
0.00
0.00
0.00
0.00
111.01
930.26
0.00
139.63
0.00
0.00
0.00
0.00
0.00
0.00
0.00
0.00
0.00
0.00
0.00
0.00
0.00
0.00
0.00
0.00
0.00
0.00
0.00
0.00
0.00
0.00
0.00
0.00
0.00
0.00
0.00
0.00
0.00
0.00
0.00
0.00
0.00
0.00
0.00
0.00
0.00
0.00
0.00
0.00
0.00
0.00
0.00
0.00
0.00
0.00
0.00
0.00
0.00
215.66
0.44
217.79
0.00
0.00
273.92
0.00
0.00
0.00
0.00
0.00
0.00
0.00
0.00
0.00
0.00
0.00
0.00
0.00
0.00
0.00
0.00
0.00
0.00
0.00
0.00
0.00
0.00
0.00
0.00
0.00
0.00
0.00
0.00
0.00
0.00
0.00
0.00
0.00
0.00
0.00
0.00
0.00
0.00
0.00
0.00
0.00
0.00
0.00
0.00
0.00
0.00
0.00
0.00
0.00
0.00
0.00
864.43
415.02
0.00
0.00
0.00
0.00
0.00
0.00
0.00
0.00
0.00
0.00
0.00
0.00
0.00
0.00
0.00
0.00
0.00
0.00
0.00
0.00
0.00
0.00
0.00
0.00
0.00
0.00
0.00
0.00
0.00
0.00
0.00
0.00
0.00
0.00
0.00
0.00
0.00
0.00
0.00
0.00
0.00
0.00
0.00
0.00
0.00
0.00
0.00
0.00
0.00
0.00
0.00
0.00
298.05
114.02
0.00
0.00
0.00
0.00
0.00
0.00
0.00
0.00
0.00
0.00
0.00
0.00
0.00
0.00
0.00
0.00
0.00
0.00
0.00
0.00
0.00
0.00
0.00
0.00
0.00
0.00
0.00
0.00
0.00
0.00
0.00
0.00
0.00
0.00
0.00
0.00
0.00
0.00
0.00
0.00
0.00
0.00
0.00
0.00
0.00
0.00
0.00
0.00
0.00
0.00
0.00
0.00
1037.34
0.00
223.69
0.00
0.00
0.00
0.00
0.00
0.00
0.00
0.00
0.00
0.00
0.00
0.00
0.00
0.00
0.00
0.00
0.00
0.00
0.00
0.00
0.00
0.00
0.00
0.00
0.00
0.00
0.00
0.00
0.00
0.00
0.00
0.00
0.00
0.00
0.00
0.00
0.00
0.00
0.00
0.00
0.00
0.00
0.00
0.00
0.00
0.00
0.00
0.00
0.00
0.00
0.00
0.00
0.00
859.76
0.00
0.00
0.00
0.00
0.00
0.00
0.00
0.00
0.00
0.00
0.00
0.00
0.00
0.00
0.00
0.00
0.00
0.00
0.00
0.00
0.00
0.00
0.00
0.00
0.00
0.00
0.00
0.00
0.00
0.00
0.00
0.00
0.00
0.00
0.00
0.00
0.00
0.00
0.00
0.00
0.00
0.00
0.00
0.00
0.00
0.00
0.00
0.00
0.00
0.00
0.00
0.00
0.00
0.00
0.00
0.00
0.00
0.00
0.00
0.00
0.00
0.00
0.00
0.00
0.00
0.00
0.00
0.00
0.00
0.00
0.00
0.00
0.00
0.00
0.00
0.00
0.00
0.00
0.00
0.00
0.00
0.00
0.00
0.00
0.00
0.00
0.00
0.00
0.00
0.00
0.00
0.00
0.00
0.00
0.00
0.00
0.00
0.00
0.00
0.00
0.00
0.00
0.00
0.00
0.00
0.00
0.00
0.00
