0.00
0.00
0.00
0.00
0.00
0.00
647.47
0.00
0.00
0.00
0.00
0.00
707.68
0.00
0.00
0.00
0.00
0.00
628.00
0.00
0.00
0.00
0.00
498.22
618.82
858.30
0.00
503.38
0.00
0.00
885.55
0.00
0.00
0.00
0.00
0.00
903.87
770.65
0.00
0.00
656.69
0.00
833.11
284.99
0.00
0.00
0.00
0.00
689.95
0.00
0.00
0.00
0.00
0.00
479.06
0.00
0.00
0.00
0.00
0.00
511.22
0.00
290.07
0.00
0.00
0.00
404.69
86.07
0.00
0.00
0.00
0.00
720.31
0.00
0.00
0.00
0.00
0.00
759.34
575.21
0.00
468.79
0.00
0.00
559.44
363.83
0.00
0.00
0.00
0.00
886.46
0.00
0.00
0.00
0.00
0.00
692.33
0.00
813.54
0.00
895.48
0.00
909.27
0.00
0.00
0.00
0.00
0.00
0.00
0.00
480.23
0.00
0.00
0.00
0.00
85.40
0.00
0.00
0.00
0.00
0.00
93.35
0.00
0.00
254.13
0.00
0.00
82.84
0.00
0.00
0.00
0.00
0.00
81.62
0.00
0.00
0.00
0.00
0.00
116.81
0.00
0.00
0.00
0.00
0.00
119.22
0.00
0.00
605.25
0.00
0.00
109.89
0.00
0.00
0.00
0.00
0.00
91.01
0.00
0.00
0.00
0.00
0.00
63.19
0.00
0.00
0.00
0.00
0.00
67.43
0.00
0.00
0.00
0.00
0.00
53.38
0.00
0.00
0.00
0.00
0.00
95.01
0.00
0.00
0.00
0.00
133.52
100.16
0.00
0.00
0.00
0.00
0.00
73.79
0.00
0.00
0.00
0.00
0.00
116.93
0.00
644.81
0.00
0.00
0.00
91.32
0.00
0.00
0.00
0.00
0.00
119.94
0.00
0.00
0.00
0.00
0.00
0.00
0.00
0.00
0.00
0.00
0.00
947.60
167.55
0.00
0.00
0.00
0.00
0.00
183.13
0.00
210.03
611.06
775.26
0.00
162.51
430.14
0.00
1035.48
0.00
0.00
160.13
0.00
0.00
0.00
0.00
0.00
229.15
0.00
0.00
0.00
0.00
0.00
233.90
0.00
0.00
0.00
0.00
432.73
215.59
0.00
0.00
0.00
0.00
0.00
178.54
0.00
0.00
0.00
0.00
0.00
123.97
0.00
0.00
0.00
0.00
0.00
132.29
0.00
0.00
0.00
0.00
0.00
104.72
0.00
0.00
0.00
0.00
0.00
186.39
0.00
0.00
865.90
0.00
0.00
196.50
648.99
0.00
0.00
0.00
799.88
144.77
0.00
0.00
0.00
0.00
0.00
229.39
0.00
0.00
0.00
0.00
0.00
179.16
0.00
734.51
0.00
0.00
0.00
235.29
0.00
0.00
0.00
0.00
0.00
0.00
0.00
0.00
0.00
0.00
0.00
0.00
246.85
0.00
0.00
0.00
0.00
0.00
269.81
0.00
0.00
0.00
0.00
0.00
239.43
0.00
837.55
0.00
0.00
0.00
235.93
0.00
0.00
0.00
0.00
0.00
337.62
0.00
0.00
0.00
0.00
0.00
344.61
0.00
0.00
643.34
0.00
0.00
317.63
0.00
0.00
556.40
0.00
0.00
263.05
0.00
0.00
0.00
0.00
0.00
182.64
0.00
0.00
0.00
955.58
538.52
194.91
0.00
0.00
0.00
0.00
0.00
154.29
0.00
0.00
0.00
0.00
0.00
274.62
773.81
0.00
0.00
0.00
0.00
289.50
0.00
0.00
0.00
0.00
0.00
213.29
0.00
0.00
0.00
0.00
0.00
337.97
0.00
0.00
0.00
0.00
0.00
263.96
0.00
0.00
0.00
0.00
0.00
346.67
0.00
0.00
0.00
0.00
0.00
0.00
0.00
0.00
0.00
524.81
338.39
0.00
602.04
0.00
0.00
0.00
0.00
0.00
658.03
0.00
0.00
0.00
0.00
0.00
583.93
0.00
0.00
0.00
0.00
0.00
575.40
0.00
0.00
0.00
0.00
0.00
823.41
802.51
972.64
0.00
0.00
0.00
840.46
0.00
0.00
0.00
0.00
0.00
774.66
0.00
0.00
0.00
0.00
0.00
641.54
0.00
0.00
557.84
0.00
0.00
445.45
0.00
0.00
0.00
0.00
0.00
475.36
0.00
0.00
0.00
0.00
0.00
376.30
0.00
0.00
0.00
0.00
0.00
669.77
366.52
0.00
0.00
0.00
0.00
706.06
0.00
0.00
0.00
0.00
0.00
520.19
0.00
0.00
0.00
0.00
0.00
824.26
268.97
0.00
0.00
0.00
0.00
643.76
0.00
0.00
0.00
0.00
0.00
845.48
0.00
0.00
0.00
0.00
0.00
0.00
0.00
0.00
0.00
0.00
0.00
0.00
637.61
0.00
781.26
0.00
0.00
625.35
696.90
1044.32
0.00
0.00
407.23
0.00
618.43
0.00
0.00
0.00
0.00
0.00
609.39
0.00
0.00
0.00
0.00
0.00
872.06
0.00
0.00
0.00
0.00
0.00
890.11
0.00
0.00
701.92
0.00
0.00
820.42
92.59
0.00
0.00
0.00
0.00
679.44
0.00
0.00
0.00
0.00
0.00
471.76
0.00
0.00
0.00
0.00
0.00
503.44
0.00
0.00
639.17
0.00
784.36
398.53
0.00
0.00
0.00
0.00
0.00
709.34
0.00
0.00
192.15
0.00
0.00
747.78
0.00
0.00
0.00
0.00
0.00
550.92
0.00
0.00
758.56
0.00
0.00
872.96
0.00
0.00
0.00
0.00
0.00
681.79
0.00
0.00
713.66
0.00
0.00
895.42
0.00
0.00
0.00
0.00
0.00
0.00
0.00
0.00
0.00
0.00
0.00
0.00
617.97
0.00
0.00
0.00
0.00
0.00
538.29
0.00
0.00
0.00
0.00
0.00
529.11
0.00
0.00
0.00
0.00
0.00
795.84
0.00
0.00
0.00
0.00
0.00
814.17
0.00
0.00
0.00
0.00
0.00
743.41
0.00
0.00
0.00
0.00
0.00
600.24
0.00
0.00
0.00
0.00
0.00
389.35
0.00
0.00
0.00
0.00
0.00
421.52
0.00
392.60
0.00
0.00
0.00
314.99
0.00
0.00
0.00
0.00
0.00
630.60
0.00
153.29
0.00
0.00
0.00
669.64
87.12
0.00
0.00
0.00
0.00
469.74
0.00
0.00
0.00
0.00
0.00
796.75
0.00
0.00
0.00
0.00
0.00
602.63
0.00
0.00
0.00
0.00
0.00
819.57
0.00
0.00
0.00
0.00
0.00
0.00
0.00
0.00
0.00
0.00
0.00
0.00
0.00
0.00
0.00
0.00
0.00
0.00
81.51
0.00
0.00
216.77
0.00
0.00
71.00
0.00
361.69
0.00
0.00
0.00
69.79
595.88
0.00
0.00
0.00
0.00
104.97
0.00
0.00
0.00
0.00
0.00
107.39
0.00
0.00
0.00
0.00
486.69
98.06
0.00
0.00
0.00
0.00
0.00
79.17
0.00
0.00
0.00
0.00
0.00
51.36
0.00
0.00
0.00
0.00
0.00
55.60
0.00
0.00
0.00
0.00
224.75
41.55
0.00
0.00
0.00
0.00
845.89
83.18
0.00
0.00
0.00
0.00
39.67
88.33
0.00
0.00
0.00
0.00
0.00
61.96
0.00
0.00
0.00
0.00
0.00
105.10
0.00
0.00
0.00
0.00
0.00
79.49
541.61
0.00
0.00
649.04
274.31
108.10
0.00
452.67
0.00
0.00
0.00
0.00
0.00
0.00
0.00
0.00
0.00
0.00
0.00
0.00
0.00
0.00
0.00
0.00
159.91
340.18
0.00
569.33
0.00
1079.98
139.29
0.00
0.00
0.00
0.00
0.00
136.92
0.00
0.00
0.00
0.00
0.00
205.94
0.00
0.00
0.00
0.00
0.00
210.68
853.31
0.00
0.00
0.00
0.00
192.37
767.24
0.00
0.00
0.00
0.00
155.33
0.00
0.00
0.00
0.00
637.86
100.75
0.00
0.00
0.00
0.00
0.00
109.08
80.27
0.00
0.00
0.00
0.00
81.51
0.00
0.00
0.00
391.58
0.00
163.18
359.81
0.00
0.00
0.00
0.00
173.28
0.00
0.00
0.00
764.92
0.00
121.55
0.00
0.00
0.00
0.00
0.00
206.18
0.00
0.00
0.00
0.00
0.00
155.94
0.00
160.18
0.00
0.00
0.00
212.08
1055.24
0.00
0.00
0.00
0.00
0.00
0.00
0.00
0.00
0.00
0.00
0.00
0.00
18.11
0.00
0.00
0.00
0.00
235.61
0.00
0.00
0.00
0.00
0.00
205.23
0.00
0.00
0.00
0.00
0.00
201.73
0.00
0.00
0.00
0.00
0.00
303.42
0.00
0.00
0.00
887.13
0.00
310.41
0.00
0.00
0.00
0.00
0.00
283.43
0.00
0.00
0.00
0.00
0.00
228.85
165.68
89.76
0.00
220.10
0.00
148.44
0.00
0.00
0.00
0.00
0.00
160.71
0.00
0.00
0.00
0.00
0.00
120.09
0.00
0.00
0.00
0.00
0.00
240.42
0.00
0.00
0.00
0.00
0.00
255.30
0.00
0.00
495.21
0.00
1084.12
179.09
0.00
130.61
0.00
0.00
0.00
303.77
0.00
0.00
0.00
607.88
154.50
229.75
0.00
0.00
0.00
0.00
0.00
312.46
0.00
0.00
0.00
0.00
0.00
0.00
0.00
0.00
0.00
0.00
0.00
0.00
0.00
637.26
0.00
0.00
0.00
0.00
574.62
0.00
0.00
0.00
987.68
0.00
500.52
504.32
0.00
0.00
0.00
0.00
491.99
0.00
0.00
539.58
0.00
0.00
740.00
0.00
0.00
0.00
352.55
0.00
757.04
0.00
0.00
0.00
0.00
0.00
691.25
0.00
0.00
0.00
344.34
70.90
558.13
939.79
0.00
0.00
0.00
0.00
362.04
0.00
0.00
0.00
0.00
0.00
391.94
0.00
0.00
0.00
0.00
0.00
292.89
0.00
0.00
0.00
0.00
0.00
586.36
0.00
0.00
0.00
0.00
0.00
622.65
0.00
0.00
0.00
0.00
560.89
436.78
0.00
0.00
0.00
0.00
0.00
740.85
0.00
0.00
0.00
183.29
0.00
560.34
0.00
0.00
0.00
0.00
0.00
762.06
0.00
0.00
0.00
0.00
0.00
0.00
0.00
0.00
0.00
0.00
0.00
0.00
0.00
0.00
0.00
845.74
0.00
0.00
608.56
0.00
0.00
286.06
116.22
0.00
530.09
0.00
0.00
0.00
0.00
0.00
521.05
0.00
344.03
0.00
0.00
0.00
783.72
0.00
0.00
0.00
0.00
0.00
801.77
0.00
0.00
0.00
0.00
0.00
732.09
0.00
0.00
0.00
0.00
0.00
591.10
0.00
0.00
0.00
551.60
0.00
383.42
0.00
0.00
500.85
0.00
0.00
415.10
0.00
580.83
0.00
0.00
0.00
310.19
0.00
0.00
0.00
0.00
0.00
621.00
0.00
0.00
971.27
0.00
0.00
659.44
0.00
0.00
0.00
254.17
0.00
462.58
0.00
0.00
0.00
0.00
0.00
784.62
0.00
0.00
0.00
0.00
0.00
593.45
0.00
0.00
0.00
0.00
0.00
807.09
0.00
0.00
0.00
0.00
0.00
0.00
0.00
0.00
0.00
0.00
0.00
0.00
0.00
0.00
0.00
0.00
0.00
0.00
598.50
0.00
0.00
31.66
0.00
0.00
589.32
0.00
0.00
0.00
0.00
406.65
856.05
0.00
0.00
0.00
0.00
0.00
874.38
0.00
0.00
0.00
0.00
206.06
803.62
0.00
0.00
343.83
0.00
0.00
660.45
0.00
0.00
740.80
0.00
0.00
449.56
0.00
0.00
0.00
0.00
0.00
481.73
0.00
0.00
0.00
0.00
0.00
375.20
352.69
0.00
0.00
0.00
0.00
690.81
0.00
0.00
0.00
0.00
0.00
729.85
0.00
129.81
0.00
0.00
0.00
529.95
0.00
0.00
0.00
0.00
0.00
856.96
0.00
0.00
456.31
926.20
760.29
662.84
0.00
0.00
0.00
0.00
0.00
879.78
568.44
0.00
0.00
0.00
405.26
0.00
0.00
0.00
0.00
0.00
0.00
0.00
0.00
0.00
0.00
0.00
0.00
0.00
0.00
880.18
0.00
0.00
0.00
0.00
78.94
0.00
0.00
0.00
0.00
0.00
77.73
0.00
0.00
0.00
0.00
0.00
112.92
0.00
0.00
0.00
0.00
0.00
115.33
0.00
0.00
0.00
0.00
0.00
106.00
0.00
0.00
0.00
0.00
0.00
87.12
0.00
0.00
0.00
0.00
0.00
59.30
422.65
0.00
381.50
0.00
126.76
63.54
0.00
0.00
0.00
0.00
0.00
49.49
0.00
0.00
0.00
0.00
480.82
91.12
0.00
0.00
0.00
895.93
0.00
96.27
0.00
0.00
0.00
0.00
0.00
69.90
0.00
0.00
0.00
0.00
0.00
113.04
0.00
0.00
0.00
0.00
1030.14
87.43
0.00
0.00
0.00
0.00
0.00
116.05
0.00
0.00
0.00
0.00
0.00
0.00
0.00
0.00
0.00
0.00
0.00
0.00
0.00
0.00
0.00
0.00
0.00
0.00
0.00
0.00
863.81
0.00
0.00
0.00
154.87
0.00
0.00
0.00
379.03
0.00
152.50
489.72
0.00
0.00
256.09
0.00
221.52
0.00
0.00
0.00
0.00
0.00
226.26
0.00
0.00
0.00
0.00
0.00
207.95
0.00
0.00
764.10
0.00
0.00
170.91
0.00
0.00
0.00
0.00
0.00
116.33
0.00
570.87
0.00
0.00
0.00
124.66
0.00
0.00
0.00
0.00
0.00
97.09
0.00
0.00
0.00
0.00
0.00
178.76
0.00
0.00
0.00
0.00
0.00
188.86
14.01
0.00
920.60
0.00
0.00
137.14
0.00
0.00
610.13
0.00
0.00
221.76
0.00
0.00
0.00
0.00
0.00
171.52
0.00
989.25
0.00
0.00
0.00
227.66
0.00
707.24
0.00
0.00
0.00
0.00
0.00
0.00
0.00
0.00
0.00
0.00
0.00
0.00
0.00
0.00
0.00
0.00
0.00
0.00
0.00
0.00
0.00
0.00
228.18
997.23
0.00
0.00
0.00
0.00
224.68
0.00
0.00
0.00
0.00
0.00
326.37
0.00
0.00
0.00
0.00
0.00
333.36
0.00
0.00
0.00
0.00
0.00
306.38
0.00
75.03
0.00
0.00
0.00
251.80
0.00
0.00
0.00
0.00
0.00
171.40
0.00
0.00
0.00
0.00
0.00
183.66
0.00
0.00
0.00
0.00
0.00
143.05
0.00
0.00
0.00
0.00
0.00
263.38
0.00
0.00
0.00
0.00
0.00
278.26
0.00
0.00
0.00
0.00
0.00
202.05
0.00
650.01
0.00
0.00
0.00
326.72
0.00
0.00
797.46
0.00
1007.01
252.71
0.00
405.34
0.00
0.00
0.00
335.42
303.46
0.00
0.00
0.00
0.00
0.00
0.00
0.00
0.00
0.00
0.00
0.00
0.00
0.00
0.00
0.00
0.00
0.00
0.00
0.00
0.00
0.00
0.00
0.00
556.51
0.00
0.00
0.00
1011.85
0.00
547.97
0.00
0.00
0.00
801.81
0.00
795.99
0.00
0.00
0.00
0.00
0.00
813.03
0.00
0.00
0.00
1053.82
0.00
747.23
0.00
0.00
0.00
0.00
0.00
614.11
0.00
0.00
0.00
0.00
293.46
418.02
0.00
0.00
0.00
0.00
0.00
447.93
0.00
0.00
0.00
0.00
0.00
348.88
0.00
0.00
0.00
0.00
0.00
642.34
0.00
0.00
0.00
0.00
0.00
678.64
0.00
0.00
0.00
0.00
0.00
492.77
0.00
817.36
0.00
0.00
509.59
796.84
902.10
0.00
0.00
0.00
0.00
616.33
950.32
0.00
0.00
0.00
0.00
818.05
0.00
0.00
0.00
0.00
0.00
0.00
0.00
0.00
0.00
0.00
0.00
0.00
0.00
0.00
0.00
0.00
0.00
0.00
0.00
0.00
0.00
0.00
0.00
887.02
589.39
0.00
0.00
552.07
0.00
0.00
580.35
0.00
0.00
0.00
0.00
345.71
843.01
0.00
0.00
0.00
0.00
0.00
861.06
0.00
0.00
127.23
0.00
0.00
791.38
0.00
0.00
0.00
0.00
0.00
650.39
0.00
0.00
0.00
0.00
0.00
442.72
0.00
0.00
0.00
0.00
0.00
474.39
0.00
0.00
0.00
1068.31
0.00
369.49
0.00
0.00
0.00
0.00
0.00
680.29
0.00
0.00
0.00
0.00
0.00
718.73
0.00
0.00
0.00
0.00
0.00
521.88
0.00
0.00
0.00
0.00
0.00
843.91
0.00
0.00
0.00
0.00
0.00
652.74
0.00
0.00
0.00
0.00
0.00
866.38
0.00
0.00
0.00
0.00
0.00
0.00
0.00
0.00
0.00
0.00
0.00
0.00
0.00
0.00
0.00
0.00
0.00
0.00
0.00
361.35
0.00
192.92
0.00
0.00
509.64
0.00
0.00
0.00
0.00
0.00
776.37
0.00
0.00
0.00
0.00
0.00
794.70
0.00
0.00
0.00
0.00
321.87
723.94
0.00
0.00
0.00
0.00
0.00
580.77
0.00
0.00
0.00
0.00
0.00
369.88
947.46
0.00
0.00
0.00
0.00
402.05
0.00
0.00
0.00
0.00
0.00
295.52
0.00
0.00
0.00
0.00
0.00
611.13
0.00
0.00
0.00
0.00
0.00
650.17
0.00
0.00
0.00
0.00
0.00
450.27
0.00
0.00
0.00
0.00
0.00
777.28
337.69
0.00
0.00
0.00
0.00
583.16
0.00
0.00
0.00
0.00
0.00
800.10
0.00
0.00
216.34
0.00
0.00
0.00
0.00
0.00
0.00
0.00
0.00
0.00
0.00
0.00
0.00
0.00
0.00
0.00
0.00
0.00
0.00
0.00
0.00
0.00
0.00
0.00
0.00
769.67
0.00
0.00
67.22
0.00
0.00
0.00
0.00
0.00
102.41
0.00
0.00
0.00
0.00
0.00
104.82
0.00
0.00
0.00
0.00
0.00
95.49
0.00
0.00
570.03
0.00
0.00
76.61
0.00
0.00
0.00
0.00
0.00
48.79
0.00
0.00
0.00
0.00
0.00
53.03
0.00
0.00
0.00
0.00
0.00
38.98
440.69
0.00
0.00
0.00
0.00
80.61
0.00
0.00
0.00
0.00
0.00
85.76
0.00
0.00
666.52
0.00
0.00
59.39
0.00
0.00
0.00
0.00
0.00
102.53
0.00
0.00
0.00
0.00
437.28
76.92
0.00
168.57
0.00
0.00
0.00
105.54
0.00
0.00
0.00
0.00
0.00
0.00
0.00
0.00
0.00
0.00
0.00
0.00
0.00
0.00
0.00
0.00
0.00
0.00
0.00
0.00
0.00
0.00
0.00
0.00
0.00
0.00
0.00
861.34
572.81
0.00
131.88
0.00
0.00
0.00
0.00
735.15
200.90
0.00
0.00
0.00
0.00
0.00
205.64
714.42
0.00
0.00
0.00
0.00
187.33
0.00
0.00
0.00
0.00
0.00
150.29
0.00
0.00
0.00
0.00
0.00
95.71
0.00
0.00
0.00
0.00
0.00
104.04
0.00
0.00
0.00
0.00
0.00
76.47
0.00
0.00
0.00
0.00
0.00
158.14
0.00
0.00
0.00
0.00
0.00
168.24
0.00
0.00
0.00
0.00
0.00
116.52
0.00
0.00
0.00
0.00
0.00
201.14
0.00
0.00
198.53
0.00
0.00
150.90
0.00
0.00
0.00
0.00
0.00
207.04
0.00
0.00
0.00
0.00
0.00
0.00
0.00
0.00
0.00
0.00
0.00
0.00
0.00
0.00
0.00
0.00
0.00
0.00
0.00
0.00
0.00
0.00
0.00
0.00
0.00
0.00
0.00
0.00
892.28
828.76
194.30
0.00
0.00
0.00
0.00
0.00
295.99
0.00
849.18
0.00
0.00
0.00
302.98
0.00
949.01
0.00
0.00
0.00
276.00
941.50
0.00
0.00
0.00
0.00
221.42
912.49
0.00
0.00
0.00
0.00
141.02
0.00
0.00
0.00
0.00
0.00
153.28
0.00
0.00
0.00
0.00
436.85
112.67
0.00
0.00
415.55
0.00
0.00
233.00
367.70
0.00
0.00
0.00
0.00
247.88
0.00
852.14
768.68
0.00
0.00
171.67
0.00
0.00
0.00
0.00
0.00
296.34
0.00
0.00
0.00
0.00
0.00
222.33
0.00
0.00
0.00
0.00
0.00
305.04
0.00
0.00
0.00
0.00
0.00
0.00
0.00
0.00
0.00
0.00
0.00
0.00
0.00
0.00
0.00
0.00
0.00
0.00
0.00
0.00
0.00
0.00
0.00
0.00
0.00
0.00
0.00
0.00
572.74
0.00
473.88
0.00
0.00
0.00
0.00
0.00
721.90
0.00
0.00
804.77
0.00
0.00
738.94
0.00
0.00
0.00
0.00
0.00
673.14
0.00
0.00
0.00
0.00
952.03
540.02
0.00
93.25
0.00
0.00
0.00
343.93
0.00
0.00
0.00
0.00
0.00
373.84
0.00
0.00
0.00
0.00
0.00
274.78
457.03
0.00
665.71
0.00
0.00
568.25
0.00
0.00
132.53
0.00
538.89
604.55
0.00
0.00
0.00
0.00
0.00
418.67
0.00
104.46
0.00
0.00
0.00
722.75
0.00
0.00
0.00
562.24
0.00
542.24
0.00
0.00
0.00
590.67
0.00
743.96
0.00
0.00
0.00
0.00
0.00
0.00
0.00
0.00
0.00
0.00
0.00
0.00
0.00
0.00
0.00
0.00
0.00
0.00
0.00
0.00
0.00
0.00
0.00
0.00
0.00
0.00
0.00
0.00
0.00
0.00
501.88
0.00
0.00
0.00
0.00
0.00
764.55
0.00
0.00
0.00
0.00
0.00
782.59
0.00
0.00
0.00
0.00
0.00
712.91
0.00
0.00
0.00
0.00
0.00
571.92
0.00
0.00
0.00
0.00
0.00
364.25
0.00
0.00
0.00
0.00
0.00
395.92
0.00
0.00
0.00
0.00
0.00
291.02
0.00
0.00
0.00
0.00
0.00
601.82
0.00
0.00
0.00
0.00
0.00
640.26
0.00
0.00
0.00
0.00
0.00
443.41
1012.18
0.00
0.00
0.00
0.00
765.44
0.00
0.00
0.00
0.00
0.00
574.27
0.00
0.00
0.00
0.00
0.00
787.91
0.00
0.00
0.00
0.00
0.00
0.00
0.00
0.00
0.00
0.00
0.00
0.00
0.00
0.00
0.00
0.00
0.00
0.00
0.00
0.00
0.00
0.00
0.00
0.00
0.00
0.00
0.00
0.00
0.00
0.00
767.19
0.00
0.00
0.00
0.00
0.00
785.52
0.00
0.00
0.00
0.00
0.00
714.76
0.00
0.00
0.00
476.82
0.00
571.59
0.00
0.00
0.00
0.00
905.42
360.70
0.00
0.00
0.00
0.00
0.00
392.87
0.00
0.00
0.00
0.00
0.00
286.34
0.00
0.00
0.00
0.00
0.00
601.95
0.00
1062.80
0.00
0.00
0.00
640.99
0.00
0.00
0.00
0.00
0.00
441.09
0.00
0.00
0.00
0.00
0.00
768.10
0.00
0.00
0.00
0.00
0.00
573.98
0.00
0.00
0.00
0.00
0.00
790.92
0.00
60.91
0.00
0.00
30.71
0.00
0.00
0.00
0.00
0.00
0.00
0.00
0.00
0.00
0.00
0.00
0.00
0.00
0.00
0.00
0.00
0.00
0.00
0.00
0.00
0.00
0.00
0.00
0.00
0.00
0.00
0.00
1073.98
0.00
0.00
0.00
101.20
0.00
0.00
0.00
0.00
0.00
103.61
0.00
0.00
0.00
0.00
0.00
94.28
0.00
0.00
0.00
0.00
1037.34
75.40
0.00
0.00
0.00
0.00
0.00
47.58
0.00
0.00
0.00
0.00
0.00
51.82
0.00
0.00
128.16
0.00
0.00
37.77
0.00
0.00
0.00
528.53
0.00
79.40
1013.10
0.00
0.00
331.45
0.00
84.55
0.00
0.00
0.00
0.00
0.00
58.18
0.00
0.00
0.00
0.00
0.00
101.32
0.00
0.00
0.00
0.00
0.00
75.71
0.00
0.00
0.00
0.00
0.00
104.33
0.00
0.00
915.94
0.00
0.00
0.00
0.00
0.00
0.00
0.00
0.00
0.00
0.00
0.00
0.00
0.00
0.00
0.00
0.00
0.00
0.00
0.00
0.00
0.00
0.00
0.00
0.00
0.00
0.00
0.00
0.00
0.00
0.00
0.00
0.00
0.00
198.53
0.00
0.00
0.00
0.00
721.11
203.27
0.00
0.00
0.00
0.00
0.00
184.96
0.00
0.00
0.00
0.00
0.00
147.91
0.00
0.00
0.00
0.00
0.00
93.34
0.00
0.00
0.00
0.00
0.00
101.66
0.00
0.00
0.00
0.00
0.00
74.10
200.72
0.00
0.00
0.00
0.00
155.77
0.00
0.00
0.00
0.00
0.00
165.87
0.00
0.00
0.00
356.21
0.00
114.14
0.00
0.00
0.00
0.00
0.00
198.76
0.00
0.00
573.72
0.00
0.00
148.53
0.00
0.00
0.00
0.00
0.00
204.67
0.00
774.26
0.00
0.00
0.00
0.00
0.00
0.00
0.00
0.00
0.00
0.00
0.00
0.00
0.00
0.00
0.00
0.00
0.00
0.00
0.00
0.00
0.00
0.00
0.00
0.00
0.00
0.00
0.00
0.00
0.00
0.00
322.97
0.00
0.00
0.00
292.50
0.00
0.00
0.00
0.00
0.00
299.48
0.00
387.51
0.00
0.00
0.00
272.51
0.00
0.00
0.00
0.00
0.00
217.92
0.00
0.00
0.00
0.00
0.00
137.52
0.00
0.00
0.00
0.00
560.26
149.78
0.00
0.00
0.00
0.00
895.61
109.17
0.00
0.00
0.00
0.00
0.00
229.50
0.00
0.00
0.00
0.00
0.00
244.38
0.00
0.00
0.00
0.00
0.00
168.17
0.00
0.00
0.00
0.00
0.00
292.84
0.00
0.00
0.00
0.00
655.61
218.83
0.00
0.00
0.00
0.00
0.00
301.54
0.00
0.00
0.00
0.00
0.00
0.00
0.00
0.00
0.00
0.00
0.00
0.00
0.00
0.00
0.00
0.00
0.00
0.00
0.00
0.00
0.00
0.00
0.00
0.00
0.00
0.00
0.00
0.00
0.00
0.00
0.00
0.00
0.00
0.00
0.00
0.00
713.36
0.00
0.00
0.00
0.00
0.00
730.40
0.00
0.00
0.00
0.00
0.00
664.61
0.00
0.00
0.00
0.00
0.00
531.49
0.00
0.00
0.00
0.00
0.00
335.40
0.00
0.00
0.00
0.00
0.00
365.30
0.00
0.00
0.00
0.00
0.00
266.25
0.00
0.00
0.00
0.00
0.00
559.72
0.00
0.00
0.00
0.00
0.00
596.01
0.00
0.00
0.00
0.00
0.00
410.14
0.00
0.00
0.00
0.00
0.00
714.21
155.45
834.63
0.00
0.00
0.00
533.70
0.00
0.00
0.00
0.00
0.00
735.42
0.00
0.00
0.00
0.00
0.00
0.00
0.00
0.00
0.00
0.00
0.00
0.00
0.00
0.00
0.00
0.00
0.00
0.00
0.00
0.00
0.00
0.00
0.00
0.00
0.00
0.00
0.00
0.00
0.00
0.00
0.00
0.00
0.00
0.00
438.24
0.00
755.51
0.00
0.00
444.82
0.00
0.00
773.55
0.00
0.00
0.00
0.00
0.00
703.87
0.00
0.00
0.00
0.00
6.84
562.89
0.00
0.00
0.00
0.00
0.00
355.21
0.00
0.00
0.00
0.00
0.00
386.89
0.00
0.00
0.00
128.20
426.51
281.98
0.00
0.00
0.00
896.14
0.00
592.78
0.00
0.00
1053.12
728.32
0.00
631.22
0.00
0.00
0.00
0.00
0.00
434.37
0.00
480.07
0.00
6.09
0.00
756.40
0.00
0.00
0.00
0.00
0.00
565.23
232.44
0.00
0.00
0.00
0.00
778.87
0.00
0.00
0.00
0.00
0.00
0.00
0.00
0.00
0.00
0.00
0.00
0.00
0.00
0.00
0.00
0.00
0.00
0.00
0.00
0.00
0.00
0.00
0.00
0.00
0.00
0.00
0.00
0.00
0.00
0.00
0.00
0.00
0.00
0.00
0.00
321.28
1052.25
0.00
0.00
0.00
0.00
0.00
981.49
0.00
0.00
0.00
0.00
0.00
838.32
0.00
0.00
0.00
0.00
0.00
627.43
0.00
911.54
0.00
0.00
705.33
659.60
0.00
0.00
0.00
0.00
0.00
553.07
0.00
0.00
0.00
0.00
0.00
868.68
0.00
587.15
0.00
0.00
0.00
907.72
0.00
0.00
0.00
0.00
587.07
707.82
0.00
0.00
41.62
0.00
0.00
1034.83
0.00
0.00
0.00
0.00
0.00
840.71
0.00
0.00
0.00
691.36
0.00
1057.65
0.00
345.17
0.00
623.43
0.00
0.00
0.00
0.00
0.00
0.00
0.00
0.00
0.00
0.00
0.00
0.00
0.00
0.00
0.00
0.00
0.00
0.00
0.00
0.00
0.00
0.00
0.00
0.00
0.00
0.00
0.00
0.00
0.00
0.00
0.00
0.00
0.00
0.00
0.00
0.00
0.00
0.00
138.80
0.00
0.00
0.00
0.00
0.00
129.46
0.00
0.00
0.00
0.00
0.00
110.58
0.00
0.00
772.07
0.00
0.00
82.76
0.00
0.00
0.00
325.76
0.00
87.00
0.00
0.00
0.00
0.00
0.00
72.95
0.00
0.00
147.10
0.00
0.00
114.58
0.00
0.00
0.00
0.00
0.00
119.73
0.00
0.00
0.00
0.00
0.00
93.36
0.00
0.00
0.00
0.00
0.00
136.50
0.00
0.00
0.00
0.00
0.00
110.89
0.00
0.00
0.00
0.00
0.00
139.51
487.64
0.00
0.00
0.00
0.00
0.00
0.00
0.00
0.00
0.00
0.00
0.00
0.00
0.00
0.00
0.00
0.00
0.00
0.00
0.00
0.00
0.00
0.00
0.00
0.00
0.00
0.00
0.00
0.00
0.00
0.00
0.00
0.00
0.00
0.00
0.00
0.00
0.00
0.00
0.00
0.00
0.00
272.29
0.00
0.00
0.00
631.28
0.00
253.98
0.00
0.00
0.00
0.00
0.00
216.93
691.14
0.00
0.00
923.47
15.51
162.36
0.00
0.00
0.00
0.00
0.00
170.68
0.00
0.00
0.00
0.00
0.00
143.12
0.00
0.00
246.40
0.00
0.00
224.79
0.00
318.02
13.08
0.00
0.00
234.89
0.00
0.00
0.00
0.00
0.00
183.16
0.00
0.00
0.00
0.00
187.66
267.78
0.00
0.00
0.00
0.00
0.00
217.55
92.49
0.00
0.00
0.00
0.00
273.69
0.00
0.00
0.00
0.00
0.00
0.00
0.00
0.00
0.00
0.00
0.00
0.00
0.00
0.00
0.00
0.00
0.00
0.00
0.00
0.00
0.00
0.00
0.00
0.00
0.00
0.00
0.00
0.00
0.00
0.00
0.00
0.00
0.00
0.00
0.00
0.00
0.00
0.00
0.00
1065.65
0.00
0.00
401.17
0.00
0.00
0.00
0.00
245.52
374.20
0.00
0.00
819.55
0.00
0.00
319.61
0.00
0.00
0.00
0.00
0.00
239.21
0.00
0.00
0.00
0.00
0.00
251.48
0.00
0.00
669.24
0.00
0.00
210.86
0.00
0.00
0.00
0.00
196.12
331.19
0.00
0.00
0.00
0.00
0.00
346.07
0.00
0.00
0.00
0.00
0.00
269.86
290.56
682.82
0.00
0.00
0.00
394.54
396.78
0.00
323.59
0.00
0.00
320.52
0.00
0.00
0.00
0.00
0.00
403.23
0.00
0.00
0.00
0.00
0.00
0.00
0.00
0.00
0.00
0.00
0.00
0.00
0.00
0.00
0.00
0.00
0.00
0.00
0.00
0.00
0.00
0.00
0.00
0.00
0.00
0.00
0.00
0.00
0.00
0.00
0.00
0.00
0.00
0.00
0.00
0.00
0.00
0.00
0.00
815.57
0.00
0.00
978.42
0.00
0.00
0.00
0.00
0.00
912.62
0.00
0.00
0.00
0.00
0.00
779.50
0.00
834.88
0.00
0.00
0.00
583.41
0.00
0.00
0.00
0.00
0.00
613.32
0.00
1026.27
0.00
0.00
0.00
514.26
0.00
0.00
0.00
0.00
0.00
807.73
0.00
0.00
0.00
0.00
0.00
844.03
0.00
0.00
0.00
0.00
0.00
658.15
0.00
0.00
0.00
0.00
0.00
962.23
0.00
915.27
0.00
0.00
0.00
781.72
0.00
0.00
0.00
0.00
0.00
983.44
0.00
0.00
0.00
0.00
0.00
0.00
0.00
0.00
0.00
0.00
0.00
0.00
0.00
0.00
0.00
0.00
0.00
0.00
0.00
0.00
0.00
0.00
0.00
0.00
0.00
0.00
0.00
0.00
0.00
0.00
0.00
0.00
0.00
0.00
0.00
0.00
0.00
0.00
0.00
0.00
0.00
0.00
1036.22
0.00
0.00
52.35
975.47
0.00
966.54
0.00
0.00
97.53
0.00
145.21
825.55
0.00
0.00
0.00
0.00
0.00
617.88
855.14
0.00
0.00
0.00
0.00
649.55
0.00
0.00
0.00
0.00
0.00
544.64
0.00
0.00
0.00
0.00
0.00
855.45
0.00
0.00
0.00
0.00
0.00
893.89
0.00
0.00
0.00
0.00
0.00
697.04
0.00
0.00
0.00
0.00
0.00
1019.07
0.00
608.79
0.00
0.00
0.00
827.90
0.00
0.00
0.00
0.00
0.00
1041.54
0.00
0.00
0.00
0.00
0.00
0.00
0.00
0.00
0.00
0.00
0.00
0.00
0.00
0.00
0.00
0.00
0.00
0.00
0.00
0.00
0.00
0.00
0.00
0.00
0.00
0.00
0.00
0.00
0.00
0.00
0.00
0.00
0.00
0.00
0.00
0.00
0.00
0.00
657.82
0.00
0.00
758.49
999.81
0.00
0.00
0.00
0.00
0.00
856.65
0.00
0.00
0.00
0.00
0.00
645.76
0.00
0.00
0.00
0.00
0.00
677.93
0.00
0.00
0.00
0.00
974.04
571.40
0.00
0.00
0.00
0.00
0.00
887.01
206.52
0.00
0.00
0.00
0.00
926.04
0.00
0.00
0.00
0.00
0.00
726.14
0.00
0.00
0.00
0.00
0.00
1053.16
0.00
181.05
472.58
0.00
0.00
859.03
0.00
738.27
0.00
0.00
0.00
1075.97
0.00
374.94
0.00
0.00
0.00
0.00
0.00
0.00
0.00
0.00
0.00
0.00
0.00
0.00
0.00
0.00
0.00
0.00
0.00
0.00
0.00
0.00
0.00
0.00
0.00
0.00
0.00
0.00
0.00
0.00
0.00
0.00
0.00
0.00
0.00
0.00
0.00
0.00
0.00
0.00
0.00
0.00
0.00
0.00
0.00
0.00
685.78
0.00
131.88
349.44
0.00
0.00
0.00
0.00
113.00
0.00
0.00
0.00
0.00
0.00
85.18
0.00
62.48
0.00
0.00
0.00
89.42
0.00
0.00
0.00
0.00
0.00
75.37
0.00
0.00
0.00
0.00
0.00
117.00
236.49
0.00
0.00
0.00
0.00
122.15
0.00
0.00
0.00
0.00
0.00
95.78
970.99
0.00
0.00
0.00
688.55
138.92
837.68
1031.36
0.00
524.69
0.00
113.31
0.00
0.00
0.00
0.00
0.00
141.93
0.00
0.00
817.32
0.00
0.00
0.00
0.00
0.00
0.00
0.00
0.00
0.00
0.00
0.00
0.00
0.00
0.00
0.00
0.00
0.00
0.00
0.00
0.00
0.00
0.00
0.00
0.00
0.00
0.00
0.00
0.00
0.00
0.00
0.00
0.00
0.00
0.00
0.00
0.00
0.00
0.00
0.00
0.00
0.00
1000.82
0.00
0.00
0.00
258.72
0.00
0.00
0.00
0.00
0.00
221.68
0.00
0.00
0.00
0.00
0.00
167.10
0.00
0.00
0.00
0.00
0.00
175.43
0.00
948.58
0.00
0.00
0.00
147.86
0.00
0.00
0.00
333.64
0.00
229.53
0.00
0.00
0.00
0.00
0.00
239.63
6.87
0.00
1090.04
0.00
0.00
187.90
0.00
0.00
0.00
0.00
0.00
272.53
0.00
0.00
0.00
0.00
0.00
222.29
0.00
0.00
0.00
0.00
965.89
278.43
0.00
0.00
0.00
0.00
0.00
0.00
0.00
0.00
0.00
0.00
0.00
0.00
0.00
0.00
0.00
0.00
0.00
0.00
0.00
0.00
0.00
0.00
0.00
0.00
0.00
0.00
0.00
0.00
0.00
0.00
0.00
0.00
0.00
0.00
0.00
0.00
0.00
0.00
0.00
0.00
0.00
0.00
0.00
0.00
0.00
0.00
0.00
1052.25
381.18
0.00
0.00
0.00
0.00
0.00
326.60
0.00
0.00
0.00
0.00
0.00
246.20
0.00
0.00
0.00
0.00
0.00
258.46
0.00
0.00
0.00
896.06
0.00
217.85
0.00
0.00
0.00
0.00
0.00
338.18
0.00
0.00
0.00
0.00
0.00
353.06
173.69
0.00
0.00
0.00
0.00
276.85
0.00
0.00
0.00
0.00
0.00
401.52
0.00
0.00
0.00
0.00
495.41
327.51
0.00
0.00
0.00
0.00
247.56
410.22
28.31
0.00
0.00
0.00
0.00
0.00
0.00
0.00
0.00
0.00
0.00
0.00
0.00
0.00
0.00
0.00
0.00
0.00
0.00
0.00
0.00
0.00
0.00
0.00
0.00
0.00
0.00
0.00
0.00
0.00
0.00
0.00
0.00
0.00
0.00
0.00
0.00
0.00
0.00
0.00
0.00
0.00
0.00
0.00
0.00
0.00
0.00
0.00
929.66
0.00
0.00
0.00
0.00
0.00
796.54
932.11
0.00
0.00
0.00
0.00
600.45
0.00
0.00
0.00
0.00
0.00
630.36
0.00
0.00
0.00
0.00
0.00
531.30
0.00
0.00
0.00
0.00
0.00
824.77
1076.23
0.00
0.00
0.00
0.00
861.07
0.00
0.00
0.00
0.00
0.00
675.19
0.00
0.00
0.00
0.00
0.00
979.27
0.00
0.00
731.27
0.00
0.00
798.76
0.00
0.00
0.00
0.00
0.00
1000.48
0.00
0.00
0.00
0.00
0.00
0.00
0.00
0.00
0.00
0.00
0.00
0.00
0.00
0.00
0.00
0.00
0.00
0.00
0.00
0.00
0.00
0.00
0.00
0.00
0.00
0.00
0.00
0.00
0.00
0.00
0.00
0.00
0.00
0.00
0.00
0.00
0.00
0.00
0.00
0.00
0.00
0.00
0.00
0.00
0.00
0.00
0.00
0.00
984.59
0.00
0.00
0.00
0.00
1005.69
843.60
0.00
0.00
0.00
0.00
0.00
635.92
0.00
0.00
0.00
0.00
0.00
667.60
0.00
0.00
0.00
0.00
0.00
562.69
0.00
0.00
0.00
0.00
0.00
873.50
0.00
235.88
0.00
0.00
0.00
911.94
0.00
0.00
0.00
0.00
0.00
715.08
0.00
0.00
75.53
0.00
0.00
1037.12
0.00
0.00
0.00
0.00
0.00
845.95
318.62
0.00
0.00
38.97
0.00
1059.59
0.00
0.00
0.00
0.00
0.00
0.00
0.00
0.00
0.00
0.00
0.00
0.00
0.00
0.00
0.00
0.00
0.00
0.00
0.00
0.00
0.00
0.00
0.00
0.00
0.00
0.00
0.00
0.00
0.00
0.00
0.00
0.00
0.00
0.00
0.00
0.00
0.00
0.00
0.00
0.00
0.00
0.00
0.00
0.00
0.00
0.00
0.00
0.00
785.89
0.00
0.00
0.00
0.00
0.00
575.00
0.00
0.00
0.00
0.00
0.00
607.17
0.00
0.00
0.00
712.80
0.00
500.64
0.00
0.00
0.00
889.99
0.00
816.25
0.00
0.00
0.00
1035.62
0.00
855.28
0.00
0.00
0.00
0.00
0.00
655.38
0.00
0.00
0.00
0.00
0.00
982.40
0.00
0.00
0.00
0.00
0.00
788.27
0.00
0.00
0.00
0.00
0.00
1005.21
0.00
0.00
0.00
0.00
0.00
0.00
0.00
0.00
0.00
0.00
0.00
0.00
0.00
0.00
0.00
0.00
0.00
0.00
0.00
0.00
0.00
0.00
0.00
0.00
0.00
0.00
0.00
0.00
0.00
0.00
0.00
0.00
0.00
0.00
0.00
0.00
0.00
0.00
0.00
0.00
0.00
0.00
0.00
0.00
0.00
0.00
0.00
0.00
0.00
0.00
0.00
0.00
0.00
864.47
103.66
0.00
124.50
0.00
0.00
0.00
75.84
0.00
0.00
0.00
86.09
1020.66
80.09
0.00
981.25
0.00
0.00
0.00
66.04
0.00
0.00
0.00
0.00
863.08
107.67
0.00
0.00
0.00
0.00
0.00
112.82
0.00
0.00
0.00
0.00
0.00
86.45
0.00
815.12
0.00
0.00
787.00
129.58
0.00
0.00
0.00
0.00
428.68
103.98
0.00
0.00
728.71
0.00
0.00
132.59
0.00
0.00
0.00
0.00
0.00
0.00
0.00
0.00
0.00
0.00
0.00
0.00
0.00
0.00
0.00
0.00
0.00
0.00
0.00
0.00
0.00
0.00
0.00
0.00
0.00
0.00
0.00
0.00
0.00
0.00
0.00
0.00
0.00
0.00
0.00
0.00
0.00
0.00
0.00
0.00
0.00
0.00
0.00
0.00
0.00
0.00
0.00
0.00
0.00
0.00
993.19
409.01
0.00
0.00
203.36
563.31
311.66
0.00
0.00
0.00
148.79
0.00
0.00
0.00
0.00
0.00
157.12
0.00
0.00
0.00
0.00
0.00
129.55
0.00
0.00
0.00
0.00
0.00
211.22
0.00
244.86
646.89
0.00
0.00
221.32
0.00
829.65
0.00
0.00
0.00
169.59
0.00
0.00
0.00
0.00
0.00
254.22
0.00
0.00
0.00
0.00
0.00
203.98
0.00
0.00
0.00
0.00
0.00
260.12
0.00
0.00
1054.66
0.00
0.00
0.00
0.00
0.00
0.00
0.00
0.00
0.00
0.00
0.00
0.00
0.00
0.00
0.00
0.00
0.00
0.00
0.00
0.00
0.00
0.00
0.00
0.00
0.00
0.00
0.00
0.00
0.00
0.00
0.00
0.00
0.00
0.00
0.00
0.00
0.00
0.00
0.00
0.00
0.00
0.00
0.00
0.00
0.00
0.00
0.00
697.23
0.00
0.00
0.00
299.62
0.00
0.00
0.00
0.00
0.00
219.22
0.00
1021.04
0.00
0.00
0.00
231.48
0.00
0.00
0.00
0.00
0.00
190.87
0.00
0.00
0.00
0.00
0.00
311.20
0.00
0.00
757.54
0.00
390.06
326.08
986.40
546.77
0.00
0.00
0.00
249.87
0.00
0.00
0.00
120.31
0.00
374.54
0.00
810.61
0.00
0.00
0.00
300.53
0.00
0.00
303.76
0.00
0.00
383.24
0.00
0.00
0.00
0.00
0.00
0.00
0.00
0.00
0.00
0.00
0.00
0.00
0.00
0.00
0.00
0.00
0.00
0.00
0.00
0.00
0.00
0.00
0.00
0.00
0.00
0.00
0.00
0.00
0.00
0.00
0.00
0.00
0.00
0.00
0.00
0.00
0.00
0.00
0.00
0.00
0.00
0.00
0.00
0.00
0.00
0.00
0.00
0.00
0.00
0.00
0.00
0.00
120.68
511.27
730.75
0.00
0.00
0.00
0.00
0.00
534.66
0.00
0.00
0.00
0.00
504.94
564.56
0.00
0.00
0.00
0.00
0.00
465.51
0.00
0.00
0.00
0.00
0.00
758.98
0.00
0.00
0.00
0.00
0.00
795.27
0.00
0.00
0.00
0.00
0.00
609.40
0.00
0.00
0.00
0.00
0.00
913.47
741.95
0.00
0.00
0.00
0.00
732.96
0.00
0.00
0.00
0.00
0.00
934.68
0.00
0.00
0.00
0.00
0.00
0.00
0.00
0.00
0.00
0.00
0.00
0.00
0.00
0.00
0.00
0.00
0.00
0.00
0.00
0.00
0.00
0.00
0.00
0.00
0.00
0.00
0.00
0.00
0.00
0.00
0.00
0.00
0.00
0.00
0.00
0.00
0.00
0.00
0.00
0.00
0.00
0.00
0.00
0.00
0.00
0.00
0.00
0.00
0.00
0.00
0.00
0.00
0.00
0.00
773.92
0.00
0.00
0.00
0.00
0.00
566.24
0.00
0.00
0.00
0.00
0.00
597.92
0.00
0.00
0.00
0.00
0.00
493.01
0.00
0.00
0.00
0.00
0.00
803.82
0.00
91.35
0.00
0.00
0.00
842.26
0.00
0.00
0.00
0.00
0.00
645.40
0.00
0.00
0.00
0.00
0.00
967.44
0.00
0.00
0.00
0.00
0.00
776.27
0.00
0.00
0.00
0.00
0.00
989.90
0.00
0.00
0.00
0.00
0.00
0.00
0.00
0.00
0.00
0.00
0.00
0.00
0.00
0.00
0.00
0.00
0.00
0.00
0.00
0.00
0.00
0.00
0.00
0.00
0.00
0.00
0.00
0.00
0.00
0.00
0.00
0.00
0.00
0.00
0.00
0.00
0.00
0.00
0.00
0.00
0.00
0.00
0.00
0.00
0.00
0.00
0.00
0.00
0.00
0.00
0.00
0.00
0.00
0.00
431.83
0.00
0.00
0.00
0.00
0.00
464.00
0.00
0.00
0.00
0.00
0.00
357.47
0.00
0.00
0.00
0.00
961.38
673.08
582.33
0.00
0.00
0.00
0.00
712.12
0.00
0.00
0.00
0.00
0.00
512.22
0.00
881.46
0.00
0.00
0.85
839.23
0.00
0.00
0.00
0.00
0.00
645.11
0.00
0.00
0.00
0.00
0.00
862.05
0.00
0.00
0.00
0.00
0.00
0.00
0.00
0.00
0.00
0.00
0.00
0.00
0.00
0.00
0.00
0.00
0.00
0.00
0.00
0.00
0.00
0.00
0.00
0.00
0.00
0.00
0.00
0.00
0.00
0.00
0.00
0.00
0.00
0.00
0.00
0.00
0.00
0.00
0.00
0.00
0.00
0.00
0.00
0.00
0.00
0.00
0.00
0.00
0.00
0.00
0.00
0.00
0.00
0.00
0.00
0.00
0.00
0.00
0.00
0.00
56.96
0.00
0.00
0.00
0.00
0.00
61.20
311.46
0.00
0.00
0.00
0.00
47.15
0.00
0.00
299.34
0.00
0.00
88.78
0.00
0.00
0.00
0.00
97.27
93.93
0.00
0.00
0.00
0.00
0.00
67.56
0.00
0.00
0.00
0.00
0.00
110.70
0.00
0.00
0.00
0.00
0.00
85.09
0.00
861.77
0.00
0.00
0.00
113.71
0.00
0.00
0.00
0.00
0.00
0.00
0.00
0.00
0.00
0.00
0.00
0.00
0.00
0.00
0.00
0.00
0.00
0.00
0.00
0.00
0.00
0.00
0.00
0.00
0.00
0.00
0.00
0.00
0.00
0.00
0.00
0.00
0.00
0.00
0.00
0.00
0.00
0.00
0.00
0.00
0.00
0.00
0.00
0.00
0.00
0.00
0.00
0.00
0.00
0.00
0.00
0.00
0.00
0.00
0.00
0.00
0.00
0.00
0.00
0.00
111.75
0.00
0.00
0.00
0.00
0.00
120.07
450.80
0.00
763.30
0.00
0.00
92.50
0.00
0.00
0.00
0.00
0.00
174.17
0.00
600.58
0.00
0.00
0.00
184.27
0.00
0.00
0.00
0.00
397.60
132.55
0.00
0.00
954.39
0.00
0.00
217.17
0.00
0.00
0.00
0.00
0.00
166.93
0.00
0.00
0.00
0.00
0.00
223.07
0.00
0.00
0.00
0.00
0.00
0.00
0.00
0.00
0.00
0.00
0.00
0.00
0.00
0.00
0.00
0.00
0.00
0.00
0.00
0.00
0.00
0.00
0.00
0.00
0.00
0.00
0.00
0.00
0.00
0.00
0.00
0.00
0.00
0.00
0.00
0.00
0.00
0.00
0.00
0.00
0.00
0.00
0.00
0.00
0.00
0.00
0.00
0.00
0.00
0.00
0.00
0.00
0.00
0.00
0.00
0.00
0.00
0.00
0.00
0.00
164.64
0.00
0.00
0.00
0.00
0.00
176.90
0.00
0.00
0.00
0.00
0.00
136.29
0.00
0.00
0.00
0.00
0.00
256.62
0.00
624.17
0.00
0.00
0.00
271.50
0.00
0.00
0.00
0.00
0.00
195.29
0.00
298.07
0.00
0.00
0.00
319.96
0.00
0.00
0.00
0.00
0.00
245.95
0.00
0.00
0.00
0.00
201.44
328.66
0.00
0.00
0.00
0.00
0.00
0.00
0.00
0.00
0.00
0.00
0.00
0.00
0.00
0.00
0.00
0.00
0.00
0.00
0.00
0.00
0.00
0.00
0.00
0.00
0.00
0.00
0.00
0.00
0.00
0.00
0.00
0.00
0.00
0.00
0.00
0.00
0.00
0.00
0.00
0.00
0.00
0.00
0.00
0.00
0.00
0.00
0.00
0.00
0.00
0.00
0.00
0.00
0.00
0.00
0.00
0.00
0.00
0.00
0.00
0.00
401.53
0.00
0.00
0.00
0.00
0.00
431.44
0.00
0.00
0.00
0.00
0.00
332.39
0.00
0.00
0.00
0.00
0.00
625.86
114.15
0.00
0.00
0.00
0.00
662.15
0.00
0.00
702.80
193.44
0.00
476.28
0.00
0.00
0.00
0.00
0.00
780.35
0.00
0.00
0.00
0.00
0.00
599.84
0.00
780.60
0.00
0.00
0.00
801.56
0.00
0.00
0.00
0.00
0.00
0.00
0.00
0.00
0.00
0.00
0.00
0.00
0.00
0.00
0.00
0.00
0.00
0.00
0.00
0.00
0.00
0.00
0.00
0.00
0.00
0.00
0.00
0.00
0.00
0.00
0.00
0.00
0.00
0.00
0.00
0.00
0.00
0.00
0.00
0.00
0.00
0.00
0.00
0.00
0.00
0.00
0.00
0.00
0.00
0.00
0.00
0.00
0.00
0.00
0.00
0.00
0.00
0.00
0.00
0.00
425.26
745.74
0.00
0.00
0.00
0.00
456.93
0.00
0.00
0.00
0.00
179.22
352.02
0.00
0.00
0.00
0.00
0.00
662.83
0.00
0.00
0.00
0.00
0.00
701.27
0.00
0.00
0.00
0.00
0.00
504.41
0.00
0.00
0.00
0.00
0.00
826.45
0.00
0.00
0.00
0.00
0.00
635.28
9.50
799.23
421.03
0.00
0.00
848.92
0.00
0.00
0.00
0.00
0.00
0.00
0.00
0.00
0.00
0.00
0.00
0.00
0.00
0.00
0.00
0.00
0.00
0.00
0.00
0.00
0.00
0.00
0.00
0.00
0.00
0.00
0.00
0.00
0.00
0.00
0.00
0.00
0.00
0.00
0.00
0.00
0.00
0.00
0.00
0.00
0.00
0.00
0.00
0.00
0.00
0.00
0.00
0.00
0.00
0.00
0.00
0.00
0.00
0.00
0.00
0.00
302.42
0.00
0.00
0.00
253.11
0.00
0.00
0.00
0.00
770.93
146.58
0.00
0.00
0.00
0.00
0.00
462.19
0.00
0.00
0.00
0.00
0.00
501.23
0.00
761.18
0.00
0.00
0.00
301.33
0.00
0.00
0.00
0.00
0.00
628.35
0.00
0.00
0.00
103.98
0.00
434.22
0.00
0.00
0.00
0.00
0.00
651.16
0.00
0.00
0.00
0.00
0.00
0.00
0.00
0.00
0.00
0.00
0.00
0.00
0.00
0.00
0.00
0.00
0.00
0.00
0.00
0.00
0.00
0.00
0.00
0.00
0.00
0.00
0.00
0.00
0.00
0.00
0.00
0.00
0.00
0.00
0.00
0.00
0.00
0.00
0.00
0.00
0.00
0.00
0.00
0.00
0.00
0.00
0.00
0.00
0.00
0.00
0.00
0.00
0.00
0.00
0.00
0.00
0.00
0.00
0.00
0.00
0.00
0.00
0.00
0.00
0.00
0.00
33.39
0.00
0.00
0.00
0.00
0.00
19.33
0.00
0.00
243.45
0.00
0.00
60.97
0.00
0.00
0.00
0.00
0.00
66.11
809.63
0.00
0.00
0.00
0.00
39.75
0.00
0.00
0.00
0.00
0.00
82.88
0.00
0.00
0.00
0.00
0.00
57.27
0.00
0.00
0.00
0.00
0.00
85.89
0.00
0.00
0.00
0.00
0.00
0.00
0.00
0.00
0.00
0.00
0.00
0.00
0.00
0.00
0.00
0.00
0.00
0.00
0.00
0.00
0.00
0.00
0.00
0.00
0.00
0.00
0.00
0.00
0.00
0.00
0.00
0.00
0.00
0.00
0.00
0.00
0.00
0.00
0.00
0.00
0.00
0.00
0.00
0.00
0.00
0.00
0.00
0.00
0.00
0.00
0.00
0.00
0.00
0.00
0.00
0.00
0.00
0.00
0.00
0.00
0.00
0.00
0.00
0.00
0.00
0.00
65.50
0.00
0.00
0.00
0.00
70.72
37.93
0.00
0.00
0.00
0.00
0.00
119.60
209.02
0.00
0.00
0.00
0.00
129.70
0.00
249.89
0.00
931.67
0.00
77.97
0.00
262.75
0.00
0.00
0.00
162.60
0.00
0.00
0.00
0.00
0.00
112.36
0.00
0.00
0.00
760.15
0.00
168.50
0.00
0.00
0.00
0.00
0.00
0.00
0.00
0.00
0.00
0.00
0.00
0.00
0.00
0.00
0.00
0.00
0.00
0.00
0.00
0.00
0.00
0.00
0.00
0.00
0.00
0.00
0.00
0.00
0.00
0.00
0.00
0.00
0.00
0.00
0.00
0.00
0.00
0.00
0.00
0.00
0.00
0.00
0.00
0.00
0.00
0.00
0.00
0.00
0.00
0.00
0.00
0.00
0.00
0.00
0.00
0.00
0.00
0.00
0.00
0.00
0.00
0.00
0.00
0.00
0.00
0.00
96.50
151.93
0.00
0.00
0.00
0.00
55.88
712.37
511.80
0.00
0.00
0.00
176.21
0.00
0.00
0.00
0.00
0.00
191.10
0.00
0.00
0.00
0.00
0.00
114.88
0.00
0.00
0.00
64.88
0.00
239.56
0.00
0.00
88.90
0.00
0.00
165.55
0.00
99.88
0.00
0.00
0.00
248.26
0.00
0.00
0.00
0.00
0.00
0.00
0.00
0.00
0.00
0.00
0.00
0.00
0.00
0.00
0.00
0.00
0.00
0.00
0.00
0.00
0.00
0.00
0.00
0.00
0.00
0.00
0.00
0.00
0.00
0.00
0.00
0.00
0.00
0.00
0.00
0.00
0.00
0.00
0.00
0.00
0.00
0.00
0.00
0.00
0.00
0.00
0.00
0.00
0.00
0.00
0.00
0.00
0.00
0.00
0.00
0.00
0.00
0.00
0.00
0.00
0.00
0.00
0.00
0.00
0.00
969.68
235.35
0.00
0.00
0.00
0.00
1029.96
136.30
0.00
0.00
0.00
0.00
0.00
429.76
0.00
0.00
0.00
0.00
0.00
466.06
0.00
0.00
0.00
0.00
0.00
280.19
0.00
0.00
0.00
0.00
0.00
584.26
0.00
0.00
0.00
0.00
0.00
403.75
0.00
0.00
0.00
0.00
0.00
605.47
0.00
0.00
0.00
0.00
0.00
0.00
0.00
0.00
0.00
0.00
0.00
0.00
0.00
0.00
0.00
0.00
0.00
0.00
0.00
0.00
0.00
0.00
0.00
0.00
0.00
0.00
0.00
0.00
0.00
0.00
0.00
0.00
0.00
0.00
0.00
0.00
0.00
0.00
0.00
0.00
0.00
0.00
0.00
0.00
0.00
0.00
0.00
0.00
0.00
0.00
0.00
0.00
0.00
0.00
0.00
0.00
0.00
0.00
0.00
0.00
0.00
0.00
0.00
0.00
0.00
0.00
249.26
0.00
0.00
657.95
0.00
0.00
144.35
0.00
0.00
693.89
0.00
0.00
455.15
0.00
0.00
0.00
0.00
0.00
493.59
0.00
0.00
0.00
0.00
0.00
296.74
0.00
0.00
0.00
0.00
0.00
618.77
0.00
0.00
808.31
0.00
0.00
427.60
0.00
0.00
0.00
0.00
0.00
641.24
0.00
0.00
0.00
0.00
0.00
0.00
0.00
0.00
0.00
0.00
0.00
0.00
0.00
0.00
0.00
0.00
0.00
0.00
0.00
0.00
0.00
0.00
0.00
0.00
0.00
0.00
0.00
0.00
0.00
0.00
0.00
0.00
0.00
0.00
0.00
0.00
0.00
0.00
0.00
0.00
0.00
0.00
0.00
0.00
0.00
0.00
0.00
0.00
0.00
0.00
0.00
0.00
0.00
0.00
0.00
0.00
0.00
0.00
0.00
0.00
0.00
0.00
0.00
0.00
0.00
0.00
178.75
0.00
0.00
575.80
0.00
0.00
494.36
0.00
0.00
0.00
0.00
0.00
533.39
0.00
0.00
0.00
0.00
0.00
333.49
0.00
0.00
0.00
0.00
0.00
660.51
0.00
182.53
0.00
0.00
0.00
466.38
0.00
0.00
0.00
0.00
0.00
683.32
836.38
0.00
0.00
958.51
0.00
0.00
0.00
0.00
0.00
0.00
0.00
0.00
0.00
0.00
0.00
0.00
0.00
0.00
0.00
0.00
0.00
0.00
0.00
0.00
0.00
0.00
0.00
0.00
0.00
0.00
0.00
0.00
0.00
0.00
0.00
0.00
0.00
0.00
0.00
0.00
0.00
0.00
0.00
0.00
0.00
0.00
0.00
0.00
0.00
0.00
0.00
0.00
0.00
0.00
0.00
0.00
0.00
0.00
0.00
0.00
0.00
0.00
0.00
0.00
0.00
0.00
0.00
0.00
0.00
555.09
0.00
0.00
23.58
0.00
0.00
0.00
0.00
0.00
65.21
169.27
0.00
792.31
0.00
440.40
70.36
0.00
0.00
0.00
0.00
0.00
43.99
0.00
0.00
0.00
0.00
0.00
87.12
0.00
0.00
0.00
0.00
0.00
61.52
0.00
0.00
195.18
0.00
0.00
90.13
0.00
0.00
0.00
0.00
0.00
0.00
0.00
0.00
0.00
0.00
0.00
0.00
0.00
0.00
0.00
0.00
0.00
0.00
0.00
0.00
0.00
0.00
0.00
0.00
0.00
0.00
0.00
0.00
0.00
0.00
0.00
0.00
0.00
0.00
0.00
0.00
0.00
0.00
0.00
0.00
0.00
0.00
0.00
0.00
0.00
0.00
0.00
0.00
0.00
0.00
0.00
0.00
0.00
0.00
0.00
0.00
0.00
0.00
0.00
0.00
0.00
0.00
0.00
0.00
0.00
0.00
0.00
0.00
0.00
0.00
0.00
0.00
46.25
0.00
996.68
0.00
0.00
0.00
127.93
0.00
0.00
0.00
691.21
0.00
138.03
0.00
0.00
0.00
0.00
0.00
86.30
0.00
0.00
0.00
0.00
0.00
170.92
0.00
0.00
0.00
0.00
0.00
120.69
0.00
0.00
0.00
0.00
0.00
176.82
0.00
0.00
0.00
0.00
0.00
0.00
0.00
0.00
0.00
0.00
0.00
0.00
0.00
0.00
0.00
0.00
0.00
0.00
0.00
0.00
0.00
0.00
0.00
0.00
0.00
0.00
0.00
0.00
0.00
0.00
0.00
0.00
0.00
0.00
0.00
0.00
0.00
0.00
0.00
0.00
0.00
0.00
0.00
0.00
0.00
0.00
0.00
0.00
0.00
0.00
0.00
0.00
0.00
0.00
0.00
0.00
0.00
0.00
0.00
0.00
0.00
0.00
0.00
0.00
0.00
0.00
0.00
0.00
0.00
0.00
0.00
0.00
68.15
1056.14
0.00
0.00
0.00
0.00
188.48
0.00
0.00
0.00
0.00
0.00
203.36
0.00
0.00
0.00
0.00
0.00
127.15
0.00
0.00
0.00
0.00
0.00
251.82
0.00
0.00
0.00
0.00
0.00
177.81
0.00
0.00
0.00
0.00
0.00
260.52
0.00
0.00
0.00
0.00
0.00
0.00
0.00
0.00
0.00
0.00
0.00
0.00
0.00
0.00
0.00
0.00
0.00
0.00
0.00
0.00
0.00
0.00
0.00
0.00
0.00
0.00
0.00
0.00
0.00
0.00
0.00
0.00
0.00
0.00
0.00
0.00
0.00
0.00
0.00
0.00
0.00
0.00
0.00
0.00
0.00
0.00
0.00
0.00
0.00
0.00
0.00
0.00
0.00
0.00
0.00
0.00
0.00
0.00
0.00
0.00
0.00
0.00
0.00
0.00
0.00
0.00
0.00
269.03
0.00
0.00
0.00
0.00
166.20
0.00
0.00
0.00
0.00
305.46
459.67
0.00
0.00
0.00
238.71
0.00
495.97
0.00
0.00
0.00
0.00
0.00
310.10
0.00
0.00
0.00
414.26
0.00
614.17
0.00
0.00
0.00
0.00
0.00
433.66
0.00
0.00
0.00
0.00
0.00
635.38
0.00
0.00
0.00
0.00
0.00
0.00
0.00
0.00
0.00
0.00
0.00
0.00
0.00
0.00
0.00
0.00
0.00
0.00
0.00
0.00
0.00
0.00
0.00
0.00
0.00
0.00
0.00
0.00
0.00
0.00
0.00
0.00
0.00
0.00
0.00
0.00
0.00
0.00
0.00
0.00
0.00
0.00
0.00
0.00
0.00
0.00
0.00
0.00
0.00
0.00
0.00
0.00
0.00
0.00
0.00
0.00
0.00
0.00
0.00
0.00
0.00
0.00
0.00
0.00
0.00
0.00
0.00
0.00
0.00
0.00
0.00
0.00
176.02
63.95
660.95
0.00
0.00
0.00
486.83
0.00
0.00
0.00
0.00
0.00
525.27
0.00
0.00
241.52
0.00
0.00
328.42
0.00
0.00
0.00
300.69
839.53
650.45
0.00
0.00
0.00
1065.13
0.00
459.28
0.00
0.00
0.00
0.00
0.00
672.92
0.00
0.00
0.00
0.00
0.00
0.00
0.00
0.00
0.00
0.00
0.00
0.00
0.00
0.00
0.00
0.00
0.00
0.00
0.00
0.00
0.00
0.00
0.00
0.00
0.00
0.00
0.00
0.00
0.00
0.00
0.00
0.00
0.00
0.00
0.00
0.00
0.00
0.00
0.00
0.00
0.00
0.00
0.00
0.00
0.00
0.00
0.00
0.00
0.00
0.00
0.00
0.00
0.00
0.00
0.00
0.00
0.00
0.00
0.00
0.00
0.00
0.00
0.00
0.00
0.00
0.00
0.00
0.00
0.00
0.00
0.00
0.00
387.83
0.00
0.00
926.11
0.00
0.00
426.86
0.00
0.00
0.00
0.00
159.55
226.96
0.00
0.00
0.00
0.00
0.00
553.98
0.00
0.00
0.00
0.00
0.00
359.85
0.00
0.00
0.00
0.00
0.00
576.79
517.62
0.00
0.00
0.00
0.00
0.00
0.00
0.00
0.00
0.00
0.00
0.00
0.00
0.00
0.00
0.00
0.00
0.00
0.00
0.00
0.00
0.00
0.00
0.00
0.00
0.00
0.00
0.00
0.00
0.00
0.00
0.00
0.00
0.00
0.00
0.00
0.00
0.00
0.00
0.00
0.00
0.00
0.00
0.00
0.00
0.00
0.00
0.00
0.00
0.00
0.00
0.00
0.00
0.00
0.00
0.00
0.00
0.00
0.00
0.00
0.00
0.00
0.00
0.00
0.00
0.00
0.00
0.00
0.00
0.00
0.00
0.00
0.00
165.58
0.00
0.00
0.00
0.00
51.16
0.00
0.00
0.00
273.11
0.00
56.31
0.00
0.00
0.00
0.00
0.00
29.94
0.00
0.00
900.19
0.00
0.00
73.07
0.00
0.00
0.00
0.00
0.00
47.47
0.00
0.00
0.00
0.00
0.00
76.08
0.00
0.00
0.00
0.00
0.00
0.00
0.00
0.00
0.00
0.00
0.00
0.00
0.00
0.00
0.00
0.00
0.00
0.00
0.00
0.00
0.00
0.00
0.00
0.00
0.00
0.00
0.00
0.00
0.00
0.00
0.00
0.00
0.00
0.00
0.00
0.00
0.00
0.00
0.00
0.00
0.00
0.00
0.00
0.00
0.00
0.00
0.00
0.00
0.00
0.00
0.00
0.00
0.00
0.00
0.00
0.00
0.00
0.00
0.00
0.00
0.00
0.00
0.00
0.00
0.00
0.00
0.00
0.00
0.00
0.00
0.00
0.00
0.00
0.00
0.00
0.00
0.00
0.00
100.36
0.00
0.00
0.00
0.00
554.61
110.46
0.00
0.00
0.00
0.00
0.00
58.73
0.00
778.64
0.00
0.00
0.00
143.35
0.00
0.00
0.00
0.00
364.19
93.12
0.00
0.00
0.00
0.00
0.00
149.26
0.00
666.57
0.00
0.00
0.00
0.00
0.00
0.00
0.00
0.00
0.00
0.00
0.00
0.00
0.00
0.00
0.00
0.00
0.00
0.00
0.00
0.00
0.00
0.00
0.00
0.00
0.00
0.00
0.00
0.00
0.00
0.00
0.00
0.00
0.00
0.00
0.00
0.00
0.00
0.00
0.00
0.00
0.00
0.00
0.00
0.00
0.00
0.00
0.00
0.00
0.00
0.00
0.00
0.00
0.00
0.00
0.00
0.00
0.00
0.00
0.00
0.00
0.00
0.00
0.00
0.00
0.00
0.00
0.00
0.00
0.00
0.00
0.00
0.00
0.00
0.00
0.00
0.00
147.86
784.93
0.00
0.00
0.00
0.00
162.74
0.00
0.00
0.00
0.00
0.00
86.53
0.00
0.00
0.00
0.00
0.00
211.21
0.00
0.00
0.00
0.00
0.00
137.20
0.00
0.00
0.00
0.00
0.00
219.91
0.00
0.00
0.00
0.00
0.00
0.00
0.00
0.00
0.00
0.00
0.00
0.00
0.00
0.00
0.00
0.00
0.00
0.00
0.00
0.00
0.00
0.00
0.00
0.00
0.00
0.00
0.00
0.00
0.00
0.00
0.00
0.00
0.00
0.00
0.00
0.00
0.00
0.00
0.00
0.00
0.00
0.00
0.00
0.00
0.00
0.00
0.00
0.00
0.00
0.00
0.00
0.00
0.00
0.00
0.00
0.00
0.00
0.00
0.00
0.00
0.00
0.00
0.00
0.00
0.00
0.00
0.00
0.00
0.00
0.00
0.00
0.00
0.00
0.00
0.00
0.00
0.00
0.00
360.62
0.00
0.00
0.00
0.00
0.00
396.91
0.00
0.00
0.00
0.00
0.00
211.04
1042.14
0.00
0.00
0.00
0.00
515.11
0.00
0.00
0.00
0.00
0.00
334.60
0.00
0.00
0.00
0.00
0.00
536.32
0.00
0.00
0.00
0.00
0.00
0.00
0.00
0.00
0.00
0.00
0.00
0.00
0.00
0.00
0.00
0.00
0.00
0.00
0.00
0.00
0.00
0.00
0.00
0.00
0.00
0.00
0.00
0.00
0.00
0.00
0.00
0.00
0.00
0.00
0.00
0.00
0.00
0.00
0.00
0.00
0.00
0.00
0.00
0.00
0.00
0.00
0.00
0.00
0.00
0.00
0.00
0.00
0.00
0.00
0.00
0.00
0.00
0.00
0.00
0.00
0.00
0.00
0.00
0.00
0.00
0.00
0.00
0.00
0.00
0.00
0.00
0.00
0.00
0.00
0.00
0.00
0.00
0.00
381.92
0.00
0.00
0.00
0.00
0.00
420.36
61.96
762.12
350.67
0.00
0.00
223.51
0.00
0.00
0.00
957.12
0.00
545.54
0.00
0.00
0.00
0.00
0.00
354.37
0.00
0.00
0.00
413.99
0.00
568.01
0.00
0.00
0.00
0.00
0.00
0.00
0.00
0.00
0.00
0.00
0.00
0.00
0.00
0.00
0.00
0.00
0.00
0.00
0.00
0.00
0.00
0.00
0.00
0.00
0.00
0.00
0.00
0.00
0.00
0.00
0.00
0.00
0.00
0.00
0.00
0.00
0.00
0.00
0.00
0.00
0.00
0.00
0.00
0.00
0.00
0.00
0.00
0.00
0.00
0.00
0.00
0.00
0.00
0.00
0.00
0.00
0.00
0.00
0.00
0.00
0.00
0.00
0.00
0.00
0.00
0.00
0.00
0.00
0.00
0.00
0.00
0.00
0.00
0.00
0.00
0.00
0.00
0.00
742.48
0.00
0.00
0.00
955.57
0.00
542.58
0.00
0.00
0.00
0.00
0.00
869.59
0.00
0.00
0.00
0.00
746.99
675.47
0.00
0.00
0.00
0.00
0.00
892.41
0.00
0.00
0.00
0.00
0.00
0.00
0.00
0.00
0.00
0.00
0.00
0.00
0.00
0.00
0.00
0.00
0.00
0.00
0.00
0.00
0.00
0.00
0.00
0.00
0.00
0.00
0.00
0.00
0.00
0.00
0.00
0.00
0.00
0.00
0.00
0.00
0.00
0.00
0.00
0.00
0.00
0.00
0.00
0.00
0.00
0.00
0.00
0.00
0.00
0.00
0.00
0.00
0.00
0.00
0.00
0.00
0.00
0.00
0.00
0.00
0.00
0.00
0.00
0.00
0.00
0.00
0.00
0.00
0.00
0.00
0.00
0.00
0.00
0.00
0.00
0.00
0.00
0.00
0.00
0.00
0.00
0.00
0.00
0.00
97.94
0.00
0.00
0.00
0.00
0.00
71.57
0.00
0.00
0.00
0.00
0.00
114.70
0.00
0.00
0.00
0.00
0.00
89.10
0.00
0.00
0.00
0.00
0.00
117.71
0.00
0.00
555.71
0.00
0.00
0.00
0.00
0.00
0.00
0.00
0.00
0.00
0.00
0.00
0.00
0.00
0.00
0.00
0.00
0.00
0.00
0.00
0.00
0.00
0.00
0.00
0.00
0.00
0.00
0.00
0.00
0.00
0.00
0.00
0.00
0.00
0.00
0.00
0.00
0.00
0.00
0.00
0.00
0.00
0.00
0.00
0.00
0.00
0.00
0.00
0.00
0.00
0.00
0.00
0.00
0.00
0.00
0.00
0.00
0.00
0.00
0.00
0.00
0.00
0.00
0.00
0.00
0.00
0.00
0.00
0.00
0.00
0.00
0.00
0.00
0.00
0.00
0.00
0.00
0.00
0.00
202.60
0.00
0.00
192.13
0.00
356.67
0.00
0.00
0.00
140.40
0.00
0.00
0.00
0.00
0.00
225.03
0.00
0.00
0.00
0.00
0.00
174.79
0.00
0.00
0.00
0.00
0.00
230.93
0.00
0.00
0.00
0.00
0.00
0.00
0.00
0.00
0.00
0.00
0.00
0.00
0.00
0.00
0.00
0.00
0.00
0.00
0.00
0.00
0.00
0.00
0.00
0.00
0.00
0.00
0.00
0.00
0.00
0.00
0.00
0.00
0.00
0.00
0.00
0.00
0.00
0.00
0.00
0.00
0.00
0.00
0.00
0.00
0.00
0.00
0.00
0.00
0.00
0.00
0.00
0.00
0.00
0.00
0.00
0.00
0.00
0.00
0.00
0.00
0.00
0.00
0.00
0.00
0.00
0.00
0.00
0.00
0.00
0.00
0.00
0.00
0.00
0.00
0.00
0.00
0.00
0.00
0.00
0.00
0.00
0.00
0.00
0.00
283.07
165.37
0.00
1049.25
0.00
0.00
206.86
0.00
0.00
0.00
0.00
0.00
331.54
0.00
0.00
0.00
0.00
0.00
257.53
0.00
0.00
0.00
0.00
0.00
340.24
0.00
0.00
0.00
0.00
0.00
0.00
0.00
0.00
0.00
0.00
0.00
0.00
0.00
0.00
0.00
0.00
0.00
0.00
0.00
0.00
0.00
0.00
0.00
0.00
0.00
0.00
0.00
0.00
0.00
0.00
0.00
0.00
0.00
0.00
0.00
0.00
0.00
0.00
0.00
0.00
0.00
0.00
0.00
0.00
0.00
0.00
0.00
0.00
0.00
0.00
0.00
0.00
0.00
0.00
0.00
0.00
0.00
0.00
0.00
0.00
0.00
0.00
0.00
0.00
0.00
0.00
0.00
0.00
0.00
0.00
0.00
0.00
0.00
0.00
0.00
0.00
0.00
0.00
0.00
0.00
0.00
0.00
0.00
0.00
690.38
992.43
0.00
0.00
0.00
241.06
504.51
0.00
0.00
0.00
0.00
0.00
808.58
92.75
0.00
0.00
1067.86
0.00
628.07
329.56
0.00
0.00
750.17
555.73
829.79
0.00
0.00
0.00
0.00
0.00
0.00
0.00
0.00
0.00
0.00
0.00
0.00
0.00
0.00
0.00
0.00
0.00
0.00
0.00
0.00
0.00
0.00
0.00
0.00
0.00
0.00
0.00
0.00
0.00
0.00
0.00
0.00
0.00
0.00
0.00
0.00
0.00
0.00
0.00
0.00
0.00
0.00
0.00
0.00
0.00
0.00
0.00
0.00
0.00
0.00
0.00
0.00
0.00
0.00
0.00
0.00
0.00
0.00
0.00
0.00
0.00
0.00
0.00
0.00
0.00
0.00
0.00
0.00
0.00
0.00
0.00
0.00
0.00
0.00
0.00
0.00
0.00
0.00
0.00
0.00
800.06
0.00
306.54
0.00
731.17
0.00
0.00
0.00
0.00
0.00
534.31
0.00
751.92
0.00
0.00
0.00
856.35
0.00
0.00
520.65
0.00
0.00
665.18
0.00
739.41
0.00
0.00
0.00
878.82
0.00
0.00
0.00
0.00
0.00
0.00
0.00
0.00
0.00
0.00
0.00
0.00
0.00
0.00
0.00
0.00
0.00
0.00
0.00
0.00
0.00
0.00
0.00
0.00
0.00
0.00
0.00
0.00
0.00
0.00
0.00
0.00
0.00
0.00
0.00
0.00
0.00
0.00
0.00
0.00
0.00
0.00
0.00
0.00
0.00
0.00
0.00
0.00
0.00
0.00
0.00
0.00
0.00
0.00
0.00
0.00
0.00
0.00
0.00
0.00
0.00
0.00
0.00
0.00
0.00
0.00
0.00
0.00
0.00
0.00
0.00
0.00
0.00
0.00
0.00
0.00
0.00
0.00
0.00
0.00
0.00
0.00
1062.72
0.00
581.61
1086.66
0.00
0.00
0.00
900.26
908.63
752.31
0.00
0.00
0.00
0.00
714.50
0.00
0.00
0.00
0.00
0.00
931.44
0.00
0.00
0.00
0.00
0.00
0.00
0.00
0.00
0.00
0.00
0.00
0.00
0.00
0.00
0.00
0.00
0.00
0.00
0.00
0.00
0.00
0.00
0.00
0.00
0.00
0.00
0.00
0.00
0.00
0.00
0.00
0.00
0.00
0.00
0.00
0.00
0.00
0.00
0.00
0.00
0.00
0.00
0.00
0.00
0.00
0.00
0.00
0.00
0.00
0.00
0.00
0.00
0.00
0.00
0.00
0.00
0.00
0.00
0.00
0.00
0.00
0.00
0.00
0.00
0.00
0.00
0.00
0.00
0.00
0.00
0.00
0.00
0.00
0.00
0.00
0.00
0.00
0.00
0.00
0.00
0.00
0.00
0.00
0.00
0.00
0.00
0.00
0.00
0.00
0.00
76.72
318.83
755.23
0.00
0.00
491.05
119.85
0.00
0.00
0.00
0.00
0.00
94.25
0.00
0.00
0.00
4.44
0.00
122.86
0.00
0.00
0.00
0.00
0.00
0.00
0.00
0.00
0.00
0.00
0.00
0.00
0.00
0.00
0.00
0.00
0.00
0.00
0.00
0.00
0.00
0.00
0.00
0.00
0.00
0.00
0.00
0.00
0.00
0.00
0.00
0.00
0.00
0.00
0.00
0.00
0.00
0.00
0.00
0.00
0.00
0.00
0.00
0.00
0.00
0.00
0.00
0.00
0.00
0.00
0.00
0.00
0.00
0.00
0.00
0.00
0.00
0.00
0.00
0.00
0.00
0.00
0.00
0.00
0.00
0.00
0.00
0.00
0.00
0.00
0.00
0.00
0.00
0.00
0.00
0.00
0.00
0.00
0.00
0.00
0.00
0.00
0.00
0.00
0.00
0.00
0.00
0.00
0.00
0.00
150.50
0.00
0.00
0.00
0.00
0.00
235.13
0.00
826.54
0.00
0.00
0.00
184.89
0.00
0.00
398.07
0.00
0.00
241.03
0.00
0.00
0.00
0.00
0.00
0.00
0.00
0.00
0.00
0.00
0.00
0.00
0.00
0.00
0.00
0.00
0.00
0.00
0.00
0.00
0.00
0.00
0.00
0.00
0.00
0.00
0.00
0.00
0.00
0.00
0.00
0.00
0.00
0.00
0.00
0.00
0.00
0.00
0.00
0.00
0.00
0.00
0.00
0.00
0.00
0.00
0.00
0.00
0.00
0.00
0.00
0.00
0.00
0.00
0.00
0.00
0.00
0.00
0.00
0.00
0.00
0.00
0.00
0.00
0.00
0.00
0.00
0.00
0.00
0.00
0.00
0.00
0.00
0.00
0.00
0.00
0.00
0.00
0.00
0.00
0.00
0.00
0.00
0.00
0.00
0.00
0.00
0.00
0.00
0.00
221.74
0.00
0.00
0.00
0.00
378.78
346.42
0.00
0.00
0.00
0.00
0.00
272.41
0.00
531.92
0.00
0.00
0.00
355.12
0.00
0.00
0.00
0.00
0.00
0.00
0.00
0.00
0.00
0.00
0.00
0.00
0.00
0.00
0.00
0.00
0.00
0.00
0.00
0.00
0.00
0.00
0.00
0.00
0.00
0.00
0.00
0.00
0.00
0.00
0.00
0.00
0.00
0.00
0.00
0.00
0.00
0.00
0.00
0.00
0.00
0.00
0.00
0.00
0.00
0.00
0.00
0.00
0.00
0.00
0.00
0.00
0.00
0.00
0.00
0.00
0.00
0.00
0.00
0.00
0.00
0.00
0.00
0.00
0.00
0.00
0.00
0.00
0.00
0.00
0.00
0.00
0.00
0.00
0.00
0.00
0.00
0.00
0.00
0.00
0.00
0.00
0.00
0.00
0.00
0.00
783.46
0.00
0.00
0.00
540.80
0.00
0.00
0.00
0.00
372.33
844.88
844.70
0.00
0.00
0.00
0.00
664.37
0.00
0.00
0.00
0.00
502.13
866.09
0.00
0.00
0.00
0.00
0.00
0.00
0.00
0.00
0.00
0.00
0.00
0.00
0.00
0.00
0.00
0.00
0.00
0.00
0.00
0.00
0.00
0.00
0.00
0.00
0.00
0.00
0.00
0.00
0.00
0.00
0.00
0.00
0.00
0.00
0.00
0.00
0.00
0.00
0.00
0.00
0.00
0.00
0.00
0.00
0.00
0.00
0.00
0.00
0.00
0.00
0.00
0.00
0.00
0.00
0.00
0.00
0.00
0.00
0.00
0.00
0.00
0.00
0.00
0.00
0.00
0.00
0.00
0.00
0.00
0.00
0.00
0.00
0.00
0.00
0.00
0.00
0.00
0.00
0.00
0.00
0.00
0.00
0.00
0.00
0.00
0.00
0.00
0.00
0.00
0.00
572.75
0.00
0.00
0.00
0.00
0.00
894.79
0.00
0.00
0.00
0.00
0.00
703.62
0.00
49.09
0.00
0.00
0.00
917.26
0.00
0.00
0.00
0.00
0.00
0.00
0.00
0.00
0.00
0.00
0.00
0.00
0.00
0.00
0.00
0.00
0.00
0.00
0.00
0.00
0.00
0.00
0.00
0.00
0.00
0.00
0.00
0.00
0.00
0.00
0.00
0.00
0.00
0.00
0.00
0.00
0.00
0.00
0.00
0.00
0.00
0.00
0.00
0.00
0.00
0.00
0.00
0.00
0.00
0.00
0.00
0.00
0.00
0.00
0.00
0.00
0.00
0.00
0.00
0.00
0.00
0.00
0.00
0.00
0.00
0.00
0.00
0.00
0.00
0.00
0.00
0.00
0.00
0.00
0.00
0.00
0.00
0.00
0.00
0.00
0.00
0.00
0.00
0.00
0.00
0.00
0.00
911.17
0.00
0.00
708.73
0.00
0.00
0.00
0.00
0.00
514.60
0.00
0.00
0.00
0.00
0.00
731.54
0.00
0.00
0.00
0.00
0.00
0.00
0.00
0.00
0.00
0.00
0.00
0.00
0.00
0.00
0.00
0.00
0.00
0.00
0.00
0.00
0.00
0.00
0.00
0.00
0.00
0.00
0.00
0.00
0.00
0.00
0.00
0.00
0.00
0.00
0.00
0.00
0.00
0.00
0.00
0.00
0.00
0.00
0.00
0.00
0.00
0.00
0.00
0.00
0.00
0.00
0.00
0.00
0.00
0.00
0.00
0.00
0.00
0.00
0.00
0.00
0.00
0.00
0.00
0.00
0.00
0.00
0.00
0.00
0.00
0.00
0.00
0.00
0.00
0.00
0.00
0.00
0.00
0.00
0.00
0.00
0.00
0.00
0.00
0.00
0.00
0.00
0.00
0.00
0.00
0.00
0.00
0.00
0.00
0.00
0.00
0.00
93.48
0.00
0.00
0.00
0.00
0.00
67.88
0.00
0.00
0.00
0.00
0.00
96.49
0.00
0.00
0.00
0.00
0.00
0.00
0.00
0.00
0.00
0.00
0.00
0.00
0.00
0.00
0.00
0.00
0.00
0.00
0.00
0.00
0.00
0.00
0.00
0.00
0.00
0.00
0.00
0.00
0.00
0.00
0.00
0.00
0.00
0.00
0.00
0.00
0.00
0.00
0.00
0.00
0.00
0.00
0.00
0.00
0.00
0.00
0.00
0.00
0.00
0.00
0.00
0.00
0.00
0.00
0.00
0.00
0.00
0.00
0.00
0.00
0.00
0.00
0.00
0.00
0.00
0.00
0.00
0.00
0.00
0.00
0.00
0.00
0.00
0.00
0.00
0.00
0.00
0.00
0.00
0.00
0.00
0.00
0.00
0.00
0.00
0.00
0.00
0.00
0.00
0.00
0.00
0.00
0.00
0.00
0.00
0.00
183.40
0.00
0.00
0.00
590.19
0.00
133.16
0.00
0.00
859.57
0.00
0.00
189.30
0.00
0.00
0.00
0.00
0.00
0.00
0.00
0.00
0.00
0.00
0.00
0.00
0.00
0.00
0.00
0.00
0.00
0.00
0.00
0.00
0.00
0.00
0.00
0.00
0.00
0.00
0.00
0.00
0.00
0.00
0.00
0.00
0.00
0.00
0.00
0.00
0.00
0.00
0.00
0.00
0.00
0.00
0.00
0.00
0.00
0.00
0.00
0.00
0.00
0.00
0.00
0.00
0.00
0.00
0.00
0.00
0.00
0.00
0.00
0.00
0.00
0.00
0.00
0.00
0.00
0.00
0.00
0.00
0.00
0.00
0.00
0.00
0.00
0.00
0.00
0.00
0.00
0.00
0.00
0.00
0.00
0.00
0.00
0.00
0.00
0.00
0.00
0.00
0.00
0.00
0.00
0.00
0.00
0.00
0.00
0.00
270.21
0.00
0.00
0.00
0.00
0.00
196.19
0.00
0.00
738.48
0.00
0.00
278.90
0.00
0.00
0.00
0.00
0.00
0.00
0.00
0.00
0.00
0.00
0.00
0.00
0.00
0.00
0.00
0.00
0.00
0.00
0.00
0.00
0.00
0.00
0.00
0.00
0.00
0.00
0.00
0.00
0.00
0.00
0.00
0.00
0.00
0.00
0.00
0.00
0.00
0.00
0.00
0.00
0.00
0.00
0.00
0.00
0.00
0.00
0.00
0.00
0.00
0.00
0.00
0.00
0.00
0.00
0.00
0.00
0.00
0.00
0.00
0.00
0.00
0.00
0.00
0.00
0.00
0.00
0.00
0.00
0.00
0.00
0.00
0.00
0.00
0.00
0.00
0.00
0.00
0.00
0.00
0.00
0.00
0.00
0.00
0.00
0.00
0.00
0.00
0.00
0.00
0.00
0.00
0.00
0.00
0.00
0.00
0.00
659.00
0.00
0.00
0.00
0.00
0.00
478.50
0.00
0.00
0.00
0.00
0.00
680.22
0.00
0.00
0.00
0.00
0.00
0.00
0.00
0.00
0.00
0.00
0.00
0.00
0.00
0.00
0.00
0.00
0.00
0.00
0.00
0.00
0.00
0.00
0.00
0.00
0.00
0.00
0.00
0.00
0.00
0.00
0.00
0.00
0.00
0.00
0.00
0.00
0.00
0.00
0.00
0.00
0.00
0.00
0.00
0.00
0.00
0.00
0.00
0.00
0.00
0.00
0.00
0.00
0.00
0.00
0.00
0.00
0.00
0.00
0.00
0.00
0.00
0.00
0.00
0.00
0.00
0.00
0.00
0.00
0.00
0.00
0.00
0.00
0.00
0.00
0.00
0.00
0.00
0.00
0.00
0.00
0.00
0.00
0.00
0.00
0.00
0.00
0.00
0.00
0.00
0.00
0.00
0.00
0.00
0.00
0.00
0.00
697.93
0.00
0.00
0.00
0.00
0.00
506.76
0.00
0.00
0.00
0.00
492.17
720.40
0.00
0.00
0.00
0.00
0.00
0.00
0.00
0.00
0.00
0.00
0.00
0.00
0.00
0.00
0.00
0.00
0.00
0.00
0.00
0.00
0.00
0.00
0.00
0.00
0.00
0.00
0.00
0.00
0.00
0.00
0.00
0.00
0.00
0.00
0.00
0.00
0.00
0.00
0.00
0.00
0.00
0.00
0.00
0.00
0.00
0.00
0.00
0.00
0.00
0.00
0.00
0.00
0.00
0.00
0.00
0.00
0.00
0.00
0.00
0.00
0.00
0.00
0.00
0.00
0.00
0.00
0.00
0.00
0.00
0.00
0.00
0.00
0.00
0.00
0.00
0.00
0.00
0.00
0.00
0.00
0.00
0.00
0.00
0.00
0.00
0.00
0.00
0.00
0.00
0.00
0.00
0.00
0.00
0.00
0.00
0.00
841.62
0.00
0.00
0.00
0.00
0.00
1058.56
0.00
0.00
0.00
0.00
0.00
0.00
0.00
0.00
0.00
0.00
0.00
0.00
0.00
0.00
0.00
0.00
0.00
0.00
0.00
0.00
0.00
0.00
0.00
0.00
0.00
0.00
0.00
0.00
0.00
0.00
0.00
0.00
0.00
0.00
0.00
0.00
0.00
0.00
0.00
0.00
0.00
0.00
0.00
0.00
0.00
0.00
0.00
0.00
0.00
0.00
0.00
0.00
0.00
0.00
0.00
0.00
0.00
0.00
0.00
0.00
0.00
0.00
0.00
0.00
0.00
0.00
0.00
0.00
0.00
0.00
0.00
0.00
0.00
0.00
0.00
0.00
0.00
0.00
0.00
0.00
0.00
0.00
0.00
0.00
0.00
0.00
0.00
0.00
0.00
0.00
0.00
0.00
0.00
0.00
0.00
0.00
0.00
0.00
0.00
0.00
0.00
0.00
111.01
0.00
0.00
0.00
0.00
0.00
139.63
0.00
0.00
0.00
0.00
0.00
0.00
0.00
0.00
0.00
0.00
0.00
0.00
0.00
0.00
0.00
0.00
0.00
0.00
0.00
0.00
0.00
0.00
0.00
0.00
0.00
0.00
0.00
0.00
0.00
0.00
0.00
0.00
0.00
0.00
0.00
0.00
0.00
0.00
0.00
0.00
0.00
0.00
0.00
0.00
0.00
0.00
0.00
0.00
0.00
0.00
0.00
0.00
0.00
0.00
0.00
0.00
0.00
0.00
0.00
0.00
0.00
0.00
0.00
0.00
0.00
0.00
0.00
0.00
0.00
0.00
0.00
0.00
0.00
0.00
0.00
0.00
0.00
0.00
0.00
0.00
0.00
0.00
0.00
0.00
0.00
0.00
0.00
0.00
0.00
0.00
0.00
0.00
0.00
0.00
0.00
0.00
0.00
0.00
0.00
0.00
0.00
0.00
217.79
0.00
0.00
0.00
0.00
0.00
273.92
0.00
265.35
0.00
0.00
0.00
0.00
0.00
0.00
0.00
0.00
0.00
0.00
0.00
0.00
0.00
0.00
0.00
0.00
0.00
0.00
0.00
0.00
0.00
0.00
0.00
0.00
0.00
0.00
0.00
0.00
0.00
0.00
0.00
0.00
0.00
0.00
0.00
0.00
0.00
0.00
0.00
0.00
0.00
0.00
0.00
0.00
0.00
0.00
0.00
0.00
0.00
0.00
0.00
0.00
0.00
0.00
0.00
0.00
0.00
0.00
0.00
0.00
0.00
0.00
0.00
0.00
0.00
0.00
0.00
0.00
0.00
0.00
0.00
0.00
0.00
0.00
0.00
0.00
0.00
0.00
0.00
0.00
0.00
0.00
0.00
0.00
0.00
0.00
0.00
0.00
0.00
0.00
0.00
0.00
0.00
0.00
0.00
0.00
0.00
740.62
0.00
0.00
320.87
0.00
452.26
0.00
0.00
0.00
403.58
0.00
0.00
0.00
0.00
0.00
0.00
0.00
0.00
0.00
0.00
0.00
0.00
0.00
0.00
0.00
0.00
0.00
0.00
0.00
0.00
0.00
0.00
0.00
0.00
0.00
0.00
0.00
0.00
0.00
0.00
0.00
0.00
0.00
0.00
0.00
0.00
0.00
0.00
0.00
0.00
0.00
0.00
0.00
0.00
0.00
0.00
0.00
0.00
0.00
0.00
0.00
0.00
0.00
0.00
0.00
0.00
0.00
0.00
0.00
0.00
0.00
0.00
0.00
0.00
0.00
0.00
0.00
0.00
0.00
0.00
0.00
0.00
0.00
0.00
0.00
0.00
0.00
0.00
0.00
0.00
0.00
0.00
0.00
0.00
0.00
0.00
0.00
0.00
0.00
0.00
0.00
0.00
0.00
0.00
0.00
0.00
0.00
953.47
0.00
0.00
0.00
0.00
782.57
0.00
0.00
0.00
269.55
0.00
984.29
0.00
0.00
0.00
0.00
0.00
0.00
0.00
0.00
0.00
0.00
0.00
0.00
0.00
0.00
0.00
0.00
0.00
0.00
0.00
0.00
0.00
0.00
0.00
0.00
0.00
0.00
0.00
0.00
0.00
0.00
0.00
0.00
0.00
0.00
0.00
0.00
0.00
0.00
0.00
0.00
0.00
0.00
0.00
0.00
0.00
0.00
0.00
0.00
0.00
0.00
0.00
0.00
0.00
0.00
0.00
0.00
0.00
0.00
0.00
0.00
0.00
0.00
0.00
0.00
0.00
0.00
0.00
0.00
0.00
0.00
0.00
0.00
0.00
0.00
0.00
0.00
0.00
0.00
0.00
0.00
0.00
0.00
0.00
0.00
0.00
0.00
0.00
0.00
0.00
0.00
0.00
0.00
0.00
0.00
0.00
0.00
0.00
0.00
0.00
0.00
0.00
0.00
828.80
0.00
0.00
0.00
0.00
0.00
1042.44
0.00
0.00
0.00
0.00
0.00
0.00
0.00
0.00
0.00
0.00
0.00
0.00
0.00
0.00
0.00
0.00
0.00
0.00
0.00
0.00
0.00
0.00
0.00
0.00
0.00
0.00
0.00
0.00
0.00
0.00
0.00
0.00
0.00
0.00
0.00
0.00
0.00
0.00
0.00
0.00
0.00
0.00
0.00
0.00
0.00
0.00
0.00
0.00
0.00
0.00
0.00
0.00
0.00
0.00
0.00
0.00
0.00
0.00
0.00
0.00
0.00
0.00
0.00
0.00
0.00
0.00
0.00
0.00
0.00
0.00
0.00
0.00
0.00
0.00
0.00
0.00
0.00
0.00
0.00
0.00
0.00
0.00
0.00
0.00
0.00
0.00
0.00
0.00
0.00
0.00
0.00
0.00
0.00
0.00
0.00
0.00
0.00
0.00
0.00
0.00
0.00
0.00
864.43
0.00
0.00
0.00
0.00
0.00
0.00
0.00
0.00
0.00
0.00
0.00
0.00
0.00
0.00
0.00
0.00
0.00
0.00
0.00
0.00
0.00
0.00
0.00
0.00
0.00
0.00
0.00
0.00
0.00
0.00
0.00
0.00
0.00
0.00
0.00
0.00
0.00
0.00
0.00
0.00
0.00
0.00
0.00
0.00
0.00
0.00
0.00
0.00
0.00
0.00
0.00
0.00
0.00
0.00
0.00
0.00
0.00
0.00
0.00
0.00
0.00
0.00
0.00
0.00
0.00
0.00
0.00
0.00
0.00
0.00
0.00
0.00
0.00
0.00
0.00
0.00
0.00
0.00
0.00
0.00
0.00
0.00
0.00
0.00
0.00
0.00
0.00
0.00
0.00
0.00
0.00
0.00
0.00
0.00
0.00
0.00
0.00
0.00
0.00
0.00
0.00
0.00
0.00
0.00
0.00
423.23
0.00
0.00
114.02
0.00
0.00
0.00
0.00
0.00
0.00
0.00
0.00
0.00
0.00
0.00
0.00
0.00
0.00
0.00
0.00
0.00
0.00
0.00
0.00
0.00
0.00
0.00
0.00
0.00
0.00
0.00
0.00
0.00
0.00
0.00
0.00
0.00
0.00
0.00
0.00
0.00
0.00
0.00
0.00
0.00
0.00
0.00
0.00
0.00
0.00
0.00
0.00
0.00
0.00
0.00
0.00
0.00
0.00
0.00
0.00
0.00
0.00
0.00
0.00
0.00
0.00
0.00
0.00
0.00
0.00
0.00
0.00
0.00
0.00
0.00
0.00
0.00
0.00
0.00
0.00
0.00
0.00
0.00
0.00
0.00
0.00
0.00
0.00
0.00
0.00
0.00
0.00
0.00
0.00
0.00
0.00
0.00
0.00
0.00
0.00
0.00
0.00
0.00
0.00
0.00
0.00
0.00
0.00
0.00
369.79
0.00
0.00
223.69
0.00
0.00
0.00
0.00
0.00
0.00
0.00
0.00
0.00
0.00
0.00
0.00
0.00
0.00
0.00
0.00
0.00
0.00
0.00
0.00
0.00
0.00
0.00
0.00
0.00
0.00
0.00
0.00
0.00
0.00
0.00
0.00
0.00
0.00
0.00
0.00
0.00
0.00
0.00
0.00
0.00
0.00
0.00
0.00
0.00
0.00
0.00
0.00
0.00
0.00
0.00
0.00
0.00
0.00
0.00
0.00
0.00
0.00
0.00
0.00
0.00
0.00
0.00
0.00
0.00
0.00
0.00
0.00
0.00
0.00
0.00
0.00
0.00
0.00
0.00
0.00
0.00
0.00
0.00
0.00
0.00
0.00
0.00
0.00
0.00
0.00
0.00
0.00
0.00
0.00
0.00
0.00
0.00
0.00
0.00
0.00
0.00
0.00
0.00
0.00
0.00
0.00
0.00
184.59
0.00
0.00
717.12
0.00
329.57
0.00
0.00
0.00
0.00
0.00
0.00
0.00
0.00
0.00
0.00
0.00
0.00
0.00
0.00
0.00
0.00
0.00
0.00
0.00
0.00
0.00
0.00
0.00
0.00
0.00
0.00
0.00
0.00
0.00
0.00
0.00
0.00
0.00
0.00
0.00
0.00
0.00
0.00
0.00
0.00
0.00
0.00
0.00
0.00
0.00
0.00
0.00
0.00
0.00
0.00
0.00
0.00
0.00
0.00
0.00
0.00
0.00
0.00
0.00
0.00
0.00
0.00
0.00
0.00
0.00
0.00
0.00
0.00
0.00
0.00
0.00
0.00
0.00
0.00
0.00
0.00
0.00
0.00
0.00
0.00
0.00
0.00
0.00
0.00
0.00
0.00
0.00
0.00
0.00
0.00
0.00
0.00
0.00
0.00
0.00
0.00
0.00
0.00
0.00
0.00
0.00
0.00
0.00
0.00
0.00
0.00
0.00
0.00
803.78
0.00
0.00
0.00
0.00
0.00
0.00
0.00
0.00
0.00
0.00
0.00
0.00
0.00
0.00
0.00
0.00
0.00
0.00
0.00
0.00
0.00
0.00
0.00
0.00
0.00
0.00
0.00
0.00
0.00
0.00
0.00
0.00
0.00
0.00
0.00
0.00
0.00
0.00
0.00
0.00
0.00
0.00
0.00
0.00
0.00
0.00
0.00
0.00
0.00
0.00
0.00
0.00
0.00
0.00
0.00
0.00
0.00
0.00
0.00
0.00
0.00
0.00
0.00
0.00
0.00
0.00
0.00
0.00
0.00
0.00
0.00
0.00
0.00
0.00
0.00
0.00
0.00
0.00
0.00
0.00
0.00
0.00
0.00
0.00
0.00
0.00
0.00
0.00
0.00
0.00
0.00
0.00
0.00
0.00
0.00
0.00
0.00
0.00
0.00
0.00
0.00
0.00
0.00
0.00
0.00
0.00
0.00
0.00
851.27
0.00
0.00
0.00
0.00
0.00
0.00
0.00
0.00
0.00
0.00
0.00
0.00
0.00
0.00
0.00
0.00
0.00
0.00
0.00
0.00
0.00
0.00
0.00
0.00
0.00
0.00
0.00
0.00
0.00
0.00
0.00
0.00
0.00
0.00
0.00
0.00
0.00
0.00
0.00
0.00
0.00
0.00
0.00
0.00
0.00
0.00
0.00
0.00
0.00
0.00
0.00
0.00
0.00
0.00
0.00
0.00
0.00
0.00
0.00
0.00
0.00
0.00
0.00
0.00
0.00
0.00
0.00
0.00
0.00
0.00
0.00
0.00
0.00
0.00
0.00
0.00
0.00
0.00
0.00
0.00
0.00
0.00
0.00
0.00
0.00
0.00
0.00
0.00
0.00
0.00
0.00
0.00
0.00
0.00
0.00
0.00
0.00
0.00
0.00
0.00
0.00
0.00
0.00
0.00
0.00
0.00
0.00
0.00
0.00
0.00
0.00
0.00
0.00
0.00
0.00
0.00
0.00
0.00
0.00
0.00
0.00
0.00
0.00
0.00
0.00
0.00
0.00
0.00
0.00
0.00
0.00
0.00
0.00
0.00
0.00
0.00
0.00
0.00
0.00
0.00
0.00
0.00
0.00
0.00
0.00
0.00
0.00
0.00
0.00
0.00
0.00
0.00
0.00
0.00
0.00
0.00
0.00
0.00
0.00
0.00
0.00
0.00
0.00
0.00
0.00
0.00
0.00
0.00
0.00
0.00
0.00
0.00
0.00
0.00
0.00
0.00
0.00
0.00
0.00
0.00
0.00
0.00
0.00
0.00
0.00
0.00
0.00
0.00
0.00
0.00
0.00
0.00
0.00
0.00
0.00
0.00
0.00
0.00
0.00
0.00
0.00
0.00
0.00
0.00
0.00
0.00
0.00
0.00
0.00
0.00
0.00
0.00
0.00
0.00
0.00
0.00
0.00
0.00
0.00
0.00
0.00
0.00
0.00
0.00
0.00
0.00
0.00
0.00
0.00
0.00
0.00
0.00
0.00
0.00
0.00
0.00
0.00
0.00
0.00
0.00
0.00
0.00
0.00
0.00
0.00
0.00
0.00
0.00
0.00
0.00
0.00
0.00
0.00
0.00
0.00
0.00
0.00
0.00
0.00
0.00
0.00
0.00
0.00
0.00
0.00
0.00
0.00
0.00
0.00
0.00
0.00
0.00
0.00
0.00
0.00
0.00
0.00
0.00
0.00
0.00
0.00
0.00
0.00
0.00
0.00
0.00
0.00
0.00
0.00
0.00
0.00
0.00
0.00
0.00
0.00
0.00
0.00
0.00
0.00
0.00
0.00
0.00
0.00
0.00
0.00
0.00
0.00
0.00
0.00
0.00
0.00
0.00
0.00
0.00
0.00
0.00
0.00
0.00
0.00
0.00
0.00
0.00
0.00
0.00
0.00
0.00
0.00
0.00
0.00
0.00
0.00
0.00
0.00
0.00
0.00
0.00
0.00
0.00
0.00
0.00
0.00
0.00
0.00
0.00
0.00
0.00
0.00
0.00
0.00
0.00
0.00
0.00
0.00
0.00
0.00
0.00
0.00
0.00
0.00
0.00
0.00
0.00
0.00
0.00
0.00
0.00
0.00
0.00
0.00
0.00
0.00
0.00
0.00
0.00
0.00
0.00
0.00
0.00
0.00
0.00
0.00
0.00
0.00
0.00
0.00
0.00
0.00
0.00
0.00
0.00
0.00
0.00
0.00
0.00
0.00
0.00
0.00
0.00
0.00
0.00
0.00
0.00
0.00
0.00
0.00
0.00
0.00
0.00
0.00
0.00
0.00
0.00
0.00
0.00
0.00
0.00
0.00
0.00
0.00
0.00
0.00
0.00
0.00
0.00
0.00
0.00
0.00
0.00
0.00
0.00
0.00
0.00
0.00
0.00
0.00
0.00
0.00
0.00
0.00
0.00
0.00
0.00
0.00
0.00
0.00
0.00
0.00
0.00
0.00
0.00
0.00
0.00
0.00
0.00
0.00
0.00
0.00
0.00
0.00
0.00
0.00
0.00
0.00
0.00
0.00
0.00
0.00
0.00
0.00
0.00
0.00
0.00
0.00
0.00
0.00
0.00
0.00
0.00
0.00
0.00
0.00
0.00
0.00
0.00
0.00
0.00
0.00
0.00
0.00
0.00
0.00
0.00
0.00
0.00
0.00
0.00
0.00
0.00
0.00
0.00
0.00
0.00
0.00
0.00
0.00
0.00
0.00
0.00
0.00
0.00
0.00
0.00
0.00
0.00
0.00
0.00
0.00
0.00
0.00
0.00
0.00
0.00
0.00
0.00
0.00
0.00
0.00
0.00
0.00
0.00
0.00
0.00
0.00
0.00
0.00
0.00
0.00
0.00
0.00
623.03
0.00
0.00
0.00
0.00
0.00
0.00
0.00
0.00
0.00
0.00
0.00
0.00
0.00
0.00
0.00
0.00
0.00
0.00
0.00
0.00
0.00
0.00
0.00
0.00
0.00
0.00
0.00
0.00
0.00
0.00
0.00
0.00
0.00
0.00
0.00
0.00
0.00
0.00
0.00
0.00
0.00
0.00
0.00
0.00
0.00
0.00
0.00
0.00
0.00
0.00
0.00
0.00
0.00
0.00
0.00
0.00
0.00
0.00
0.00
0.00
0.00
0.00
0.00
0.00
0.00
0.00
0.00
0.00
0.00
0.00
0.00
0.00
0.00
0.00
0.00
0.00
0.00
0.00
0.00
0.00
0.00
0.00
0.00
0.00
0.00
0.00
0.00
0.00
0.00
0.00
0.00
0.00
0.00
0.00
0.00
0.00
0.00
0.00
0.00
0.00
0.00
0.00
0.00
0.00
0.00
0.00
0.00
0.00
