0.00
0.00
0.00
0.00
0.00
0.00
647.47
0.00
0.00
89.99
0.00
0.00
707.68
0.00
995.15
0.00
0.00
370.10
628.00
0.00
0.00
63.50
0.00
498.22
618.82
858.30
0.00
503.38
0.00
0.00
885.55
0.00
0.00
0.00
0.00
0.00
903.87
770.65
0.00
0.00
656.69
0.00
833.11
284.99
0.00
0.00
0.00
0.00
689.95
0.00
393.31
0.00
0.00
0.00
479.06
0.00
0.00
0.00
752.35
0.00
511.22
0.00
290.07
0.00
0.00
0.00
404.69
86.07
0.00
0.00
0.00
204.48
720.31
0.00
324.21
0.00
0.00
0.00
759.34
575.21
0.00
468.79
0.00
0.00
559.44
363.83
0.00
0.00
0.00
0.00
886.46
0.00
0.00
0.00
869.92
0.00
692.33
0.00
813.54
0.00
895.48
0.00
909.27
0.00
411.06
0.00
150.82
0.00
0.00
0.00
480.23
971.07
580.71
0.00
0.00
85.40
0.00
0.00
26.34
0.00
0.00
93.35
0.00
0.00
254.13
0.00
0.00
82.84
0.00
895.90
0.00
0.00
0.00
81.62
0.00
0.00
1052.22
0.00
0.00
116.81
695.88
0.00
0.00
0.00
0.00
119.22
703.85
911.01
605.25
0.00
0.00
109.89
0.00
0.00
0.00
0.00
0.00
91.01
0.00
532.22
0.00
0.00
0.00
63.19
0.00
232.54
589.91
0.00
0.00
67.43
0.00
1065.56
691.30
0.00
0.00
53.38
81.75
0.00
410.70
0.00
0.00
95.01
0.00
0.00
802.96
273.47
133.52
100.16
0.00
121.93
660.86
0.00
0.00
73.79
0.00
965.59
589.11
0.00
0.00
116.93
685.35
644.81
0.00
0.00
380.11
91.32
860.34
0.00
0.00
0.00
0.00
119.94
893.16
0.00
855.21
0.00
0.00
0.00
0.00
0.00
0.00
0.00
0.00
947.60
167.55
118.44
0.00
0.00
0.00
0.00
183.13
585.28
210.03
611.06
775.26
0.00
162.51
430.14
0.00
1035.48
0.00
0.00
160.13
248.97
0.00
0.00
0.00
307.59
229.15
0.00
0.00
0.00
0.00
0.00
233.90
117.17
0.00
0.00
0.00
432.73
215.59
0.00
0.00
670.75
0.00
0.00
178.54
0.00
148.94
0.00
0.00
0.00
123.97
492.44
0.00
0.00
0.00
0.00
132.29
0.00
0.00
0.00
0.00
0.00
104.72
0.00
0.00
0.00
755.44
0.00
186.39
0.00
0.00
865.90
0.00
0.00
196.50
648.99
0.00
1014.54
0.00
799.88
144.77
0.00
0.00
953.74
0.00
2.24
229.39
0.00
778.35
0.00
0.00
0.00
179.16
0.00
734.51
0.00
0.00
0.00
235.29
0.00
0.00
789.97
0.00
0.00
0.00
0.00
0.00
0.00
0.00
0.00
817.89
246.85
0.00
0.00
774.73
0.00
0.00
269.81
0.00
0.00
0.00
0.00
0.00
239.43
0.00
837.55
0.00
167.21
0.00
235.93
363.69
0.00
0.00
0.00
0.00
337.62
0.00
0.00
541.84
1068.36
0.00
344.61
0.00
223.02
643.34
32.22
0.00
317.63
0.00
0.00
556.40
0.00
0.00
263.05
0.00
0.00
707.14
0.00
0.00
182.64
421.72
0.00
0.00
955.58
538.52
194.91
0.00
0.00
0.00
1080.67
0.00
154.29
0.00
0.00
0.00
0.00
0.00
274.62
773.81
0.00
0.00
0.00
0.00
289.50
0.00
273.16
0.00
0.00
0.00
213.29
0.00
0.00
1012.98
0.00
0.00
337.97
0.00
449.70
0.00
728.90
0.00
263.96
0.00
0.00
0.00
0.00
0.00
346.67
836.44
0.00
0.00
0.00
0.00
0.00
0.00
0.00
0.00
524.81
338.39
784.61
602.04
0.00
0.00
0.00
0.00
0.00
658.03
0.00
0.00
878.80
0.00
0.00
583.93
0.00
0.00
0.00
0.00
60.12
575.40
0.00
0.00
0.00
0.00
0.00
823.41
802.51
972.64
0.00
0.00
0.00
840.46
0.00
0.00
0.00
0.00
0.00
774.66
0.00
0.00
0.00
892.68
0.00
641.54
0.00
0.00
557.84
0.00
0.00
445.45
968.42
0.00
0.00
0.00
0.00
475.36
0.00
0.00
0.00
0.00
509.80
376.30
454.63
0.00
0.00
0.00
0.00
669.77
366.52
0.00
0.00
238.56
0.00
706.06
0.00
0.00
656.15
0.00
0.00
520.19
0.00
0.00
0.00
1053.13
0.00
824.26
268.97
0.00
143.27
0.00
42.35
643.76
0.00
0.00
0.00
0.00
0.00
845.48
0.00
0.00
0.00
0.00
0.00
0.00
0.00
0.00
0.00
0.00
0.00
0.00
637.61
198.03
781.26
0.00
0.00
625.35
696.90
1044.32
0.00
0.00
407.23
0.00
618.43
0.00
0.00
0.00
0.00
0.00
609.39
0.00
0.00
0.00
0.00
0.00
872.06
0.00
467.73
0.00
0.00
0.00
890.11
0.00
0.00
701.92
0.00
809.15
820.42
92.59
0.00
0.00
0.00
0.00
679.44
0.00
0.00
627.71
0.00
0.00
471.76
0.00
0.00
0.00
817.14
0.00
503.44
0.00
0.00
639.17
331.25
784.36
398.53
0.00
0.00
0.00
0.00
0.00
709.34
0.00
0.00
192.15
447.35
0.00
747.78
0.00
0.00
0.00
0.00
0.00
550.92
0.00
0.00
758.56
0.00
0.00
872.96
0.00
0.00
887.84
0.00
0.00
681.79
805.64
0.00
713.66
0.00
322.49
895.42
0.00
0.00
0.00
0.00
0.00
0.00
0.00
0.00
0.00
679.43
0.00
0.00
617.97
0.00
0.00
0.00
0.00
0.00
538.29
0.00
0.00
0.00
0.00
676.32
529.11
992.06
27.49
0.00
0.00
0.00
795.84
961.99
0.00
804.72
563.48
0.00
814.17
0.00
0.00
0.00
0.00
0.00
743.41
0.00
0.00
0.00
0.00
0.00
600.24
0.00
0.00
0.00
0.00
0.00
389.35
0.00
0.00
0.00
0.00
0.00
421.52
0.00
392.60
0.00
444.59
0.00
314.99
0.00
0.00
317.67
577.89
0.00
630.60
726.25
153.29
0.00
334.45
370.22
669.64
87.12
0.00
0.00
0.00
0.00
469.74
0.00
0.00
0.00
0.00
0.00
796.75
0.00
0.00
0.00
0.00
255.18
602.63
0.00
0.00
0.00
218.08
0.00
819.57
0.00
537.71
0.00
0.00
0.00
0.00
0.00
0.00
0.00
0.00
0.00
0.00
0.00
8.35
0.00
423.49
0.00
0.00
81.51
0.00
0.00
216.77
0.00
0.00
71.00
677.68
361.69
0.00
0.00
0.00
69.79
595.88
0.00
0.00
0.00
0.00
104.97
0.00
0.00
643.48
0.00
193.05
107.39
0.00
0.00
0.00
906.86
486.69
98.06
0.00
0.00
0.00
787.31
0.00
79.17
0.00
0.00
0.00
0.00
0.00
51.36
0.00
0.00
0.00
932.60
554.91
55.60
0.00
0.00
0.00
0.00
224.75
41.55
547.66
0.00
0.00
0.00
845.89
83.18
0.00
0.00
1084.18
0.00
39.67
88.33
0.00
541.79
698.02
521.63
0.00
61.96
0.00
0.00
0.00
817.05
0.00
105.10
0.00
0.00
0.00
0.00
0.00
79.49
541.61
207.12
0.00
649.04
274.31
108.10
0.00
452.67
841.62
0.00
0.00
0.00
0.00
0.00
0.00
0.00
0.00
0.00
0.00
0.00
0.00
345.16
0.00
0.00
159.91
340.18
0.00
569.33
0.00
1079.98
139.29
281.02
524.26
0.00
0.00
0.00
136.92
0.00
916.09
0.00
318.96
0.00
205.94
0.00
0.00
0.00
1040.58
546.31
210.68
853.31
0.00
753.45
0.00
681.92
192.37
767.24
0.00
0.00
0.00
0.00
155.33
0.00
0.00
0.00
0.00
637.86
100.75
0.00
0.00
611.22
0.00
0.00
109.08
80.27
0.00
0.00
0.00
0.00
81.51
0.00
0.00
0.00
391.58
0.00
163.18
359.81
0.00
0.00
0.00
0.00
173.28
0.00
0.00
0.00
764.92
0.00
121.55
0.00
979.08
0.00
474.42
0.00
206.18
0.00
0.00
6.94
0.00
0.00
155.94
0.00
160.18
0.00
1087.17
0.00
212.08
1055.24
0.00
0.00
0.00
0.00
0.00
0.00
0.00
0.00
0.00
0.00
0.00
0.00
18.11
0.00
0.00
0.00
0.00
235.61
0.00
466.03
0.00
0.00
0.00
205.23
0.00
264.21
0.00
0.00
0.00
201.73
0.00
0.00
0.00
0.00
0.00
303.42
0.00
0.00
0.00
887.13
0.00
310.41
0.00
0.00
0.00
0.00
0.00
283.43
0.00
0.00
0.00
0.00
0.00
228.85
165.68
89.76
0.00
220.10
0.00
148.44
0.00
733.50
0.00
0.00
0.00
160.71
0.00
0.00
0.00
0.00
0.00
120.09
0.00
0.00
0.00
0.00
0.00
240.42
0.00
0.00
0.00
953.48
0.00
255.30
0.00
0.00
495.21
0.00
1084.12
179.09
0.00
130.61
0.00
0.00
0.00
303.77
0.00
0.00
0.00
607.88
154.50
229.75
0.00
572.72
0.00
0.00
0.00
312.46
0.00
0.00
0.00
0.00
0.00
0.00
0.00
0.00
0.00
0.00
0.00
0.00
0.00
637.26
0.00
0.00
790.98
0.00
574.62
0.00
0.00
895.16
987.68
0.00
500.52
504.32
0.00
0.00
0.00
380.32
491.99
0.00
0.00
539.58
547.41
0.00
740.00
0.00
0.00
0.00
352.55
0.00
757.04
0.00
571.76
0.00
0.00
0.00
691.25
0.00
0.00
0.00
344.34
70.90
558.13
939.79
0.00
0.00
0.00
0.00
362.04
0.00
0.00
0.00
0.00
0.00
391.94
0.00
0.00
0.00
0.00
0.00
292.89
0.00
0.00
723.53
529.36
0.00
586.36
0.00
0.00
871.23
0.00
0.00
622.65
0.00
0.00
0.00
0.00
560.89
436.78
0.00
0.00
0.00
0.00
0.00
740.85
0.00
0.00
59.57
183.29
0.00
560.34
628.48
0.00
0.00
594.26
0.00
762.06
0.00
0.00
0.00
0.00
0.00
0.00
0.00
0.00
0.00
0.00
0.00
0.00
0.00
0.00
0.00
845.74
0.00
488.60
608.56
0.00
0.00
286.06
116.22
0.00
530.09
0.00
0.00
0.00
0.00
0.00
521.05
0.00
344.03
0.00
0.00
0.00
783.72
0.00
0.00
0.00
484.52
0.00
801.77
0.00
0.00
973.27
1072.62
0.00
732.09
0.00
0.00
63.00
0.00
0.00
591.10
0.00
0.00
9.41
551.60
0.00
383.42
0.00
0.00
500.85
0.00
0.00
415.10
0.00
580.83
0.00
0.00
0.00
310.19
0.00
0.00
658.46
0.00
0.00
621.00
0.00
0.00
971.27
0.00
0.00
659.44
0.00
0.00
0.00
254.17
219.44
462.58
0.00
0.00
0.00
0.00
0.00
784.62
0.00
0.00
0.00
0.00
0.00
593.45
0.00
790.82
0.00
643.44
0.00
807.09
0.00
0.00
0.00
0.00
0.00
0.00
0.00
0.00
0.00
0.00
0.00
0.00
0.00
0.00
932.10
0.00
0.00
0.00
598.50
0.00
0.00
31.66
0.00
0.00
589.32
0.00
0.00
0.00
0.00
406.65
856.05
0.00
0.00
0.00
0.00
0.00
874.38
178.13
0.00
0.00
0.00
206.06
803.62
0.00
0.00
343.83
510.43
9.47
660.45
0.00
0.00
740.80
0.00
396.48
449.56
0.00
0.00
0.00
0.00
0.00
481.73
0.00
0.00
0.00
0.00
0.00
375.20
352.69
0.00
0.00
0.00
37.48
690.81
0.00
294.43
0.00
0.00
592.23
729.85
0.00
129.81
0.00
117.05
0.00
529.95
0.00
0.00
0.00
0.00
0.00
856.96
720.61
273.23
456.31
926.20
760.29
662.84
0.00
919.79
0.00
0.00
0.00
879.78
568.44
0.00
0.00
0.00
405.26
0.00
0.00
0.00
0.00
0.00
0.00
0.00
0.00
0.00
0.00
0.00
0.00
0.00
0.00
880.18
0.00
0.00
0.00
0.00
78.94
0.00
989.80
0.00
0.00
0.00
77.73
0.00
0.00
0.00
0.00
0.00
112.92
0.00
0.00
0.00
0.00
0.00
115.33
0.00
0.00
0.00
0.00
0.00
106.00
709.44
0.00
0.00
0.00
0.00
87.12
0.00
0.00
0.00
474.80
0.00
59.30
422.65
0.00
381.50
0.00
126.76
63.54
0.00
0.00
498.33
0.00
534.35
49.49
0.00
0.00
0.00
0.00
480.82
91.12
0.00
27.56
0.00
895.93
0.00
96.27
0.00
0.00
0.00
0.00
400.30
69.90
957.77
0.00
0.00
0.00
0.00
113.04
0.00
0.00
0.00
0.00
1030.14
87.43
0.00
0.00
0.00
896.76
464.43
116.05
0.00
0.00
0.00
0.00
0.00
0.00
0.00
0.00
0.00
0.00
0.00
0.00
0.00
0.00
0.00
0.00
0.00
0.00
0.00
0.00
863.81
0.00
977.79
0.00
154.87
0.00
0.00
0.00
379.03
0.00
152.50
489.72
0.00
0.00
256.09
0.00
221.52
230.99
0.00
144.94
0.00
0.00
226.26
0.00
0.00
0.00
234.42
664.49
207.95
0.00
0.00
764.10
0.00
0.00
170.91
0.00
0.00
1019.05
529.42
0.00
116.33
269.94
570.87
0.00
0.00
0.00
124.66
0.00
0.00
0.00
108.69
0.00
97.09
293.81
0.00
0.00
0.00
0.00
178.76
0.00
0.00
0.00
0.00
247.16
188.86
14.01
0.00
920.60
0.00
0.00
137.14
887.71
433.53
610.13
0.00
595.40
221.76
0.00
323.78
0.00
0.00
0.00
171.52
509.21
989.25
0.00
0.00
0.00
227.66
0.00
707.24
0.00
0.00
0.00
0.00
0.00
0.00
0.00
0.00
0.00
0.00
0.00
0.00
0.00
0.00
0.00
0.00
0.00
0.00
0.00
0.00
0.00
0.00
228.18
997.23
0.00
268.08
0.00
0.00
224.68
0.00
0.00
0.00
343.71
0.00
326.37
495.83
0.00
0.00
0.00
928.76
333.36
0.00
0.00
0.00
0.00
0.00
306.38
0.00
75.03
457.13
0.00
0.00
251.80
0.00
0.00
0.00
703.31
787.65
171.40
0.00
0.00
0.00
0.00
0.00
183.66
1047.47
647.87
0.00
911.47
0.00
143.05
151.74
417.24
0.00
0.00
0.00
263.38
0.00
0.00
0.00
0.00
0.00
278.26
0.00
174.57
0.00
0.00
0.00
202.05
0.00
650.01
0.00
0.00
0.00
326.72
0.00
0.00
797.46
0.00
1007.01
252.71
943.52
405.34
0.00
0.00
499.55
335.42
303.46
0.00
0.00
0.00
0.00
0.00
0.00
0.00
0.00
0.00
0.00
0.00
0.00
0.00
0.00
0.00
0.00
0.00
0.00
0.00
0.00
0.00
0.00
0.00
556.51
0.00
398.85
0.00
1011.85
0.00
547.97
0.00
626.64
0.00
801.81
514.31
795.99
0.00
0.00
0.00
0.00
0.00
813.03
0.00
0.00
0.00
1053.82
789.53
747.23
0.00
0.00
441.57
0.00
0.00
614.11
0.00
0.00
0.00
0.00
293.46
418.02
0.00
0.00
0.00
0.00
0.00
447.93
0.00
0.00
0.00
757.48
0.00
348.88
0.00
0.00
0.00
0.00
661.69
642.34
0.00
975.31
576.38
0.00
0.00
678.64
203.61
0.00
0.00
0.00
0.00
492.77
0.00
817.36
0.00
0.00
509.59
796.84
902.10
0.00
0.00
0.00
0.00
616.33
950.32
0.00
0.00
0.00
0.00
818.05
0.00
0.00
0.00
0.00
0.00
0.00
0.00
0.00
0.00
0.00
0.00
0.00
0.00
0.00
0.00
0.00
0.00
0.00
0.00
463.00
771.27
0.00
0.00
887.02
589.39
0.00
0.00
552.07
0.00
0.00
580.35
0.00
0.00
0.00
21.08
345.71
843.01
0.00
0.00
0.00
353.50
0.00
861.06
0.00
0.00
127.23
964.70
0.00
791.38
0.00
0.00
0.00
0.00
0.00
650.39
0.00
0.00
0.00
0.00
0.00
442.72
0.00
0.00
0.00
0.00
0.00
474.39
991.53
0.00
0.00
1068.31
0.00
369.49
0.00
0.00
0.00
0.00
0.00
680.29
0.00
0.00
0.00
0.00
0.00
718.73
0.00
0.00
851.90
765.42
0.00
521.88
0.00
0.00
0.00
0.00
0.00
843.91
0.00
0.00
823.58
0.00
0.00
652.74
0.00
0.00
0.00
235.34
0.00
866.38
0.00
0.00
0.00
0.00
0.00
0.00
0.00
0.00
0.00
0.00
0.00
0.00
0.00
0.00
0.00
0.00
0.00
0.00
0.00
361.35
0.00
192.92
0.00
0.00
509.64
0.00
1048.39
0.00
0.00
0.00
776.37
0.00
0.00
0.00
680.37
0.00
794.70
0.00
867.21
0.00
0.00
321.87
723.94
643.56
915.90
0.00
0.00
0.00
580.77
0.00
0.00
0.00
0.00
0.00
369.88
947.46
0.00
0.00
0.00
0.00
402.05
0.00
0.00
0.00
0.00
0.00
295.52
0.00
0.00
0.00
0.00
0.00
611.13
0.00
789.81
0.00
0.00
0.00
650.17
0.00
0.00
0.00
830.30
238.02
450.27
0.00
0.00
0.00
0.00
0.00
777.28
337.69
0.00
0.00
1087.51
0.00
583.16
0.00
0.00
918.98
0.00
607.65
800.10
0.00
0.00
216.34
0.00
0.00
0.00
0.00
0.00
0.00
0.00
0.00
0.00
0.00
0.00
0.00
0.00
0.00
0.00
0.00
0.00
0.00
0.00
0.00
0.00
0.00
0.00
0.00
769.67
0.00
0.00
67.22
976.33
0.00
0.00
0.00
0.00
102.41
0.00
0.00
61.29
0.00
0.00
104.82
0.00
0.00
0.00
0.00
0.00
95.49
0.00
0.00
570.03
0.00
0.00
76.61
0.00
0.00
0.00
484.67
0.00
48.79
615.68
0.00
0.00
0.00
0.00
53.03
0.00
933.31
0.00
0.00
0.00
38.98
440.69
0.00
0.00
0.00
0.00
80.61
714.21
0.00
0.00
0.00
0.00
85.76
0.00
0.00
666.52
0.00
953.51
59.39
0.00
0.00
0.00
0.00
0.00
102.53
0.00
0.00
0.00
0.00
437.28
76.92
0.00
168.57
0.00
0.00
0.00
105.54
0.00
0.00
0.00
0.00
0.00
0.00
0.00
0.00
0.00
0.00
0.00
0.00
0.00
0.00
0.00
0.00
0.00
0.00
0.00
0.00
0.00
0.00
0.00
0.00
0.00
0.00
0.00
861.34
572.81
0.00
131.88
102.87
0.00
0.00
0.00
735.15
200.90
0.00
0.00
0.00
0.00
0.00
205.64
714.42
0.00
0.00
445.80
0.00
187.33
855.38
0.00
0.00
0.00
0.00
150.29
0.00
1008.70
0.00
0.00
0.00
95.71
0.00
0.00
0.00
1054.01
0.00
104.04
0.00
0.00
0.00
0.00
0.00
76.47
443.94
0.00
0.00
0.00
1015.89
158.14
0.00
0.00
0.00
0.00
0.00
168.24
0.00
0.00
0.00
0.00
838.90
116.52
0.00
0.00
0.00
893.08
46.69
201.14
0.00
0.00
198.53
0.00
0.00
150.90
0.00
0.00
0.00
0.00
993.86
207.04
0.00
0.00
0.00
0.00
0.00
0.00
0.00
0.00
0.00
0.00
0.00
0.00
0.00
0.00
0.00
0.00
0.00
0.00
0.00
0.00
0.00
0.00
0.00
0.00
0.00
0.00
0.00
0.00
892.28
828.76
194.30
0.00
0.00
0.00
0.00
0.00
295.99
12.34
849.18
89.16
0.00
954.53
302.98
0.00
949.01
570.19
0.00
0.00
276.00
941.50
235.77
328.74
0.00
0.00
221.42
912.49
320.81
0.00
0.00
0.00
141.02
0.00
0.00
0.00
0.00
327.34
153.28
0.00
0.00
0.00
0.00
436.85
112.67
0.00
0.00
415.55
0.00
0.00
233.00
367.70
0.00
0.00
0.00
0.00
247.88
0.00
852.14
768.68
644.49
0.00
171.67
0.00
0.00
290.92
0.00
0.00
296.34
0.00
0.00
0.00
0.00
616.91
222.33
0.00
0.00
0.00
0.00
1029.05
305.04
228.16
0.00
0.00
0.00
0.00
0.00
0.00
0.00
0.00
0.00
0.00
0.00
0.00
0.00
0.00
0.00
0.00
0.00
0.00
0.00
0.00
0.00
0.00
0.00
0.00
0.00
0.00
0.00
572.74
0.00
473.88
0.00
0.00
0.00
0.00
0.00
721.90
0.00
0.00
804.77
496.37
0.00
738.94
215.44
0.00
0.00
0.00
535.39
673.14
0.00
0.00
0.00
0.00
952.03
540.02
0.00
93.25
239.54
0.00
0.00
343.93
0.00
0.00
0.00
0.00
474.07
373.84
0.00
0.00
0.00
572.05
0.00
274.78
457.03
179.16
665.71
868.34
88.24
568.25
12.47
0.00
132.53
789.71
538.89
604.55
0.00
0.00
0.00
155.65
0.00
418.67
0.00
104.46
0.00
0.00
0.00
722.75
0.00
0.00
958.11
562.24
0.00
542.24
0.00
0.00
0.00
590.67
0.00
743.96
0.00
0.00
0.00
0.00
0.00
0.00
0.00
0.00
0.00
0.00
0.00
0.00
0.00
0.00
0.00
0.00
0.00
0.00
0.00
0.00
0.00
0.00
0.00
0.00
0.00
0.00
0.00
0.00
0.00
0.00
501.88
56.44
0.00
1000.07
0.00
0.00
764.55
0.00
0.00
0.00
0.00
0.00
782.59
0.00
0.00
0.00
0.00
0.00
712.91
0.00
0.00
0.00
0.00
0.00
571.92
0.00
78.72
888.45
0.00
0.00
364.25
0.00
0.00
0.00
886.76
0.00
395.92
0.00
967.44
0.00
0.00
0.00
291.02
1039.76
657.72
0.00
0.00
0.00
601.82
0.00
0.00
0.00
0.00
0.00
640.26
0.00
0.00
392.79
0.00
0.00
443.41
1012.18
0.00
0.00
0.00
0.00
765.44
0.00
0.00
0.00
0.00
0.44
574.27
0.00
0.00
0.00
0.00
0.00
787.91
0.00
0.00
0.00
0.00
0.00
0.00
0.00
0.00
0.00
0.00
0.00
0.00
0.00
0.00
0.00
0.00
0.00
0.00
0.00
0.00
0.00
0.00
0.00
0.00
0.00
1054.35
112.35
0.00
0.00
0.00
767.19
0.00
0.00
0.00
181.79
0.00
785.52
0.00
0.00
0.00
0.00
0.00
714.76
0.00
0.00
0.00
476.82
0.00
571.59
0.00
0.00
450.27
0.00
905.42
360.70
0.00
0.00
0.00
0.00
0.00
392.87
0.00
0.00
0.00
228.77
0.00
286.34
0.00
0.00
0.00
559.57
0.00
601.95
0.00
1062.80
0.00
0.00
0.00
640.99
0.00
0.00
628.88
0.00
0.00
441.09
0.00
0.00
0.00
0.00
217.36
768.10
0.00
290.33
0.00
0.00
0.00
573.98
0.00
0.00
0.00
0.00
0.00
790.92
0.00
60.91
0.00
0.00
30.71
0.00
0.00
0.00
0.00
0.00
0.00
0.00
0.00
0.00
0.00
0.00
0.00
0.00
0.00
0.00
0.00
0.00
0.00
0.00
0.00
0.00
0.00
0.00
0.00
0.00
0.00
0.00
1073.98
0.00
0.00
0.00
101.20
0.00
0.00
0.00
0.00
0.00
103.61
0.00
0.00
0.00
0.00
0.00
94.28
0.00
644.81
345.47
0.00
1037.34
75.40
0.00
0.00
0.00
0.00
0.00
47.58
0.00
0.00
0.00
0.00
0.00
51.82
0.00
0.00
128.16
0.00
0.00
37.77
203.57
0.00
0.00
528.53
0.00
79.40
1013.10
0.00
391.94
331.45
0.00
84.55
0.00
232.68
0.00
0.00
0.00
58.18
0.00
0.00
0.00
0.00
0.00
101.32
0.00
0.00
0.00
0.00
0.00
75.71
0.00
0.00
0.00
0.00
0.00
104.33
0.00
0.00
915.94
0.00
0.00
0.00
0.00
0.00
0.00
0.00
0.00
0.00
0.00
0.00
0.00
0.00
0.00
0.00
0.00
0.00
0.00
0.00
0.00
0.00
0.00
0.00
0.00
0.00
0.00
0.00
0.00
469.02
0.00
0.00
0.00
0.00
198.53
498.09
0.00
0.00
419.28
721.11
203.27
245.29
184.84
0.00
10.57
607.27
184.96
0.00
0.00
0.00
0.00
0.00
147.91
0.00
0.00
0.00
0.00
0.00
93.34
0.00
0.00
0.00
641.42
0.00
101.66
0.00
0.00
0.00
0.00
0.00
74.10
200.72
0.00
0.00
0.00
0.00
155.77
922.65
0.00
0.00
0.00
0.00
165.87
0.00
0.00
801.49
356.21
0.00
114.14
0.00
0.00
506.02
130.17
0.00
198.76
0.00
607.20
573.72
0.00
0.00
148.53
0.00
0.00
0.00
0.00
0.00
204.67
0.00
774.26
0.00
0.00
0.00
0.00
0.00
0.00
0.00
0.00
0.00
0.00
0.00
0.00
0.00
0.00
0.00
0.00
0.00
0.00
0.00
0.00
0.00
0.00
0.00
0.00
0.00
0.00
0.00
0.00
0.00
168.60
322.97
552.89
0.00
0.00
292.50
0.00
975.28
0.00
0.00
0.00
299.48
0.00
387.51
0.00
0.00
757.42
272.51
0.00
0.00
0.00
818.15
0.00
217.92
0.00
0.00
0.00
34.04
0.00
137.52
1014.94
0.00
0.00
0.00
560.26
149.78
0.00
0.00
0.00
0.00
895.61
109.17
0.00
0.00
0.00
0.00
0.00
229.50
0.00
674.08
0.00
0.00
701.31
244.38
0.00
0.00
0.00
0.00
0.00
168.17
0.00
0.00
0.00
0.00
345.42
292.84
0.00
0.00
0.00
0.00
655.61
218.83
0.00
0.00
0.00
0.00
0.00
301.54
0.00
544.42
0.00
0.00
0.00
0.00
0.00
0.00
0.00
0.00
0.00
0.00
0.00
0.00
0.00
0.00
0.00
0.00
0.00
0.00
0.00
0.00
0.00
0.00
0.00
0.00
0.00
0.00
0.00
0.00
0.00
0.00
0.00
0.00
0.00
0.00
713.36
0.00
0.00
0.00
333.94
0.00
730.40
0.00
0.00
0.00
0.00
0.00
664.61
16.94
0.00
0.00
0.00
0.00
531.49
0.00
0.00
0.00
0.00
0.00
335.40
0.00
0.00
0.00
0.00
0.00
365.30
0.00
0.00
0.00
0.00
0.00
266.25
0.00
0.00
675.05
0.00
0.00
559.72
0.00
0.00
0.00
0.00
585.51
596.01
0.00
0.00
0.00
0.00
0.00
410.14
0.00
0.00
338.60
181.07
0.00
714.21
155.45
834.63
1013.36
0.00
0.00
533.70
0.00
0.00
0.00
709.27
0.00
735.42
0.00
0.00
0.00
0.00
0.00
0.00
0.00
0.00
0.00
0.00
0.00
0.00
0.00
0.00
0.00
0.00
0.00
0.00
0.00
0.00
0.00
0.00
0.00
0.00
0.00
0.00
0.00
0.00
0.00
0.00
0.00
0.00
0.00
0.00
438.24
177.81
755.51
408.73
0.00
444.82
0.00
0.00
773.55
0.00
0.00
0.00
0.00
0.00
703.87
0.00
0.00
0.00
0.00
6.84
562.89
766.13
0.00
0.00
0.00
0.00
355.21
0.00
0.00
773.65
0.00
0.00
386.89
0.00
259.49
0.00
128.20
426.51
281.98
60.39
0.00
0.00
896.14
0.00
592.78
0.00
0.00
1053.12
728.32
0.00
631.22
0.00
0.00
0.00
0.00
0.00
434.37
0.00
480.07
0.00
6.09
120.54
756.40
0.00
0.00
0.00
0.00
0.00
565.23
232.44
0.00
0.00
0.00
0.00
778.87
0.00
0.00
0.00
0.00
0.00
0.00
0.00
0.00
0.00
0.00
0.00
0.00
0.00
0.00
0.00
0.00
0.00
0.00
0.00
0.00
0.00
0.00
0.00
0.00
0.00
0.00
0.00
0.00
0.00
0.00
0.00
0.00
0.00
433.52
0.00
321.28
1052.25
0.00
0.00
0.00
0.00
0.00
981.49
0.00
63.27
0.00
783.17
874.71
838.32
0.00
0.00
0.00
0.00
0.00
627.43
0.00
911.54
0.00
0.00
705.33
659.60
440.78
0.00
1042.33
0.00
0.00
553.07
687.71
0.00
1028.30
1063.21
0.00
868.68
0.00
587.15
0.00
0.00
0.00
907.72
0.00
0.00
167.34
460.12
587.07
707.82
0.00
268.06
41.62
0.00
0.00
1034.83
0.00
395.35
0.00
0.00
0.00
840.71
0.00
0.00
821.18
691.36
0.00
1057.65
956.15
345.17
0.00
623.43
0.00
0.00
0.00
0.00
0.00
0.00
0.00
0.00
0.00
0.00
0.00
0.00
0.00
0.00
0.00
0.00
0.00
0.00
0.00
0.00
0.00
0.00
0.00
0.00
0.00
0.00
0.00
0.00
0.00
0.00
0.00
0.00
0.00
0.00
0.00
97.88
966.32
0.00
138.80
289.98
0.00
0.00
0.00
0.00
129.46
176.36
0.00
0.00
0.00
0.00
110.58
0.00
0.00
772.07
0.00
516.21
82.76
0.00
0.00
0.00
325.76
0.00
87.00
971.45
0.00
0.00
0.00
0.00
72.95
0.00
0.00
147.10
185.17
0.00
114.58
0.00
0.00
0.00
0.00
0.00
119.73
0.00
0.00
0.00
0.00
0.00
93.36
0.00
0.00
0.00
0.00
312.78
136.50
0.00
0.00
0.00
0.00
410.69
110.89
0.00
578.61
270.67
0.00
0.00
139.51
487.64
0.00
0.00
0.00
0.00
0.00
0.00
0.00
0.00
0.00
0.00
0.00
0.00
0.00
0.00
0.00
0.00
0.00
0.00
0.00
0.00
0.00
0.00
0.00
0.00
0.00
0.00
0.00
0.00
0.00
0.00
0.00
0.00
0.00
0.00
0.00
0.00
0.00
902.15
0.00
0.00
0.00
272.29
0.00
0.00
0.00
631.28
414.61
253.98
0.00
0.00
99.59
0.00
0.00
216.93
691.14
465.85
0.00
923.47
15.51
162.36
0.00
0.00
0.00
0.00
0.00
170.68
0.00
681.89
725.22
0.00
702.61
143.12
43.43
0.00
246.40
0.00
0.00
224.79
0.00
318.02
13.08
0.00
0.00
234.89
0.00
0.00
0.00
0.00
0.00
183.16
0.00
992.50
0.00
0.00
187.66
267.78
0.00
0.00
0.00
0.00
525.20
217.55
92.49
0.00
0.00
0.00
0.00
273.69
0.00
979.38
0.00
0.00
0.00
0.00
0.00
0.00
0.00
0.00
0.00
0.00
0.00
0.00
0.00
0.00
0.00
0.00
0.00
0.00
0.00
0.00
0.00
0.00
0.00
0.00
0.00
0.00
0.00
0.00
0.00
0.00
0.00
0.00
0.00
0.00
0.00
864.14
0.00
1065.65
0.00
0.00
401.17
0.00
0.00
0.00
175.61
245.52
374.20
0.00
245.69
819.55
0.00
0.00
319.61
0.00
1027.07
0.00
0.00
0.00
239.21
0.00
0.00
0.00
0.00
0.00
251.48
0.00
0.00
669.24
0.00
0.00
210.86
0.00
0.00
0.00
0.00
196.12
331.19
0.00
0.00
0.00
0.00
0.00
346.07
0.00
0.00
0.00
0.00
0.00
269.86
290.56
682.82
0.00
0.00
0.00
394.54
396.78
0.00
323.59
0.00
0.00
320.52
634.23
0.00
0.00
0.00
0.00
403.23
0.00
171.81
0.00
0.00
0.00
0.00
0.00
0.00
0.00
0.00
0.00
0.00
0.00
0.00
0.00
0.00
0.00
0.00
0.00
0.00
0.00
0.00
0.00
0.00
0.00
0.00
0.00
0.00
0.00
0.00
0.00
0.00
0.00
0.00
0.00
0.00
0.00
0.00
1038.12
815.57
0.00
0.00
978.42
898.38
0.00
202.31
0.00
702.41
912.62
0.00
0.00
650.09
0.00
1068.85
779.50
0.00
834.88
0.00
0.00
0.00
583.41
828.53
0.00
0.00
0.00
0.00
613.32
0.00
1026.27
0.00
0.00
0.00
514.26
0.00
0.00
0.00
0.00
0.00
807.73
0.00
0.00
0.00
0.00
0.00
844.03
7.44
0.00
0.00
964.87
0.00
658.15
650.64
0.00
0.00
0.00
0.00
962.23
0.00
915.27
70.08
0.00
0.00
781.72
0.00
0.00
0.00
0.00
0.00
983.44
0.00
0.00
0.00
0.00
0.00
0.00
0.00
0.00
0.00
0.00
0.00
0.00
0.00
0.00
0.00
0.00
0.00
0.00
0.00
0.00
0.00
0.00
0.00
0.00
0.00
0.00
0.00
0.00
0.00
0.00
0.00
0.00
0.00
0.00
0.00
0.00
0.00
0.00
0.00
0.00
0.00
0.00
1036.22
0.00
0.00
52.35
975.47
0.00
966.54
0.00
0.00
97.53
0.00
145.21
825.55
0.00
0.00
0.00
0.00
0.00
617.88
855.14
0.00
0.00
0.00
0.00
649.55
0.00
823.93
0.00
0.00
0.00
544.64
914.51
0.00
0.00
137.44
0.00
855.45
0.00
0.00
0.00
0.00
0.00
893.89
0.00
0.00
0.00
0.00
0.00
697.04
879.85
25.25
0.00
0.00
0.00
1019.07
0.00
608.79
0.00
0.00
606.09
827.90
0.00
0.00
49.27
0.00
0.00
1041.54
0.00
0.00
0.00
0.00
0.00
0.00
0.00
0.00
0.00
0.00
0.00
0.00
0.00
0.00
0.00
0.00
0.00
0.00
0.00
0.00
0.00
0.00
0.00
0.00
0.00
0.00
0.00
0.00
0.00
0.00
0.00
0.00
0.00
0.00
0.00
0.00
0.00
0.00
657.82
0.00
0.00
758.49
999.81
0.00
0.00
857.03
0.00
0.00
856.65
0.00
0.00
670.00
0.00
165.21
645.76
0.00
0.00
0.00
0.00
0.00
677.93
614.13
0.00
0.00
0.00
974.04
571.40
0.00
0.00
0.00
0.00
0.00
887.01
206.52
0.00
0.00
0.00
0.00
926.04
0.00
0.00
0.00
0.00
0.00
726.14
0.00
0.00
0.00
0.00
0.00
1053.16
198.82
181.05
472.58
0.00
0.00
859.03
0.00
738.27
0.00
0.00
0.00
1075.97
0.00
374.94
0.00
0.00
0.00
0.00
0.00
0.00
0.00
0.00
0.00
0.00
0.00
0.00
0.00
0.00
0.00
0.00
0.00
0.00
0.00
0.00
0.00
0.00
0.00
0.00
0.00
0.00
0.00
0.00
0.00
0.00
0.00
0.00
0.00
0.00
0.00
0.00
0.00
0.00
0.00
0.00
0.00
554.57
0.00
0.00
685.78
0.00
131.88
349.44
183.51
524.35
4.79
457.24
113.00
0.00
0.00
0.00
0.00
0.00
85.18
0.00
62.48
44.65
0.00
0.00
89.42
0.00
0.00
0.00
0.00
0.00
75.37
0.00
0.00
0.00
0.00
0.00
117.00
236.49
0.00
0.00
0.00
0.00
122.15
0.00
728.18
0.00
0.00
0.00
95.78
970.99
0.00
0.00
0.00
688.55
138.92
837.68
1031.36
0.00
524.69
0.00
113.31
0.00
0.00
0.00
0.00
0.00
141.93
0.00
0.00
817.32
510.27
0.00
0.00
0.00
0.00
0.00
0.00
0.00
0.00
0.00
0.00
0.00
0.00
0.00
0.00
0.00
0.00
0.00
0.00
0.00
0.00
0.00
0.00
0.00
0.00
0.00
0.00
0.00
0.00
0.00
0.00
0.00
0.00
0.00
0.00
0.00
0.00
0.00
0.00
0.00
0.00
1000.82
966.24
0.00
0.00
258.72
0.00
0.00
0.00
0.00
0.00
221.68
0.00
0.00
517.89
0.00
0.00
167.10
0.00
0.00
0.00
0.00
0.00
175.43
0.00
948.58
0.00
58.98
0.00
147.86
0.00
0.00
0.00
333.64
0.00
229.53
0.00
0.00
0.00
0.00
0.00
239.63
6.87
0.00
1090.04
0.00
0.00
187.90
0.00
0.00
0.00
516.74
0.00
272.53
0.00
924.35
0.00
0.00
138.02
222.29
0.00
0.00
0.00
0.00
965.89
278.43
0.00
0.00
0.00
0.00
0.00
0.00
0.00
0.00
0.00
0.00
0.00
0.00
0.00
0.00
0.00
0.00
0.00
0.00
0.00
0.00
0.00
0.00
0.00
0.00
0.00
0.00
0.00
0.00
0.00
0.00
0.00
0.00
0.00
0.00
0.00
0.00
0.00
0.00
0.00
0.00
0.00
0.00
0.00
0.00
0.00
0.00
0.00
1052.25
381.18
0.00
0.00
0.00
0.00
0.00
326.60
0.00
0.00
0.00
0.00
0.00
246.20
322.64
0.00
0.00
831.48
0.00
258.46
0.00
0.00
0.00
896.06
0.00
217.85
0.00
0.00
0.00
0.00
0.00
338.18
0.00
0.00
0.00
0.00
908.84
353.06
173.69
0.00
0.00
0.00
255.31
276.85
0.00
0.00
0.00
0.00
0.00
401.52
0.00
0.00
0.00
0.00
495.41
327.51
0.00
0.00
0.00
0.00
247.56
410.22
28.31
338.49
0.00
0.00
0.00
0.00
0.00
0.00
0.00
0.00
0.00
0.00
0.00
0.00
0.00
0.00
0.00
0.00
0.00
0.00
0.00
0.00
0.00
0.00
0.00
0.00
0.00
0.00
0.00
0.00
0.00
0.00
0.00
0.00
0.00
0.00
0.00
0.00
0.00
0.00
0.00
0.00
0.00
0.00
0.00
0.00
0.00
0.00
929.66
0.00
814.83
67.60
0.00
71.91
796.54
932.11
0.00
0.00
0.00
0.00
600.45
0.00
0.00
208.18
0.00
0.00
630.36
0.00
0.00
752.35
620.03
1079.80
531.30
0.00
0.00
0.00
0.00
0.00
824.77
1076.23
1008.74
0.00
0.00
132.13
861.07
0.00
0.00
0.00
0.00
0.00
675.19
253.20
0.00
0.00
0.00
0.00
979.27
0.00
0.00
731.27
461.62
0.00
798.76
0.00
0.00
0.00
0.00
8.41
1000.48
0.00
0.00
0.00
0.00
0.00
0.00
0.00
0.00
0.00
0.00
0.00
0.00
0.00
0.00
0.00
0.00
0.00
0.00
0.00
0.00
0.00
0.00
0.00
0.00
0.00
0.00
0.00
0.00
0.00
0.00
0.00
0.00
0.00
0.00
0.00
0.00
0.00
0.00
0.00
0.00
0.00
0.00
0.00
0.00
0.00
0.00
0.00
247.28
984.59
0.00
0.00
0.00
584.35
1005.69
843.60
0.00
0.00
0.00
0.00
0.00
635.92
0.00
0.00
0.00
0.00
347.48
667.60
0.00
0.00
0.00
0.00
676.34
562.69
0.00
190.13
0.00
0.00
0.00
873.50
0.00
235.88
0.00
0.00
0.00
911.94
679.82
0.00
0.00
0.00
0.00
715.08
0.00
0.00
75.53
0.00
159.48
1037.12
0.00
0.00
0.00
0.00
0.00
845.95
318.62
0.00
0.00
38.97
582.54
1059.59
0.00
0.00
0.00
0.00
0.00
0.00
0.00
0.00
0.00
0.00
0.00
0.00
0.00
0.00
0.00
0.00
0.00
0.00
0.00
0.00
0.00
0.00
0.00
0.00
0.00
0.00
0.00
0.00
0.00
0.00
0.00
0.00
0.00
0.00
0.00
0.00
0.00
0.00
0.00
0.00
0.00
0.00
0.00
0.00
0.00
0.00
377.74
0.00
785.89
0.00
0.00
120.37
0.00
714.71
575.00
0.00
0.00
0.00
0.00
0.00
607.17
0.00
0.00
0.00
712.80
0.00
500.64
0.00
0.00
0.00
889.99
0.00
816.25
0.00
0.00
0.00
1035.62
0.00
855.28
0.00
0.00
0.00
0.00
0.00
655.38
0.00
0.00
0.00
0.00
0.00
982.40
0.00
0.00
0.00
0.00
0.00
788.27
0.00
788.51
0.00
0.00
0.00
1005.21
0.00
0.00
0.00
0.00
0.00
0.00
0.00
0.00
0.00
0.00
0.00
0.00
0.00
0.00
0.00
0.00
0.00
0.00
0.00
0.00
0.00
0.00
0.00
0.00
0.00
0.00
0.00
0.00
0.00
0.00
0.00
0.00
0.00
0.00
0.00
0.00
0.00
0.00
0.00
0.00
0.00
0.00
0.00
0.00
0.00
0.00
0.00
0.00
0.00
0.00
0.00
0.00
0.00
864.47
103.66
0.00
124.50
0.00
0.00
0.00
75.84
0.00
0.00
0.00
86.09
1020.66
80.09
0.00
981.25
0.00
881.44
0.00
66.04
0.00
0.00
0.00
621.16
863.08
107.67
0.00
762.58
0.00
0.00
0.00
112.82
0.00
0.00
0.00
0.00
0.00
86.45
139.81
815.12
0.00
0.00
787.00
129.58
0.00
207.45
0.00
0.00
428.68
103.98
0.00
0.00
728.71
0.00
0.00
132.59
0.00
0.00
1063.68
241.07
0.00
0.00
0.00
0.00
0.00
0.00
0.00
0.00
0.00
0.00
0.00
0.00
0.00
0.00
0.00
0.00
0.00
0.00
0.00
0.00
0.00
0.00
0.00
0.00
0.00
0.00
0.00
0.00
0.00
0.00
0.00
0.00
0.00
0.00
0.00
0.00
0.00
0.00
0.00
0.00
0.00
0.00
0.00
0.00
0.00
0.00
993.19
409.01
807.19
0.00
203.36
563.31
311.66
0.00
0.00
920.19
148.79
1070.40
0.00
0.00
0.00
0.00
157.12
0.00
0.00
695.29
0.00
0.00
129.55
0.00
0.00
0.00
0.00
17.60
211.22
0.00
244.86
646.89
0.00
0.00
221.32
0.00
829.65
0.00
0.00
0.00
169.59
0.00
0.00
0.00
0.00
0.00
254.22
0.00
0.00
0.00
990.73
0.00
203.98
0.00
0.00
0.00
0.00
0.00
260.12
0.00
0.00
1054.66
0.00
0.00
0.00
0.00
0.00
0.00
0.00
0.00
0.00
0.00
0.00
0.00
0.00
0.00
0.00
0.00
0.00
0.00
0.00
0.00
0.00
0.00
0.00
0.00
0.00
0.00
0.00
0.00
0.00
0.00
0.00
0.00
0.00
0.00
0.00
0.00
0.00
0.00
0.00
0.00
0.00
0.00
0.00
0.00
0.00
0.00
348.19
697.23
0.00
0.00
0.00
299.62
0.00
0.00
0.00
0.00
0.00
219.22
0.00
1021.04
0.00
85.65
0.00
231.48
0.00
0.00
0.00
117.58
0.00
190.87
0.00
0.00
0.00
0.00
0.00
311.20
0.00
0.00
757.54
0.00
390.06
326.08
986.40
546.77
0.00
0.00
0.00
249.87
0.00
0.00
0.00
120.31
0.00
374.54
0.00
810.61
0.00
0.00
0.00
300.53
0.00
0.00
303.76
533.14
1010.63
383.24
0.00
0.00
0.00
0.00
0.00
0.00
0.00
0.00
0.00
0.00
0.00
0.00
0.00
0.00
0.00
0.00
0.00
0.00
0.00
0.00
0.00
0.00
0.00
0.00
0.00
0.00
0.00
0.00
0.00
0.00
0.00
0.00
0.00
0.00
0.00
0.00
0.00
0.00
0.00
0.00
0.00
0.00
0.00
0.00
0.00
0.00
0.00
0.00
0.00
0.00
0.00
0.00
120.68
511.27
730.75
0.00
618.63
0.00
0.00
0.00
534.66
0.00
0.00
0.00
0.00
504.94
564.56
0.00
0.00
0.00
0.00
0.00
465.51
0.00
0.00
0.00
0.00
0.00
758.98
0.00
0.00
0.00
0.00
0.00
795.27
0.00
621.31
0.00
0.00
0.00
609.40
0.00
587.08
0.00
0.00
0.00
913.47
741.95
0.00
0.00
0.00
0.00
732.96
0.00
0.00
0.00
0.00
0.00
934.68
0.00
0.00
0.00
0.00
0.00
0.00
0.00
0.00
0.00
0.00
0.00
0.00
0.00
0.00
0.00
0.00
0.00
0.00
0.00
0.00
0.00
0.00
0.00
0.00
0.00
0.00
0.00
0.00
0.00
0.00
0.00
0.00
0.00
0.00
0.00
0.00
0.00
0.00
0.00
0.00
0.00
0.00
0.00
0.00
0.00
0.00
0.00
0.00
0.00
0.00
0.00
943.63
0.00
0.00
773.92
0.00
867.14
0.00
0.00
0.00
566.24
0.00
0.00
0.00
0.00
0.00
597.92
0.00
0.00
0.00
0.00
0.00
493.01
0.00
0.00
0.00
0.00
0.00
803.82
0.00
91.35
0.00
0.00
0.00
842.26
0.00
0.00
0.00
0.00
0.00
645.40
0.00
0.00
0.00
1015.80
0.00
967.44
0.00
0.00
0.00
0.00
0.00
776.27
0.00
0.00
0.00
0.00
93.02
989.90
0.00
0.00
0.00
0.00
0.00
0.00
0.00
0.00
0.00
0.00
0.00
0.00
0.00
0.00
0.00
0.00
0.00
0.00
0.00
0.00
0.00
0.00
0.00
0.00
0.00
0.00
0.00
0.00
0.00
0.00
0.00
0.00
0.00
0.00
0.00
0.00
0.00
0.00
0.00
0.00
0.00
0.00
0.00
0.00
0.00
0.00
0.00
0.00
0.00
0.00
952.71
0.00
376.47
0.00
431.83
0.00
0.00
392.90
0.00
0.00
464.00
0.00
0.00
0.00
0.00
0.00
357.47
448.67
0.00
0.00
0.00
961.38
673.08
582.33
444.88
0.00
0.00
0.00
712.12
165.73
130.24
759.70
0.00
0.00
512.22
0.00
881.46
0.00
0.00
0.85
839.23
0.00
0.00
0.00
730.59
0.00
645.11
0.00
0.00
1031.21
0.00
0.00
862.05
792.38
0.00
2.19
595.54
815.60
0.00
0.00
0.00
0.00
0.00
0.00
0.00
0.00
0.00
0.00
0.00
0.00
0.00
0.00
0.00
0.00
0.00
0.00
0.00
0.00
0.00
0.00
0.00
0.00
0.00
0.00
0.00
0.00
0.00
0.00
0.00
0.00
0.00
0.00
0.00
0.00
0.00
0.00
0.00
0.00
0.00
0.00
0.00
0.00
0.00
0.00
0.00
0.00
0.00
0.00
0.00
304.50
0.00
0.00
0.00
56.96
611.47
0.00
0.00
0.00
0.00
61.20
311.46
35.73
0.00
0.00
0.00
47.15
0.00
0.00
299.34
0.00
0.00
88.78
399.42
0.00
0.00
0.00
97.27
93.93
0.00
0.00
0.00
961.85
0.00
67.56
997.02
0.00
121.14
216.23
0.00
110.70
921.84
0.00
0.00
862.35
0.00
85.09
0.00
861.77
0.00
0.00
503.98
113.71
0.00
998.43
0.00
0.00
0.00
0.00
0.00
0.00
0.00
0.00
0.00
0.00
0.00
0.00
0.00
0.00
0.00
0.00
0.00
0.00
0.00
0.00
0.00
0.00
0.00
0.00
0.00
0.00
0.00
0.00
0.00
0.00
0.00
0.00
0.00
0.00
0.00
0.00
0.00
0.00
0.00
0.00
0.00
0.00
0.00
0.00
0.00
0.00
0.00
0.00
0.00
0.00
0.00
0.00
0.00
0.00
0.00
0.00
0.00
0.00
111.75
0.00
0.00
0.00
0.00
0.00
120.07
450.80
0.00
763.30
1032.54
0.00
92.50
0.00
0.00
143.14
0.00
0.00
174.17
596.37
600.58
0.00
0.00
0.00
184.27
0.00
0.00
0.00
0.00
397.60
132.55
536.46
0.00
954.39
0.00
0.00
217.17
0.00
0.00
0.00
0.00
1068.38
166.93
0.00
269.34
0.00
0.00
0.00
223.07
0.00
0.00
0.00
0.00
0.00
0.00
0.00
0.00
0.00
0.00
0.00
0.00
0.00
0.00
0.00
0.00
0.00
0.00
0.00
0.00
0.00
0.00
0.00
0.00
0.00
0.00
0.00
0.00
0.00
0.00
0.00
0.00
0.00
0.00
0.00
0.00
0.00
0.00
0.00
0.00
0.00
0.00
0.00
0.00
0.00
0.00
0.00
0.00
0.00
0.00
0.00
0.00
0.00
0.00
0.00
0.00
0.00
0.00
0.00
377.93
164.64
0.00
0.00
0.00
0.00
1022.00
176.90
896.12
0.00
0.00
0.00
0.00
136.29
0.00
0.00
0.00
0.00
0.00
256.62
0.00
624.17
368.58
0.00
0.00
271.50
0.00
0.00
0.00
0.00
0.00
195.29
0.00
298.07
1060.51
0.00
0.00
319.96
0.00
442.56
422.54
734.71
0.00
245.95
0.00
0.00
0.00
747.00
201.44
328.66
0.00
0.00
0.00
0.00
0.00
0.00
0.00
0.00
0.00
0.00
0.00
0.00
0.00
0.00
0.00
0.00
0.00
0.00
0.00
0.00
0.00
0.00
0.00
0.00
0.00
0.00
0.00
0.00
0.00
0.00
0.00
0.00
0.00
0.00
0.00
0.00
0.00
0.00
0.00
0.00
0.00
0.00
0.00
0.00
0.00
0.00
0.00
0.00
0.00
0.00
0.00
0.00
0.00
0.00
0.00
0.00
0.00
0.00
671.36
0.00
401.53
0.00
775.20
0.00
0.00
319.63
431.44
0.00
0.00
0.00
0.00
0.00
332.39
0.00
0.00
0.00
0.00
0.00
625.86
114.15
0.00
0.00
0.00
0.00
662.15
0.00
787.41
702.80
193.44
0.00
476.28
0.00
0.00
0.00
0.00
0.00
780.35
0.00
0.00
0.00
0.00
0.00
599.84
0.00
780.60
1029.24
0.00
0.00
801.56
0.00
0.00
0.00
0.00
0.00
0.00
0.00
0.00
0.00
0.00
0.00
0.00
0.00
0.00
0.00
0.00
0.00
0.00
0.00
0.00
0.00
0.00
0.00
0.00
0.00
0.00
0.00
0.00
0.00
0.00
0.00
0.00
0.00
0.00
0.00
0.00
0.00
0.00
0.00
0.00
0.00
0.00
0.00
0.00
0.00
0.00
0.00
0.00
0.00
0.00
0.00
0.00
0.00
0.00
0.00
0.00
419.14
54.59
430.94
0.00
425.26
745.74
639.41
0.00
253.15
0.00
456.93
0.00
1078.62
306.95
0.00
179.22
352.02
0.00
0.00
0.00
0.00
0.00
662.83
0.00
0.00
0.00
0.00
0.00
701.27
0.00
0.00
0.00
0.00
0.00
504.41
0.00
0.00
0.00
0.00
0.00
826.45
0.00
0.00
0.00
0.00
1087.67
635.28
9.50
799.23
421.03
0.00
0.00
848.92
0.00
0.00
0.00
0.00
0.00
0.00
0.00
0.00
0.00
0.00
0.00
0.00
0.00
0.00
0.00
0.00
0.00
0.00
0.00
0.00
0.00
0.00
0.00
0.00
0.00
0.00
0.00
0.00
0.00
0.00
0.00
0.00
0.00
0.00
0.00
0.00
0.00
0.00
0.00
0.00
0.00
0.00
0.00
0.00
0.00
0.00
0.00
0.00
0.00
0.00
0.00
0.00
0.00
0.00
0.00
0.00
302.42
0.00
0.00
0.00
253.11
0.00
0.00
0.00
0.00
770.93
146.58
0.00
0.00
829.62
0.00
0.00
462.19
0.00
0.00
0.00
0.00
0.00
501.23
0.00
761.18
0.00
0.00
0.00
301.33
0.00
0.00
383.72
0.00
0.00
628.35
61.13
0.00
0.00
103.98
0.00
434.22
620.02
1045.59
0.00
0.00
0.00
651.16
0.00
1076.96
0.00
633.76
0.00
0.00
0.00
0.00
0.00
0.00
0.00
0.00
0.00
0.00
0.00
0.00
0.00
0.00
0.00
0.00
0.00
0.00
0.00
0.00
0.00
0.00
0.00
0.00
0.00
0.00
0.00
0.00
0.00
0.00
0.00
0.00
0.00
0.00
0.00
0.00
0.00
0.00
0.00
0.00
0.00
0.00
0.00
0.00
0.00
0.00
0.00
0.00
0.00
0.00
0.00
0.00
0.00
0.00
0.00
0.00
0.00
0.00
0.00
0.00
0.00
0.00
33.39
881.86
0.00
0.00
0.00
0.00
19.33
0.00
0.00
243.45
726.45
0.00
60.97
0.00
1019.88
0.00
0.00
767.19
66.11
809.63
0.00
0.00
0.00
0.00
39.75
0.00
0.00
0.00
0.00
0.00
82.88
0.00
0.00
0.00
0.00
49.53
57.27
0.00
0.00
343.75
0.00
0.00
85.89
0.00
0.00
0.00
0.00
0.00
0.00
0.00
0.00
0.00
0.00
0.00
0.00
0.00
0.00
0.00
0.00
0.00
0.00
0.00
0.00
0.00
0.00
0.00
0.00
0.00
0.00
0.00
0.00
0.00
0.00
0.00
0.00
0.00
0.00
0.00
0.00
0.00
0.00
0.00
0.00
0.00
0.00
0.00
0.00
0.00
0.00
0.00
0.00
0.00
0.00
0.00
0.00
0.00
0.00
0.00
0.00
0.00
0.00
0.00
0.00
0.00
0.00
0.00
0.00
0.00
0.00
65.50
0.00
0.00
0.00
0.00
70.72
37.93
836.95
0.00
0.00
0.00
0.00
119.60
209.02
0.00
0.00
0.00
0.00
129.70
0.00
249.89
0.00
931.67
0.00
77.97
0.00
262.75
0.00
0.00
1001.90
162.60
0.00
0.00
0.00
0.00
0.00
112.36
0.00
0.00
0.00
760.15
0.00
168.50
0.00
0.00
0.00
0.00
0.00
0.00
0.00
0.00
0.00
0.00
0.00
0.00
0.00
0.00
0.00
0.00
0.00
0.00
0.00
0.00
0.00
0.00
0.00
0.00
0.00
0.00
0.00
0.00
0.00
0.00
0.00
0.00
0.00
0.00
0.00
0.00
0.00
0.00
0.00
0.00
0.00
0.00
0.00
0.00
0.00
0.00
0.00
0.00
0.00
0.00
0.00
0.00
0.00
0.00
0.00
0.00
0.00
0.00
0.00
0.00
0.00
0.00
126.68
0.00
0.00
0.00
96.50
151.93
0.00
0.00
0.00
0.00
55.88
712.37
511.80
0.00
0.00
0.00
176.21
761.58
0.00
746.23
0.00
0.00
191.10
0.00
0.00
0.00
0.00
0.00
114.88
0.00
0.00
0.00
64.88
897.66
239.56
0.00
0.00
88.90
0.00
0.00
165.55
0.00
99.88
0.00
0.00
0.00
248.26
956.16
0.00
0.00
0.00
0.00
0.00
0.00
0.00
0.00
0.00
0.00
0.00
0.00
0.00
0.00
0.00
0.00
0.00
0.00
0.00
0.00
0.00
0.00
0.00
0.00
0.00
0.00
0.00
0.00
0.00
0.00
0.00
0.00
0.00
0.00
0.00
0.00
0.00
0.00
0.00
0.00
0.00
0.00
0.00
0.00
0.00
0.00
0.00
0.00
0.00
0.00
0.00
0.00
0.00
0.00
0.00
0.00
0.00
0.00
0.00
0.00
0.00
0.00
0.00
0.00
969.68
235.35
0.00
0.00
0.00
0.00
1029.96
136.30
0.00
0.00
0.00
0.00
0.00
429.76
464.79
0.00
0.00
0.00
0.00
466.06
629.15
0.00
0.00
45.13
0.00
280.19
640.21
0.00
0.00
313.37
0.00
584.26
0.00
0.00
427.63
0.00
0.00
403.75
0.00
0.00
0.00
0.00
0.00
605.47
0.00
0.00
0.00
0.00
0.00
0.00
0.00
0.00
0.00
0.00
0.00
0.00
0.00
0.00
0.00
0.00
0.00
0.00
0.00
0.00
0.00
0.00
0.00
0.00
0.00
0.00
0.00
0.00
0.00
0.00
0.00
0.00
0.00
0.00
0.00
0.00
0.00
0.00
0.00
0.00
0.00
0.00
0.00
0.00
0.00
0.00
0.00
0.00
0.00
0.00
0.00
0.00
0.00
0.00
0.00
0.00
0.00
0.00
0.00
0.00
0.00
0.00
0.00
0.00
0.00
0.00
249.26
1032.63
0.00
657.95
0.00
753.86
144.35
0.00
0.00
693.89
0.00
0.00
455.15
0.00
455.57
0.00
0.00
0.00
493.59
0.00
0.00
0.00
0.00
0.00
296.74
0.00
0.00
55.98
0.00
0.00
618.77
0.00
0.00
808.31
559.87
0.00
427.60
0.00
1061.21
0.00
0.00
0.00
641.24
0.00
0.00
0.00
0.00
0.00
0.00
0.00
0.00
0.00
0.00
0.00
0.00
0.00
0.00
0.00
0.00
0.00
0.00
0.00
0.00
0.00
0.00
0.00
0.00
0.00
0.00
0.00
0.00
0.00
0.00
0.00
0.00
0.00
0.00
0.00
0.00
0.00
0.00
0.00
0.00
0.00
0.00
0.00
0.00
0.00
0.00
0.00
0.00
0.00
0.00
0.00
0.00
0.00
0.00
0.00
0.00
0.00
0.00
0.00
0.00
0.00
0.00
0.00
0.00
0.00
0.00
178.75
0.00
0.00
575.80
0.00
0.00
494.36
0.00
0.00
0.00
0.00
0.00
533.39
0.00
0.00
0.00
0.00
0.00
333.49
0.00
0.00
0.00
793.12
0.00
660.51
0.00
182.53
0.00
0.00
0.00
466.38
11.65
0.00
0.00
0.00
0.00
683.32
836.38
0.00
0.00
958.51
0.00
0.00
0.00
0.00
0.00
0.00
0.00
0.00
0.00
0.00
0.00
0.00
0.00
0.00
0.00
0.00
0.00
0.00
0.00
0.00
0.00
0.00
0.00
0.00
0.00
0.00
0.00
0.00
0.00
0.00
0.00
0.00
0.00
0.00
0.00
0.00
0.00
0.00
0.00
0.00
0.00
0.00
0.00
0.00
0.00
0.00
0.00
0.00
0.00
0.00
0.00
0.00
0.00
0.00
0.00
0.00
0.00
0.00
0.00
0.00
0.00
0.00
0.00
0.00
0.00
555.09
0.00
0.00
23.58
0.00
0.00
0.00
292.05
0.00
65.21
169.27
0.00
792.31
0.00
440.40
70.36
0.00
613.68
0.00
0.00
0.00
43.99
439.67
800.80
86.65
0.00
0.00
87.12
0.00
0.00
301.85
0.00
0.00
61.52
0.00
294.46
195.18
0.00
0.00
90.13
0.00
0.00
0.00
0.00
0.00
0.00
0.00
0.00
0.00
0.00
0.00
0.00
0.00
0.00
0.00
0.00
0.00
0.00
0.00
0.00
0.00
0.00
0.00
0.00
0.00
0.00
0.00
0.00
0.00
0.00
0.00
0.00
0.00
0.00
0.00
0.00
0.00
0.00
0.00
0.00
0.00
0.00
0.00
0.00
0.00
0.00
0.00
0.00
0.00
0.00
0.00
0.00
0.00
0.00
0.00
0.00
0.00
0.00
0.00
0.00
0.00
0.00
0.00
0.00
0.00
0.00
0.00
0.00
0.00
0.00
1072.64
0.00
46.25
295.79
996.68
0.00
0.00
0.00
127.93
0.00
0.00
342.06
691.21
0.00
138.03
0.00
0.00
0.00
301.69
0.00
86.30
0.00
0.00
0.00
0.00
0.00
170.92
0.00
669.98
0.00
0.00
0.00
120.69
1022.20
0.00
0.00
684.61
0.00
176.82
0.00
1029.67
0.00
0.00
0.00
0.00
0.00
0.00
0.00
0.00
0.00
0.00
0.00
0.00
0.00
0.00
0.00
0.00
0.00
0.00
0.00
0.00
0.00
0.00
0.00
0.00
0.00
0.00
0.00
0.00
0.00
0.00
0.00
0.00
0.00
0.00
0.00
0.00
0.00
0.00
0.00
0.00
0.00
0.00
0.00
0.00
0.00
0.00
0.00
0.00
0.00
0.00
0.00
0.00
0.00
0.00
0.00
0.00
0.00
0.00
0.00
0.00
0.00
0.00
0.00
0.00
0.00
0.00
0.00
538.20
0.00
0.00
68.15
1056.14
0.00
0.00
0.00
0.00
188.48
993.87
0.00
0.00
0.00
0.00
203.36
0.00
0.00
0.00
0.00
1085.83
127.15
0.00
0.00
691.95
0.00
0.00
251.82
0.00
0.00
0.00
0.00
0.00
177.81
0.00
0.00
0.00
0.00
0.00
260.52
276.08
0.00
0.00
0.00
0.00
0.00
0.00
0.00
0.00
0.00
0.00
0.00
0.00
0.00
0.00
0.00
0.00
0.00
0.00
0.00
0.00
0.00
0.00
0.00
0.00
0.00
0.00
0.00
0.00
0.00
0.00
0.00
0.00
0.00
0.00
0.00
0.00
0.00
0.00
0.00
0.00
0.00
0.00
0.00
0.00
0.00
0.00
0.00
0.00
0.00
0.00
0.00
0.00
0.00
0.00
0.00
0.00
0.00
0.00
0.00
0.00
0.00
0.00
0.00
0.00
0.00
0.00
269.03
0.00
0.00
722.89
0.00
166.20
0.00
830.29
0.00
0.00
305.46
459.67
0.00
0.00
0.00
238.71
0.00
495.97
0.00
0.00
0.00
0.00
0.00
310.10
951.38
0.00
1029.05
414.26
836.17
614.17
0.00
0.00
657.32
0.00
946.34
433.66
0.00
0.00
48.32
0.00
0.00
635.38
0.00
0.00
0.00
0.00
0.00
0.00
0.00
0.00
0.00
0.00
0.00
0.00
0.00
0.00
0.00
0.00
0.00
0.00
0.00
0.00
0.00
0.00
0.00
0.00
0.00
0.00
0.00
0.00
0.00
0.00
0.00
0.00
0.00
0.00
0.00
0.00
0.00
0.00
0.00
0.00
0.00
0.00
0.00
0.00
0.00
0.00
0.00
0.00
0.00
0.00
0.00
0.00
0.00
0.00
0.00
0.00
0.00
0.00
0.00
0.00
0.00
0.00
0.00
0.00
0.00
0.00
0.00
0.00
0.00
0.00
0.00
0.00
176.02
63.95
660.95
0.00
0.00
0.00
486.83
0.00
0.00
0.00
0.00
0.00
525.27
0.00
0.00
241.52
0.00
0.00
328.42
0.00
0.00
0.00
300.69
839.53
650.45
0.00
275.36
0.00
1065.13
384.29
459.28
1011.59
778.08
376.55
0.00
0.00
672.92
0.00
0.00
0.00
0.00
0.00
0.00
0.00
0.00
0.00
0.00
0.00
0.00
0.00
0.00
0.00
0.00
0.00
0.00
0.00
0.00
0.00
0.00
0.00
0.00
0.00
0.00
0.00
0.00
0.00
0.00
0.00
0.00
0.00
0.00
0.00
0.00
0.00
0.00
0.00
0.00
0.00
0.00
0.00
0.00
0.00
0.00
0.00
0.00
0.00
0.00
0.00
0.00
0.00
0.00
0.00
0.00
0.00
0.00
0.00
0.00
0.00
0.00
0.00
0.00
0.00
0.00
0.00
0.00
0.00
0.00
763.60
0.00
387.83
0.00
128.53
926.11
185.45
197.01
426.86
0.00
0.00
0.00
0.00
159.55
226.96
0.00
1030.95
0.00
0.00
0.00
553.98
0.00
151.39
0.00
0.00
0.00
359.85
0.00
0.00
0.00
0.00
0.00
576.79
517.62
527.29
0.00
0.00
0.00
0.00
0.00
0.00
0.00
0.00
0.00
0.00
0.00
0.00
0.00
0.00
0.00
0.00
0.00
0.00
0.00
0.00
0.00
0.00
0.00
0.00
0.00
0.00
0.00
0.00
0.00
0.00
0.00
0.00
0.00
0.00
0.00
0.00
0.00
0.00
0.00
0.00
0.00
0.00
0.00
0.00
0.00
0.00
0.00
0.00
0.00
0.00
0.00
0.00
0.00
0.00
0.00
0.00
0.00
0.00
0.00
0.00
0.00
0.00
0.00
0.00
0.00
0.00
0.00
0.00
0.00
0.00
0.00
165.58
0.00
0.00
0.00
0.00
51.16
0.00
0.00
65.56
273.11
0.00
56.31
24.52
127.93
0.00
0.00
0.00
29.94
0.00
0.00
900.19
0.00
0.00
73.07
0.00
0.00
0.00
0.00
0.00
47.47
0.00
0.00
0.00
0.00
0.00
76.08
0.00
943.30
0.00
0.00
0.00
0.00
0.00
0.00
0.00
0.00
0.00
0.00
0.00
0.00
0.00
0.00
0.00
0.00
0.00
0.00
0.00
0.00
0.00
0.00
0.00
0.00
0.00
0.00
0.00
0.00
0.00
0.00
0.00
0.00
0.00
0.00
0.00
0.00
0.00
0.00
0.00
0.00
0.00
0.00
0.00
0.00
0.00
0.00
0.00
0.00
0.00
0.00
0.00
0.00
0.00
0.00
0.00
0.00
0.00
0.00
0.00
0.00
0.00
0.00
0.00
0.00
0.00
0.00
0.00
0.00
0.00
0.00
0.00
0.00
0.00
0.00
0.00
0.00
100.36
65.04
0.00
0.00
0.00
554.61
110.46
242.28
0.00
813.22
0.00
0.00
58.73
0.00
778.64
0.00
0.00
0.00
143.35
0.00
0.00
0.00
0.00
364.19
93.12
509.82
0.00
773.85
171.48
0.00
149.26
0.00
666.57
0.00
0.00
0.00
0.00
0.00
0.00
0.00
0.00
0.00
0.00
0.00
0.00
0.00
0.00
0.00
0.00
0.00
0.00
0.00
0.00
0.00
0.00
0.00
0.00
0.00
0.00
0.00
0.00
0.00
0.00
0.00
0.00
0.00
0.00
0.00
0.00
0.00
0.00
0.00
0.00
0.00
0.00
0.00
0.00
0.00
0.00
0.00
0.00
0.00
0.00
0.00
0.00
0.00
0.00
0.00
0.00
0.00
0.00
0.00
0.00
0.00
0.00
0.00
0.00
0.00
0.00
0.00
0.00
0.00
0.00
0.00
0.00
0.00
0.00
0.00
0.00
147.86
784.93
0.00
154.95
0.00
0.00
162.74
398.81
0.00
0.00
0.00
0.00
86.53
0.00
0.00
0.00
0.00
0.00
211.21
0.00
0.00
0.00
0.00
0.00
137.20
0.00
0.00
613.24
0.00
550.12
219.91
0.00
0.00
0.00
0.00
0.00
0.00
0.00
0.00
0.00
0.00
0.00
0.00
0.00
0.00
0.00
0.00
0.00
0.00
0.00
0.00
0.00
0.00
0.00
0.00
0.00
0.00
0.00
0.00
0.00
0.00
0.00
0.00
0.00
0.00
0.00
0.00
0.00
0.00
0.00
0.00
0.00
0.00
0.00
0.00
0.00
0.00
0.00
0.00
0.00
0.00
0.00
0.00
0.00
0.00
0.00
0.00
0.00
0.00
0.00
0.00
0.00
0.00
0.00
0.00
0.00
0.00
0.00
0.00
0.00
0.00
0.00
0.00
0.00
0.00
0.00
0.00
0.00
216.24
360.62
541.78
0.00
0.00
0.00
0.00
396.91
0.00
104.43
0.00
0.00
0.00
211.04
1042.14
316.87
0.00
0.00
309.74
515.11
303.47
943.59
0.00
0.00
0.00
334.60
723.84
0.00
0.00
0.00
0.00
536.32
439.52
0.00
0.00
0.00
0.00
0.00
0.00
0.00
0.00
0.00
0.00
0.00
0.00
0.00
0.00
0.00
0.00
0.00
0.00
0.00
0.00
0.00
0.00
0.00
0.00
0.00
0.00
0.00
0.00
0.00
0.00
0.00
0.00
0.00
0.00
0.00
0.00
0.00
0.00
0.00
0.00
0.00
0.00
0.00
0.00
0.00
0.00
0.00
0.00
0.00
0.00
0.00
0.00
0.00
0.00
0.00
0.00
0.00
0.00
0.00
0.00
0.00
0.00
0.00
0.00
0.00
0.00
0.00
0.00
0.00
0.00
0.00
0.00
232.11
0.00
988.27
0.00
0.00
381.92
0.00
0.00
0.00
0.00
0.00
420.36
61.96
762.12
350.67
0.00
0.00
223.51
0.00
0.00
964.26
957.12
0.00
545.54
0.00
945.25
0.00
0.00
431.34
354.37
0.00
0.00
0.00
413.99
0.00
568.01
0.00
0.00
0.00
0.00
0.00
0.00
0.00
0.00
0.00
0.00
0.00
0.00
0.00
0.00
0.00
0.00
0.00
0.00
0.00
0.00
0.00
0.00
0.00
0.00
0.00
0.00
0.00
0.00
0.00
0.00
0.00
0.00
0.00
0.00
0.00
0.00
0.00
0.00
0.00
0.00
0.00
0.00
0.00
0.00
0.00
0.00
0.00
0.00
0.00
0.00
0.00
0.00
0.00
0.00
0.00
0.00
0.00
0.00
0.00
0.00
0.00
0.00
0.00
0.00
0.00
0.00
0.00
0.00
0.00
0.00
0.00
0.00
0.00
0.00
0.00
806.04
0.00
0.00
742.48
0.00
0.00
0.00
955.57
534.10
542.58
0.00
0.00
337.10
0.00
0.00
869.59
0.00
0.00
0.00
0.00
746.99
675.47
0.00
518.53
225.08
0.00
0.00
892.41
0.00
517.90
0.00
0.00
0.00
0.00
0.00
0.00
0.00
0.00
0.00
0.00
0.00
0.00
0.00
0.00
0.00
0.00
0.00
0.00
0.00
0.00
0.00
0.00
0.00
0.00
0.00
0.00
0.00
0.00
0.00
0.00
0.00
0.00
0.00
0.00
0.00
0.00
0.00
0.00
0.00
0.00
0.00
0.00
0.00
0.00
0.00
0.00
0.00
0.00
0.00
0.00
0.00
0.00
0.00
0.00
0.00
0.00
0.00
0.00
0.00
0.00
0.00
0.00
0.00
0.00
0.00
0.00
0.00
0.00
0.00
0.00
0.00
0.00
0.00
0.00
0.00
0.00
0.00
0.00
91.96
463.74
0.00
45.85
97.94
0.00
0.00
0.00
0.00
0.00
71.57
0.00
0.00
0.00
0.00
0.00
114.70
0.00
953.85
0.00
0.00
0.00
89.10
0.00
0.00
0.00
0.00
0.00
117.71
0.00
0.00
555.71
0.00
0.00
0.00
0.00
0.00
0.00
0.00
0.00
0.00
0.00
0.00
0.00
0.00
0.00
0.00
0.00
0.00
0.00
0.00
0.00
0.00
0.00
0.00
0.00
0.00
0.00
0.00
0.00
0.00
0.00
0.00
0.00
0.00
0.00
0.00
0.00
0.00
0.00
0.00
0.00
0.00
0.00
0.00
0.00
0.00
0.00
0.00
0.00
0.00
0.00
0.00
0.00
0.00
0.00
0.00
0.00
0.00
0.00
0.00
0.00
0.00
0.00
0.00
0.00
0.00
0.00
0.00
0.00
0.00
0.00
0.00
0.00
0.00
0.00
0.00
0.00
0.00
0.00
202.60
0.00
0.00
192.13
0.00
356.67
6.97
0.00
0.00
140.40
0.00
308.35
0.00
0.00
0.00
225.03
0.00
0.00
0.00
0.00
0.00
174.79
0.00
403.40
0.00
0.00
0.00
230.93
0.00
0.00
0.00
0.00
0.00
0.00
0.00
0.00
0.00
0.00
0.00
0.00
0.00
0.00
0.00
0.00
0.00
0.00
0.00
0.00
0.00
0.00
0.00
0.00
0.00
0.00
0.00
0.00
0.00
0.00
0.00
0.00
0.00
0.00
0.00
0.00
0.00
0.00
0.00
0.00
0.00
0.00
0.00
0.00
0.00
0.00
0.00
0.00
0.00
0.00
0.00
0.00
0.00
0.00
0.00
0.00
0.00
0.00
0.00
0.00
0.00
0.00
0.00
0.00
0.00
0.00
0.00
0.00
0.00
0.00
0.00
0.00
0.00
0.00
0.00
0.00
0.00
0.00
0.00
0.00
0.00
0.00
0.00
0.00
283.07
165.37
0.00
1049.25
0.00
0.00
206.86
0.00
0.00
0.00
998.19
0.00
331.54
0.00
0.00
0.00
1083.85
0.00
257.53
0.00
0.00
331.05
0.00
0.00
340.24
0.00
0.00
0.00
0.00
0.00
0.00
0.00
0.00
0.00
0.00
0.00
0.00
0.00
0.00
0.00
0.00
0.00
0.00
0.00
0.00
0.00
0.00
0.00
0.00
0.00
0.00
0.00
0.00
0.00
0.00
0.00
0.00
0.00
0.00
0.00
0.00
0.00
0.00
0.00
0.00
0.00
0.00
0.00
0.00
0.00
0.00
0.00
0.00
0.00
0.00
0.00
0.00
0.00
0.00
0.00
0.00
0.00
0.00
0.00
0.00
0.00
0.00
0.00
0.00
0.00
0.00
0.00
0.00
0.00
0.00
0.00
0.00
0.00
0.00
0.00
0.00
0.00
0.00
0.00
0.00
0.00
967.65
0.00
0.00
690.38
992.43
0.00
0.00
0.00
241.06
504.51
0.00
0.00
0.00
0.00
0.00
808.58
92.75
0.00
0.00
1067.86
0.00
628.07
329.56
0.00
241.27
750.17
555.73
829.79
400.55
0.00
0.00
0.00
0.00
0.00
0.00
0.00
0.00
0.00
0.00
0.00
0.00
0.00
0.00
0.00
0.00
0.00
0.00
0.00
0.00
0.00
0.00
0.00
0.00
0.00
0.00
0.00
0.00
0.00
0.00
0.00
0.00
0.00
0.00
0.00
0.00
0.00
0.00
0.00
0.00
0.00
0.00
0.00
0.00
0.00
0.00
0.00
0.00
0.00
0.00
0.00
0.00
0.00
0.00
0.00
0.00
0.00
0.00
0.00
0.00
0.00
0.00
0.00
0.00
0.00
0.00
0.00
0.00
0.00
0.00
0.00
0.00
0.00
0.00
0.00
0.00
0.00
0.00
0.00
800.06
630.03
306.54
0.00
731.17
0.00
0.00
929.25
0.00
0.00
534.31
0.00
751.92
0.00
0.00
0.00
856.35
950.06
48.15
520.65
0.00
1015.99
665.18
0.00
739.41
0.00
0.00
0.00
878.82
0.00
0.00
0.00
0.00
0.00
0.00
0.00
0.00
0.00
0.00
0.00
0.00
0.00
0.00
0.00
0.00
0.00
0.00
0.00
0.00
0.00
0.00
0.00
0.00
0.00
0.00
0.00
0.00
0.00
0.00
0.00
0.00
0.00
0.00
0.00
0.00
0.00
0.00
0.00
0.00
0.00
0.00
0.00
0.00
0.00
0.00
0.00
0.00
0.00
0.00
0.00
0.00
0.00
0.00
0.00
0.00
0.00
0.00
0.00
0.00
0.00
0.00
0.00
0.00
0.00
0.00
0.00
0.00
0.00
0.00
0.00
0.00
0.00
0.00
0.00
0.00
0.00
0.00
0.00
0.00
0.00
0.00
1062.72
148.20
581.61
1086.66
0.00
0.00
0.00
900.26
908.63
752.31
0.00
0.00
0.00
0.00
714.50
0.00
0.00
778.38
0.00
0.00
931.44
0.00
19.88
0.00
0.00
0.00
0.00
0.00
0.00
0.00
0.00
0.00
0.00
0.00
0.00
0.00
0.00
0.00
0.00
0.00
0.00
0.00
0.00
0.00
0.00
0.00
0.00
0.00
0.00
0.00
0.00
0.00
0.00
0.00
0.00
0.00
0.00
0.00
0.00
0.00
0.00
0.00
0.00
0.00
0.00
0.00
0.00
0.00
0.00
0.00
0.00
0.00
0.00
0.00
0.00
0.00
0.00
0.00
0.00
0.00
0.00
0.00
0.00
0.00
0.00
0.00
0.00
0.00
0.00
0.00
0.00
0.00
0.00
0.00
0.00
0.00
0.00
0.00
0.00
0.00
0.00
0.00
0.00
0.00
0.00
0.00
0.00
0.00
0.00
0.00
367.52
76.72
318.83
755.23
0.00
0.00
491.05
119.85
0.00
0.00
0.00
551.95
0.00
94.25
0.00
0.00
0.00
4.44
43.17
122.86
0.00
0.00
0.00
0.00
0.00
0.00
0.00
0.00
0.00
0.00
0.00
0.00
0.00
0.00
0.00
0.00
0.00
0.00
0.00
0.00
0.00
0.00
0.00
0.00
0.00
0.00
0.00
0.00
0.00
0.00
0.00
0.00
0.00
0.00
0.00
0.00
0.00
0.00
0.00
0.00
0.00
0.00
0.00
0.00
0.00
0.00
0.00
0.00
0.00
0.00
0.00
0.00
0.00
0.00
0.00
0.00
0.00
0.00
0.00
0.00
0.00
0.00
0.00
0.00
0.00
0.00
0.00
0.00
0.00
0.00
0.00
0.00
0.00
0.00
0.00
0.00
0.00
0.00
0.00
0.00
0.00
0.00
0.00
0.00
0.00
0.00
894.08
0.00
0.00
676.12
150.50
0.00
0.00
0.00
0.00
0.00
235.13
0.00
826.54
0.00
0.00
0.00
184.89
0.00
0.00
398.07
903.75
0.00
241.03
0.00
0.00
0.00
0.00
0.00
0.00
0.00
0.00
0.00
0.00
0.00
0.00
0.00
0.00
0.00
0.00
0.00
0.00
0.00
0.00
0.00
0.00
0.00
0.00
0.00
0.00
0.00
0.00
0.00
0.00
0.00
0.00
0.00
0.00
0.00
0.00
0.00
0.00
0.00
0.00
0.00
0.00
0.00
0.00
0.00
0.00
0.00
0.00
0.00
0.00
0.00
0.00
0.00
0.00
0.00
0.00
0.00
0.00
0.00
0.00
0.00
0.00
0.00
0.00
0.00
0.00
0.00
0.00
0.00
0.00
0.00
0.00
0.00
0.00
0.00
0.00
0.00
0.00
0.00
0.00
0.00
0.00
0.00
0.00
0.00
0.00
0.00
0.00
0.00
0.00
221.74
0.00
0.00
0.00
0.00
378.78
346.42
0.00
0.00
0.00
0.00
0.00
272.41
0.00
531.92
0.00
0.00
0.00
355.12
0.00
0.00
0.00
0.00
0.00
0.00
0.00
0.00
0.00
0.00
0.00
0.00
0.00
0.00
0.00
0.00
0.00
0.00
0.00
0.00
0.00
0.00
0.00
0.00
0.00
0.00
0.00
0.00
0.00
0.00
0.00
0.00
0.00
0.00
0.00
0.00
0.00
0.00
0.00
0.00
0.00
0.00
0.00
0.00
0.00
0.00
0.00
0.00
0.00
0.00
0.00
0.00
0.00
0.00
0.00
0.00
0.00
0.00
0.00
0.00
0.00
0.00
0.00
0.00
0.00
0.00
0.00
0.00
0.00
0.00
0.00
0.00
0.00
0.00
0.00
0.00
0.00
0.00
0.00
0.00
0.00
0.00
0.00
0.00
0.00
941.32
783.46
0.00
0.00
1053.09
540.80
0.00
0.00
0.00
126.03
372.33
844.88
844.70
0.00
963.52
0.00
494.65
664.37
0.00
706.20
0.00
0.00
502.13
866.09
0.00
0.00
0.00
0.00
0.00
0.00
0.00
0.00
0.00
0.00
0.00
0.00
0.00
0.00
0.00
0.00
0.00
0.00
0.00
0.00
0.00
0.00
0.00
0.00
0.00
0.00
0.00
0.00
0.00
0.00
0.00
0.00
0.00
0.00
0.00
0.00
0.00
0.00
0.00
0.00
0.00
0.00
0.00
0.00
0.00
0.00
0.00
0.00
0.00
0.00
0.00
0.00
0.00
0.00
0.00
0.00
0.00
0.00
0.00
0.00
0.00
0.00
0.00
0.00
0.00
0.00
0.00
0.00
0.00
0.00
0.00
0.00
0.00
0.00
0.00
0.00
0.00
0.00
0.00
0.00
0.00
0.00
0.00
0.00
0.00
0.00
0.00
0.00
0.00
0.00
572.75
0.00
867.39
0.00
0.00
0.00
894.79
0.00
0.00
0.00
0.00
0.00
703.62
0.00
49.09
0.00
0.00
0.00
917.26
0.00
0.00
0.00
0.00
0.00
0.00
0.00
0.00
0.00
0.00
0.00
0.00
0.00
0.00
0.00
0.00
0.00
0.00
0.00
0.00
0.00
0.00
0.00
0.00
0.00
0.00
0.00
0.00
0.00
0.00
0.00
0.00
0.00
0.00
0.00
0.00
0.00
0.00
0.00
0.00
0.00
0.00
0.00
0.00
0.00
0.00
0.00
0.00
0.00
0.00
0.00
0.00
0.00
0.00
0.00
0.00
0.00
0.00
0.00
0.00
0.00
0.00
0.00
0.00
0.00
0.00
0.00
0.00
0.00
0.00
0.00
0.00
0.00
0.00
0.00
0.00
0.00
0.00
0.00
0.00
0.00
0.00
0.00
0.00
0.00
0.00
459.46
911.17
65.53
0.00
708.73
0.00
0.00
0.00
0.00
0.00
514.60
0.00
1041.91
0.00
0.00
0.00
731.54
0.00
722.39
0.00
0.00
0.00
0.00
0.00
0.00
0.00
0.00
0.00
0.00
0.00
0.00
0.00
0.00
0.00
0.00
0.00
0.00
0.00
0.00
0.00
0.00
0.00
0.00
0.00
0.00
0.00
0.00
0.00
0.00
0.00
0.00
0.00
0.00
0.00
0.00
0.00
0.00
0.00
0.00
0.00
0.00
0.00
0.00
0.00
0.00
0.00
0.00
0.00
0.00
0.00
0.00
0.00
0.00
0.00
0.00
0.00
0.00
0.00
0.00
0.00
0.00
0.00
0.00
0.00
0.00
0.00
0.00
0.00
0.00
0.00
0.00
0.00
0.00
0.00
0.00
0.00
0.00
0.00
0.00
0.00
0.00
0.00
0.00
0.00
0.00
0.00
0.00
0.00
0.00
276.83
783.14
0.00
361.05
93.48
0.00
106.09
0.00
0.00
0.00
67.88
0.00
0.00
0.00
0.00
0.00
96.49
0.00
0.00
0.00
584.07
0.00
0.00
0.00
0.00
0.00
0.00
0.00
0.00
0.00
0.00
0.00
0.00
0.00
0.00
0.00
0.00
0.00
0.00
0.00
0.00
0.00
0.00
0.00
0.00
0.00
0.00
0.00
0.00
0.00
0.00
0.00
0.00
0.00
0.00
0.00
0.00
0.00
0.00
0.00
0.00
0.00
0.00
0.00
0.00
0.00
0.00
0.00
0.00
0.00
0.00
0.00
0.00
0.00
0.00
0.00
0.00
0.00
0.00
0.00
0.00
0.00
0.00
0.00
0.00
0.00
0.00
0.00
0.00
0.00
0.00
0.00
0.00
0.00
0.00
0.00
0.00
0.00
0.00
0.00
0.00
0.00
0.00
0.00
0.00
0.00
0.00
0.00
398.37
0.00
0.00
0.00
0.00
183.40
0.00
0.00
831.65
590.19
0.00
133.16
0.00
0.00
859.57
0.00
0.00
189.30
0.00
904.61
0.00
0.00
0.00
0.00
0.00
0.00
0.00
0.00
0.00
0.00
0.00
0.00
0.00
0.00
0.00
0.00
0.00
0.00
0.00
0.00
0.00
0.00
0.00
0.00
0.00
0.00
0.00
0.00
0.00
0.00
0.00
0.00
0.00
0.00
0.00
0.00
0.00
0.00
0.00
0.00
0.00
0.00
0.00
0.00
0.00
0.00
0.00
0.00
0.00
0.00
0.00
0.00
0.00
0.00
0.00
0.00
0.00
0.00
0.00
0.00
0.00
0.00
0.00
0.00
0.00
0.00
0.00
0.00
0.00
0.00
0.00
0.00
0.00
0.00
0.00
0.00
0.00
0.00
0.00
0.00
0.00
0.00
0.00
0.00
0.00
0.00
0.00
0.00
0.00
0.00
0.00
0.00
0.00
0.00
270.21
52.69
0.00
0.00
0.00
0.00
196.19
0.00
0.00
738.48
0.00
0.00
278.90
0.00
931.90
0.00
0.00
0.00
0.00
0.00
0.00
0.00
0.00
0.00
0.00
0.00
0.00
0.00
0.00
0.00
0.00
0.00
0.00
0.00
0.00
0.00
0.00
0.00
0.00
0.00
0.00
0.00
0.00
0.00
0.00
0.00
0.00
0.00
0.00
0.00
0.00
0.00
0.00
0.00
0.00
0.00
0.00
0.00
0.00
0.00
0.00
0.00
0.00
0.00
0.00
0.00
0.00
0.00
0.00
0.00
0.00
0.00
0.00
0.00
0.00
0.00
0.00
0.00
0.00
0.00
0.00
0.00
0.00
0.00
0.00
0.00
0.00
0.00
0.00
0.00
0.00
0.00
0.00
0.00
0.00
0.00
0.00
0.00
0.00
0.00
0.00
0.00
0.00
0.00
0.00
561.11
0.00
0.00
0.00
659.00
0.00
0.00
0.00
0.00
361.75
478.50
0.00
0.00
252.96
0.00
63.17
680.22
0.00
0.00
0.00
0.00
0.00
0.00
0.00
0.00
0.00
0.00
0.00
0.00
0.00
0.00
0.00
0.00
0.00
0.00
0.00
0.00
0.00
0.00
0.00
0.00
0.00
0.00
0.00
0.00
0.00
0.00
0.00
0.00
0.00
0.00
0.00
0.00
0.00
0.00
0.00
0.00
0.00
0.00
0.00
0.00
0.00
0.00
0.00
0.00
0.00
0.00
0.00
0.00
0.00
0.00
0.00
0.00
0.00
0.00
0.00
0.00
0.00
0.00
0.00
0.00
0.00
0.00
0.00
0.00
0.00
0.00
0.00
0.00
0.00
0.00
0.00
0.00
0.00
0.00
0.00
0.00
0.00
0.00
0.00
0.00
0.00
0.00
0.00
0.00
0.00
0.00
0.00
805.75
0.00
0.00
0.00
0.00
697.93
0.00
0.00
0.00
0.00
151.86
506.76
0.00
0.00
0.00
0.00
492.17
720.40
0.00
0.00
0.00
0.00
0.00
0.00
0.00
0.00
0.00
0.00
0.00
0.00
0.00
0.00
0.00
0.00
0.00
0.00
0.00
0.00
0.00
0.00
0.00
0.00
0.00
0.00
0.00
0.00
0.00
0.00
0.00
0.00
0.00
0.00
0.00
0.00
0.00
0.00
0.00
0.00
0.00
0.00
0.00
0.00
0.00
0.00
0.00
0.00
0.00
0.00
0.00
0.00
0.00
0.00
0.00
0.00
0.00
0.00
0.00
0.00
0.00
0.00
0.00
0.00
0.00
0.00
0.00
0.00
0.00
0.00
0.00
0.00
0.00
0.00
0.00
0.00
0.00
0.00
0.00
0.00
0.00
0.00
0.00
0.00
0.00
0.00
0.00
0.00
0.00
0.00
0.00
243.26
775.80
0.00
0.00
0.00
841.62
0.00
41.93
228.18
0.00
332.74
1058.56
0.00
0.00
0.00
54.54
197.16
0.00
0.00
0.00
0.00
0.00
0.00
0.00
0.00
0.00
0.00
0.00
0.00
0.00
0.00
0.00
0.00
0.00
0.00
0.00
0.00
0.00
0.00
0.00
0.00
0.00
0.00
0.00
0.00
0.00
0.00
0.00
0.00
0.00
0.00
0.00
0.00
0.00
0.00
0.00
0.00
0.00
0.00
0.00
0.00
0.00
0.00
0.00
0.00
0.00
0.00
0.00
0.00
0.00
0.00
0.00
0.00
0.00
0.00
0.00
0.00
0.00
0.00
0.00
0.00
0.00
0.00
0.00
0.00
0.00
0.00
0.00
0.00
0.00
0.00
0.00
0.00
0.00
0.00
0.00
0.00
0.00
0.00
0.00
0.00
0.00
0.00
0.00
0.00
0.00
0.00
0.00
0.00
914.57
0.00
917.83
0.00
521.67
111.01
443.67
0.00
0.00
0.00
433.76
139.63
0.00
0.00
0.00
0.00
0.00
0.00
0.00
0.00
0.00
0.00
0.00
0.00
0.00
0.00
0.00
0.00
0.00
0.00
0.00
0.00
0.00
0.00
0.00
0.00
0.00
0.00
0.00
0.00
0.00
0.00
0.00
0.00
0.00
0.00
0.00
0.00
0.00
0.00
0.00
0.00
0.00
0.00
0.00
0.00
0.00
0.00
0.00
0.00
0.00
0.00
0.00
0.00
0.00
0.00
0.00
0.00
0.00
0.00
0.00
0.00
0.00
0.00
0.00
0.00
0.00
0.00
0.00
0.00
0.00
0.00
0.00
0.00
0.00
0.00
0.00
0.00
0.00
0.00
0.00
0.00
0.00
0.00
0.00
0.00
0.00
0.00
0.00
0.00
0.00
0.00
0.00
0.00
0.00
0.00
0.00
0.00
0.00
0.00
0.00
0.00
840.56
0.00
217.79
0.00
0.00
0.00
0.00
0.00
273.92
0.00
265.35
0.00
0.00
0.00
0.00
0.00
0.00
0.00
0.00
0.00
0.00
0.00
0.00
0.00
0.00
0.00
0.00
0.00
0.00
0.00
0.00
0.00
0.00
0.00
0.00
0.00
0.00
0.00
0.00
0.00
0.00
0.00
0.00
0.00
0.00
0.00
0.00
0.00
0.00
0.00
0.00
0.00
0.00
0.00
0.00
0.00
0.00
0.00
0.00
0.00
0.00
0.00
0.00
0.00
0.00
0.00
0.00
0.00
0.00
0.00
0.00
0.00
0.00
0.00
0.00
0.00
0.00
0.00
0.00
0.00
0.00
0.00
0.00
0.00
0.00
0.00
0.00
0.00
0.00
0.00
0.00
0.00
0.00
0.00
0.00
0.00
0.00
0.00
0.00
0.00
0.00
0.00
0.00
0.00
0.00
0.00
0.00
0.00
740.62
0.00
708.17
320.87
814.48
452.26
0.00
0.00
40.69
403.58
0.00
0.00
0.00
0.00
0.00
0.00
0.00
0.00
0.00
0.00
0.00
0.00
0.00
0.00
0.00
0.00
0.00
0.00
0.00
0.00
0.00
0.00
0.00
0.00
0.00
0.00
0.00
0.00
0.00
0.00
0.00
0.00
0.00
0.00
0.00
0.00
0.00
0.00
0.00
0.00
0.00
0.00
0.00
0.00
0.00
0.00
0.00
0.00
0.00
0.00
0.00
0.00
0.00
0.00
0.00
0.00
0.00
0.00
0.00
0.00
0.00
0.00
0.00
0.00
0.00
0.00
0.00
0.00
0.00
0.00
0.00
0.00
0.00
0.00
0.00
0.00
0.00
0.00
0.00
0.00
0.00
0.00
0.00
0.00
0.00
0.00
0.00
0.00
0.00
0.00
0.00
0.00
0.00
0.00
0.00
0.00
0.00
953.47
0.00
815.89
0.00
0.00
782.57
0.00
0.00
0.00
269.55
0.00
984.29
0.00
0.00
0.00
0.00
0.00
0.00
0.00
0.00
0.00
0.00
0.00
0.00
0.00
0.00
0.00
0.00
0.00
0.00
0.00
0.00
0.00
0.00
0.00
0.00
0.00
0.00
0.00
0.00
0.00
0.00
0.00
0.00
0.00
0.00
0.00
0.00
0.00
0.00
0.00
0.00
0.00
0.00
0.00
0.00
0.00
0.00
0.00
0.00
0.00
0.00
0.00
0.00
0.00
0.00
0.00
0.00
0.00
0.00
0.00
0.00
0.00
0.00
0.00
0.00
0.00
0.00
0.00
0.00
0.00
0.00
0.00
0.00
0.00
0.00
0.00
0.00
0.00
0.00
0.00
0.00
0.00
0.00
0.00
0.00
0.00
0.00
0.00
0.00
0.00
0.00
0.00
0.00
0.00
0.00
0.00
0.00
0.00
632.64
0.00
0.00
123.68
0.00
828.80
211.96
0.00
0.00
0.00
0.00
1042.44
0.00
0.00
0.00
0.00
0.00
0.00
0.00
0.00
0.00
0.00
0.00
0.00
0.00
0.00
0.00
0.00
0.00
0.00
0.00
0.00
0.00
0.00
0.00
0.00
0.00
0.00
0.00
0.00
0.00
0.00
0.00
0.00
0.00
0.00
0.00
0.00
0.00
0.00
0.00
0.00
0.00
0.00
0.00
0.00
0.00
0.00
0.00
0.00
0.00
0.00
0.00
0.00
0.00
0.00
0.00
0.00
0.00
0.00
0.00
0.00
0.00
0.00
0.00
0.00
0.00
0.00
0.00
0.00
0.00
0.00
0.00
0.00
0.00
0.00
0.00
0.00
0.00
0.00
0.00
0.00
0.00
0.00
0.00
0.00
0.00
0.00
0.00
0.00
0.00
0.00
0.00
0.00
0.00
0.00
0.00
0.00
0.00
0.00
0.00
0.00
0.00
0.00
864.43
0.00
0.00
0.00
0.00
0.00
0.00
0.00
0.00
0.00
0.00
0.00
0.00
0.00
0.00
0.00
0.00
0.00
0.00
0.00
0.00
0.00
0.00
0.00
0.00
0.00
0.00
0.00
0.00
0.00
0.00
0.00
0.00
0.00
0.00
0.00
0.00
0.00
0.00
0.00
0.00
0.00
0.00
0.00
0.00
0.00
0.00
0.00
0.00
0.00
0.00
0.00
0.00
0.00
0.00
0.00
0.00
0.00
0.00
0.00
0.00
0.00
0.00
0.00
0.00
0.00
0.00
0.00
0.00
0.00
0.00
0.00
0.00
0.00
0.00
0.00
0.00
0.00
0.00
0.00
0.00
0.00
0.00
0.00
0.00
0.00
0.00
0.00
0.00
0.00
0.00
0.00
0.00
0.00
0.00
0.00
0.00
0.00
0.00
0.00
0.00
0.00
0.00
0.00
0.00
0.00
423.23
580.51
0.00
114.02
0.00
0.00
0.00
292.80
0.00
0.00
0.00
0.00
0.00
0.00
0.00
0.00
0.00
0.00
0.00
0.00
0.00
0.00
0.00
0.00
0.00
0.00
0.00
0.00
0.00
0.00
0.00
0.00
0.00
0.00
0.00
0.00
0.00
0.00
0.00
0.00
0.00
0.00
0.00
0.00
0.00
0.00
0.00
0.00
0.00
0.00
0.00
0.00
0.00
0.00
0.00
0.00
0.00
0.00
0.00
0.00
0.00
0.00
0.00
0.00
0.00
0.00
0.00
0.00
0.00
0.00
0.00
0.00
0.00
0.00
0.00
0.00
0.00
0.00
0.00
0.00
0.00
0.00
0.00
0.00
0.00
0.00
0.00
0.00
0.00
0.00
0.00
0.00
0.00
0.00
0.00
0.00
0.00
0.00
0.00
0.00
0.00
0.00
0.00
0.00
0.00
0.00
0.00
0.00
0.00
369.79
0.00
0.00
223.69
0.00
0.00
0.00
0.00
0.00
0.00
0.00
0.00
0.00
0.00
0.00
0.00
0.00
0.00
0.00
0.00
0.00
0.00
0.00
0.00
0.00
0.00
0.00
0.00
0.00
0.00
0.00
0.00
0.00
0.00
0.00
0.00
0.00
0.00
0.00
0.00
0.00
0.00
0.00
0.00
0.00
0.00
0.00
0.00
0.00
0.00
0.00
0.00
0.00
0.00
0.00
0.00
0.00
0.00
0.00
0.00
0.00
0.00
0.00
0.00
0.00
0.00
0.00
0.00
0.00
0.00
0.00
0.00
0.00
0.00
0.00
0.00
0.00
0.00
0.00
0.00
0.00
0.00
0.00
0.00
0.00
0.00
0.00
0.00
0.00
0.00
0.00
0.00
0.00
0.00
0.00
0.00
0.00
0.00
0.00
0.00
0.00
0.00
0.00
0.00
0.00
0.00
0.00
184.59
0.00
0.00
717.12
0.00
329.57
831.60
0.00
0.00
0.00
0.00
0.00
0.00
0.00
0.00
0.00
0.00
0.00
0.00
0.00
0.00
0.00
0.00
0.00
0.00
0.00
0.00
0.00
0.00
0.00
0.00
0.00
0.00
0.00
0.00
0.00
0.00
0.00
0.00
0.00
0.00
0.00
0.00
0.00
0.00
0.00
0.00
0.00
0.00
0.00
0.00
0.00
0.00
0.00
0.00
0.00
0.00
0.00
0.00
0.00
0.00
0.00
0.00
0.00
0.00
0.00
0.00
0.00
0.00
0.00
0.00
0.00
0.00
0.00
0.00
0.00
0.00
0.00
0.00
0.00
0.00
0.00
0.00
0.00
0.00
0.00
0.00
0.00
0.00
0.00
0.00
0.00
0.00
0.00
0.00
0.00
0.00
0.00
0.00
0.00
0.00
0.00
0.00
0.00
0.00
0.00
0.00
0.00
0.00
0.00
0.00
638.81
0.00
0.00
803.78
0.00
0.00
0.00
0.00
0.00
0.00
0.00
0.00
0.00
0.00
0.00
0.00
0.00
0.00
0.00
0.00
0.00
0.00
0.00
0.00
0.00
0.00
0.00
0.00
0.00
0.00
0.00
0.00
0.00
0.00
0.00
0.00
0.00
0.00
0.00
0.00
0.00
0.00
0.00
0.00
0.00
0.00
0.00
0.00
0.00
0.00
0.00
0.00
0.00
0.00
0.00
0.00
0.00
0.00
0.00
0.00
0.00
0.00
0.00
0.00
0.00
0.00
0.00
0.00
0.00
0.00
0.00
0.00
0.00
0.00
0.00
0.00
0.00
0.00
0.00
0.00
0.00
0.00
0.00
0.00
0.00
0.00
0.00
0.00
0.00
0.00
0.00
0.00
0.00
0.00
0.00
0.00
0.00
0.00
0.00
0.00
0.00
0.00
0.00
0.00
0.00
0.00
0.00
0.00
0.00
0.00
0.00
0.00
851.27
0.00
0.00
0.00
0.00
0.00
0.00
0.00
0.00
0.00
0.00
0.00
0.00
0.00
0.00
0.00
0.00
0.00
0.00
0.00
0.00
0.00
0.00
0.00
0.00
0.00
0.00
0.00
0.00
0.00
0.00
0.00
0.00
0.00
0.00
0.00
0.00
0.00
0.00
0.00
0.00
0.00
0.00
0.00
0.00
0.00
0.00
0.00
0.00
0.00
0.00
0.00
0.00
0.00
0.00
0.00
0.00
0.00
0.00
0.00
0.00
0.00
0.00
0.00
0.00
0.00
0.00
0.00
0.00
0.00
0.00
0.00
0.00
0.00
0.00
0.00
0.00
0.00
0.00
0.00
0.00
0.00
0.00
0.00
0.00
0.00
0.00
0.00
0.00
0.00
0.00
0.00
0.00
0.00
0.00
0.00
0.00
0.00
0.00
0.00
0.00
0.00
0.00
0.00
0.00
0.00
0.00
0.00
0.00
0.00
0.00
0.00
0.00
0.00
0.00
0.00
0.00
0.00
0.00
0.00
0.00
0.00
0.00
0.00
0.00
0.00
0.00
0.00
0.00
0.00
0.00
0.00
0.00
0.00
0.00
0.00
0.00
0.00
0.00
0.00
0.00
0.00
0.00
0.00
0.00
0.00
0.00
0.00
0.00
0.00
0.00
0.00
0.00
0.00
0.00
0.00
0.00
0.00
0.00
0.00
0.00
0.00
0.00
0.00
0.00
0.00
0.00
0.00
0.00
0.00
0.00
0.00
0.00
0.00
0.00
0.00
0.00
0.00
0.00
0.00
0.00
0.00
0.00
0.00
0.00
0.00
0.00
0.00
0.00
0.00
0.00
0.00
0.00
0.00
0.00
0.00
0.00
0.00
0.00
0.00
0.00
0.00
0.00
0.00
0.00
0.00
0.00
0.00
0.00
0.00
0.00
0.00
0.00
257.56
0.00
0.00
0.00
0.00
0.00
0.00
0.00
0.00
0.00
0.00
0.00
0.00
0.00
0.00
0.00
0.00
0.00
0.00
0.00
0.00
0.00
0.00
0.00
0.00
0.00
0.00
0.00
0.00
0.00
0.00
0.00
0.00
0.00
0.00
0.00
0.00
0.00
0.00
0.00
0.00
0.00
0.00
0.00
0.00
0.00
0.00
0.00
0.00
0.00
0.00
0.00
0.00
0.00
0.00
0.00
0.00
0.00
0.00
0.00
0.00
0.00
0.00
0.00
0.00
0.00
0.00
0.00
0.00
0.00
0.00
0.00
0.00
0.00
0.00
0.00
0.00
0.00
0.00
0.00
0.00
0.00
0.00
0.00
0.00
0.00
0.00
0.00
0.00
0.00
0.00
0.00
0.00
0.00
0.00
0.00
0.00
0.00
0.00
0.00
0.00
0.00
0.00
0.00
0.00
0.00
0.00
0.00
0.00
0.00
0.00
0.00
0.00
0.00
0.00
0.00
0.00
0.00
0.00
0.00
0.00
0.00
0.00
0.00
0.00
0.00
0.00
0.00
0.00
0.00
0.00
0.00
0.00
0.00
0.00
0.00
0.00
0.00
0.00
0.00
0.00
0.00
0.00
0.00
0.00
0.00
0.00
0.00
0.00
0.00
0.00
0.00
0.00
0.00
0.00
0.00
0.00
0.00
0.00
0.00
0.00
0.00
0.00
0.00
0.00
0.00
0.00
0.00
0.00
0.00
0.00
0.00
0.00
0.00
0.00
0.00
0.00
0.00
0.00
0.00
0.00
0.00
0.00
0.00
0.00
0.00
0.00
0.00
0.00
0.00
0.00
0.00
0.00
0.00
0.00
0.00
0.00
0.00
0.00
0.00
0.00
0.00
0.00
0.00
0.00
0.00
0.00
0.00
0.00
0.00
0.00
0.00
0.00
0.00
0.00
0.00
0.00
0.00
0.00
0.00
0.00
0.00
0.00
0.00
0.00
0.00
0.00
0.00
0.00
0.00
0.00
0.00
0.00
0.00
0.00
0.00
0.00
0.00
0.00
0.00
0.00
0.00
0.00
0.00
0.00
0.00
0.00
0.00
0.00
0.00
0.00
0.00
0.00
0.00
0.00
0.00
0.00
0.00
0.00
0.00
0.00
0.00
0.00
0.00
0.00
0.00
0.00
0.00
0.00
0.00
0.00
0.00
0.00
0.00
0.00
0.00
0.00
0.00
0.00
0.00
0.00
0.00
0.00
0.00
0.00
0.00
0.00
0.00
0.00
0.00
0.00
0.00
0.00
0.00
0.00
0.00
0.00
0.00
0.00
0.00
0.00
0.00
0.00
0.00
0.00
0.00
0.00
0.00
0.00
0.00
0.00
0.00
0.00
0.00
0.00
0.00
0.00
0.00
0.00
0.00
0.00
0.00
0.00
0.00
0.00
0.00
0.00
623.03
0.00
0.00
0.00
0.00
0.00
0.00
0.00
0.00
0.00
0.00
0.00
0.00
0.00
0.00
0.00
0.00
0.00
0.00
0.00
0.00
0.00
0.00
0.00
0.00
0.00
0.00
0.00
0.00
0.00
0.00
0.00
0.00
0.00
0.00
0.00
0.00
0.00
0.00
0.00
0.00
0.00
0.00
0.00
0.00
0.00
0.00
0.00
0.00
0.00
0.00
0.00
0.00
0.00
0.00
0.00
0.00
0.00
0.00
0.00
0.00
0.00
0.00
0.00
0.00
0.00
0.00
0.00
0.00
0.00
0.00
0.00
0.00
0.00
0.00
0.00
0.00
0.00
0.00
0.00
0.00
0.00
0.00
0.00
0.00
0.00
0.00
0.00
0.00
0.00
0.00
0.00
0.00
0.00
0.00
0.00
0.00
0.00
0.00
0.00
0.00
0.00
0.00
0.00
0.00
0.00
0.00
0.00
0.00
