0.00
0.00
0.00
0.00
647.47
0.00
0.00
257.94
707.68
0.00
775.01
89.99
628.00
0.00
0.00
0.00
618.82
987.98
115.50
0.00
885.55
0.00
196.57
0.00
903.87
0.00
0.00
0.00
833.11
0.00
0.00
0.00
689.95
0.00
0.00
0.00
479.06
0.00
0.00
0.00
511.22
153.02
0.00
0.00
404.69
0.00
0.00
0.00
720.31
0.00
0.00
190.09
759.34
0.00
0.00
0.00
559.44
0.00
0.00
0.00
886.46
0.00
0.00
633.46
692.33
0.00
0.00
0.00
909.27
0.00
0.00
0.00
0.00
0.00
0.00
0.00
0.00
85.40
0.00
0.00
0.00
93.35
1076.73
468.79
446.80
82.84
0.00
0.00
0.00
81.62
0.00
0.00
0.00
116.81
0.00
0.00
0.00
119.22
0.00
0.00
813.54
109.89
0.00
0.00
0.00
91.01
0.00
0.00
0.00
63.19
0.00
0.00
0.00
67.43
0.00
0.00
0.00
53.38
0.00
0.00
0.00
95.01
0.00
0.00
0.00
100.16
0.00
0.00
0.00
73.79
0.00
0.00
0.00
116.93
911.44
0.00
0.00
91.32
0.00
0.00
0.00
119.94
0.00
0.00
0.00
0.00
0.00
53.55
0.00
0.00
167.55
0.00
0.00
994.25
183.13
0.00
0.00
0.00
162.51
0.00
0.00
0.00
160.13
0.00
0.00
0.00
229.15
0.00
0.00
0.00
233.90
0.00
0.00
0.00
215.59
0.00
0.00
0.00
178.54
0.00
0.00
0.00
123.97
0.00
0.00
0.00
132.29
0.00
0.00
0.00
104.72
0.00
0.00
0.00
186.39
0.00
0.00
0.00
196.50
0.00
0.00
0.00
144.77
0.00
0.00
0.00
229.39
0.00
0.00
0.00
179.16
0.00
0.00
0.00
235.29
0.00
0.00
0.00
0.00
0.00
0.00
0.00
0.00
246.85
0.00
0.00
388.65
269.81
0.00
0.00
0.00
239.43
0.00
0.00
0.00
235.93
0.00
311.50
0.00
337.62
0.00
1035.48
0.00
344.61
0.00
0.00
891.30
317.63
0.00
307.59
0.00
263.05
0.00
0.00
0.00
182.64
449.36
0.00
0.00
194.91
0.00
0.00
0.00
154.29
493.69
0.00
84.25
274.62
0.00
0.00
0.00
289.50
0.00
0.00
0.00
213.29
0.00
0.00
371.48
337.97
0.00
0.00
0.00
263.96
0.00
0.00
0.00
346.67
0.00
0.00
0.00
0.00
0.00
598.56
0.00
0.00
617.97
0.00
0.00
0.00
538.29
0.00
0.00
0.00
529.11
0.00
686.56
0.00
795.84
0.00
381.54
0.00
814.17
0.00
0.00
0.00
743.41
0.00
0.00
0.00
600.24
0.00
0.00
334.15
389.35
0.00
0.00
9.26
421.52
0.00
0.00
0.00
314.99
0.00
0.00
0.00
630.60
0.00
0.00
0.00
669.64
0.00
0.00
0.00
469.74
0.00
15.08
0.00
796.75
0.00
0.00
0.00
602.63
0.00
0.00
0.00
819.57
1074.30
0.00
0.00
0.00
0.00
0.00
0.00
0.00
0.00
0.00
0.00
643.34
81.51
0.00
0.00
0.00
71.00
0.00
0.00
0.00
69.79
0.00
0.00
707.14
104.97
0.00
353.13
421.72
107.39
0.00
0.00
0.00
98.06
0.00
0.00
0.00
79.17
0.00
0.00
450.29
51.36
0.00
0.00
823.54
55.60
0.00
0.00
0.00
41.55
0.00
387.33
0.00
83.18
0.00
345.25
653.18
88.33
0.00
0.00
0.00
61.96
0.00
0.00
0.00
105.10
0.00
0.00
0.00
79.49
0.00
0.00
1055.14
108.10
0.00
0.00
0.00
0.00
0.00
0.00
0.00
0.00
0.00
0.00
172.74
0.00
159.91
0.00
678.40
0.00
139.29
0.00
0.00
0.00
136.92
0.00
0.00
0.00
205.94
0.00
0.00
0.00
210.68
0.00
0.00
0.00
192.37
669.21
0.00
257.02
155.33
0.00
0.00
0.00
100.75
0.00
0.00
0.00
109.08
0.00
0.00
0.00
81.51
0.00
503.15
0.00
163.18
0.00
0.00
0.00
173.28
0.00
0.00
557.84
121.55
0.00
0.00
0.00
206.18
183.75
0.00
0.00
155.94
0.00
0.00
0.00
212.08
0.00
0.00
0.00
0.00
0.00
0.00
0.00
0.00
0.00
0.00
0.00
0.00
235.61
0.00
0.00
0.00
205.23
0.00
0.00
0.00
201.73
0.00
0.00
1053.13
303.42
0.00
0.00
0.00
310.41
0.00
0.00
0.00
283.43
851.15
0.00
0.00
228.85
0.00
0.00
0.00
148.44
0.00
0.00
477.86
160.71
0.00
0.00
1034.12
120.09
868.80
0.00
0.00
240.42
0.00
0.00
0.00
255.30
0.00
0.00
0.00
179.09
0.00
0.00
0.00
303.77
0.00
0.00
0.00
229.75
0.00
976.10
0.00
312.46
0.00
0.00
0.00
0.00
0.00
0.00
0.00
0.00
0.00
0.00
701.92
0.00
598.50
0.00
0.00
0.00
589.32
0.00
0.00
0.00
856.05
0.00
0.00
0.00
874.38
0.00
0.00
0.00
803.62
0.00
105.88
0.00
660.45
0.00
639.17
0.00
449.56
0.00
0.00
0.00
481.73
0.00
0.00
0.00
375.20
0.00
0.00
0.00
690.81
1032.87
298.12
0.00
729.85
0.00
0.00
0.00
529.95
0.00
758.56
0.00
856.96
0.00
0.00
0.00
662.84
505.47
874.60
0.00
879.78
0.00
0.00
38.91
0.00
0.00
0.00
0.00
0.00
0.00
0.00
0.00
0.00
0.00
220.91
679.43
0.00
78.94
0.00
0.00
0.00
77.73
0.00
0.00
0.00
112.92
0.00
0.00
0.00
115.33
0.00
0.00
0.00
106.00
0.00
0.00
0.00
87.12
0.00
0.00
563.48
59.30
0.00
0.00
0.00
63.54
0.00
0.00
0.00
49.49
0.00
1025.02
0.00
91.12
1075.95
0.00
0.00
96.27
0.00
0.00
0.00
69.90
0.00
0.00
0.00
113.04
0.00
70.14
392.60
87.43
0.00
0.00
0.00
116.05
0.00
0.00
0.00
0.00
0.00
0.00
0.00
0.00
0.00
0.00
0.00
0.00
0.00
0.00
0.00
276.87
154.87
0.00
749.09
0.00
152.50
0.00
0.00
0.00
221.52
0.00
0.00
255.18
226.26
0.00
0.00
0.00
207.95
0.00
0.00
0.00
170.91
0.00
0.00
925.04
116.33
0.00
0.00
0.00
124.66
0.00
0.00
228.19
97.09
0.00
0.00
0.00
178.76
0.00
732.21
0.00
188.86
0.00
0.00
0.00
137.14
0.00
296.25
0.00
221.76
0.00
0.00
0.00
171.52
0.00
979.19
0.00
227.66
0.00
0.00
0.00
0.00
0.00
0.00
0.00
0.00
0.00
0.00
0.00
0.00
0.00
0.00
0.00
0.00
228.18
0.00
0.00
0.00
224.68
0.00
0.00
0.00
326.37
0.00
0.00
0.00
333.36
0.00
450.98
0.00
306.38
0.00
384.50
547.66
251.80
0.00
0.00
845.89
171.40
0.00
0.00
0.00
183.66
39.67
0.00
737.69
143.05
0.00
521.63
0.00
263.38
0.00
0.00
0.00
278.26
0.00
0.00
0.00
202.05
0.00
386.56
770.57
326.72
0.00
0.00
0.00
252.71
0.00
1028.05
0.00
335.42
0.00
0.00
0.00
0.00
0.00
0.00
0.00
0.00
0.00
0.00
0.00
0.00
0.00
0.00
0.00
458.62
509.64
340.18
0.00
0.00
776.37
0.00
0.00
0.00
794.70
0.00
0.00
793.54
723.94
0.00
0.00
0.00
580.77
0.00
0.00
0.00
369.88
489.03
0.00
0.00
402.05
853.31
0.00
753.45
295.52
681.92
0.00
0.00
611.13
0.00
0.00
0.00
650.17
0.00
0.00
0.00
450.27
637.86
0.00
0.00
777.28
0.00
0.00
0.00
583.16
0.00
0.00
0.00
800.10
62.74
0.00
0.00
0.00
0.00
0.00
0.00
0.00
0.00
0.00
0.00
0.00
0.00
0.00
0.00
0.00
0.00
0.00
0.00
0.00
67.22
0.00
0.00
0.00
102.41
162.10
0.00
0.00
104.82
540.17
0.00
0.00
95.49
0.00
0.00
0.00
76.61
0.00
0.00
0.00
48.79
587.81
0.00
0.00
53.03
0.00
0.00
0.00
38.98
170.36
0.00
18.11
80.61
0.00
0.00
0.00
85.76
0.00
0.00
0.00
59.39
743.20
0.00
0.00
102.53
290.26
688.68
0.00
76.92
0.00
0.00
0.00
105.54
0.00
998.55
0.00
0.00
0.00
0.00
0.00
0.00
0.00
0.00
0.00
0.00
0.00
0.00
0.00
0.00
0.00
0.00
0.00
0.00
131.88
89.76
407.63
0.00
200.90
285.07
0.00
0.00
205.64
0.00
0.00
1010.48
187.33
0.00
0.00
0.00
150.29
0.00
0.00
701.97
95.71
0.00
0.00
0.00
104.04
0.00
0.00
0.00
76.47
0.00
0.00
0.00
158.14
322.65
0.00
0.00
168.24
130.61
0.00
0.00
116.52
0.00
0.00
0.00
201.14
0.00
154.50
0.00
150.90
0.00
0.00
0.00
207.04
0.00
0.00
0.00
0.00
0.00
0.00
0.00
0.00
0.00
0.00
0.00
0.00
0.00
0.00
0.00
0.00
0.00
0.00
0.00
0.00
194.30
0.00
0.00
0.00
295.99
718.75
504.32
0.00
302.98
0.00
0.00
0.00
276.00
0.00
0.00
0.00
221.42
0.00
0.00
0.00
141.02
0.00
845.06
0.00
153.28
0.00
0.00
0.00
112.67
0.00
0.00
0.00
233.00
0.00
0.00
0.00
247.88
0.00
0.00
0.00
171.67
0.00
0.00
0.00
296.34
0.00
0.00
0.00
222.33
0.00
0.00
760.53
305.04
0.00
0.00
0.00
0.00
0.00
0.00
0.00
0.00
0.00
0.00
0.00
0.00
0.00
0.00
0.00
0.00
0.00
0.00
0.00
0.00
767.19
0.00
0.00
0.00
785.52
0.00
0.00
59.57
714.76
0.00
621.55
628.48
571.59
0.00
594.26
0.00
360.70
0.00
802.24
0.00
392.87
599.68
0.00
0.00
286.34
0.00
0.00
0.00
601.95
0.00
0.00
0.00
640.99
655.64
488.60
0.00
441.09
0.00
0.00
0.00
768.10
0.00
0.00
0.00
573.98
959.25
0.00
0.00
790.92
0.00
902.91
789.37
0.00
0.00
0.00
0.00
0.00
0.00
0.00
0.00
0.00
0.00
0.00
0.00
0.00
0.00
0.00
0.00
0.00
0.00
0.00
154.18
0.00
101.20
0.00
0.00
795.29
103.61
0.00
0.00
0.00
94.28
0.00
0.00
0.00
75.40
0.00
0.00
207.05
47.58
0.00
0.00
0.00
51.82
0.00
0.00
0.00
37.77
0.00
0.00
0.00
79.40
0.00
0.00
0.00
84.55
0.00
0.00
0.00
58.18
0.00
0.00
0.00
101.32
0.00
0.00
0.00
75.71
0.00
0.00
970.58
104.33
0.00
0.00
0.00
0.00
0.00
0.00
0.00
0.00
0.00
0.00
0.00
0.00
0.00
0.00
0.00
0.00
0.00
0.00
0.00
0.00
0.00
0.00
0.00
0.00
198.53
0.00
738.45
0.00
203.27
0.00
0.00
0.00
184.96
0.00
0.00
334.48
147.91
0.00
0.00
0.00
93.34
0.00
878.09
0.00
101.66
0.00
832.62
0.00
74.10
343.83
0.00
0.00
155.77
0.00
0.00
0.00
165.87
0.00
0.00
0.00
114.14
0.00
1041.10
0.00
198.76
0.00
0.00
0.00
148.53
0.00
0.00
0.00
204.67
0.00
0.00
0.00
0.00
0.00
0.00
0.00
0.00
0.00
0.00
0.00
0.00
0.00
0.00
0.00
0.00
0.00
0.00
0.00
0.00
0.00
0.00
0.00
273.23
292.50
0.00
760.29
0.00
299.48
0.00
0.00
0.00
272.51
0.00
0.00
0.00
217.92
303.98
0.00
0.00
137.52
0.00
0.00
0.00
149.78
0.00
0.00
0.00
109.17
0.00
0.00
0.00
229.50
0.00
16.73
0.00
244.38
0.00
197.20
0.00
168.17
0.00
0.00
0.00
292.84
0.00
0.00
0.00
218.83
0.00
0.00
0.00
301.54
0.00
0.00
0.00
0.00
0.00
0.00
0.00
0.00
0.00
0.00
0.00
0.00
0.00
0.00
0.00
0.00
0.00
0.00
0.00
0.00
0.00
0.00
0.00
0.00
1052.25
0.00
0.00
0.00
981.49
0.00
0.00
256.40
838.32
0.00
0.00
0.00
627.43
0.00
480.82
0.00
659.60
0.00
0.00
895.93
553.07
0.00
0.00
0.00
868.68
0.00
400.30
614.61
907.72
0.00
216.72
0.00
707.82
0.00
0.00
0.00
1034.83
0.00
0.00
0.00
840.71
0.00
0.00
0.00
1057.65
0.00
0.00
404.58
0.00
0.00
0.00
0.00
0.00
0.00
0.00
0.00
0.00
0.00
0.00
0.00
0.00
0.00
0.00
0.00
0.00
0.00
0.00
0.00
0.00
0.00
0.00
0.00
0.00
138.80
0.00
0.00
0.00
129.46
0.00
0.00
0.00
110.58
0.00
0.00
0.00
82.76
0.00
0.00
291.66
87.00
0.00
0.00
0.00
72.95
0.00
44.84
0.00
114.58
0.00
0.00
0.00
119.73
0.00
0.00
0.00
93.36
0.00
0.00
0.00
136.50
0.00
0.00
0.00
110.89
0.00
0.00
0.00
139.51
0.00
0.00
0.00
0.00
0.00
0.00
0.00
0.00
0.00
0.00
0.00
0.00
0.00
0.00
0.00
0.00
0.00
0.00
0.00
0.00
0.00
0.00
0.00
0.00
0.00
0.00
0.00
0.00
272.29
0.00
0.00
0.00
253.98
635.29
0.00
0.00
216.93
698.32
0.00
0.00
162.36
0.00
0.00
0.00
170.68
0.00
0.00
0.00
143.12
0.00
531.39
0.00
224.79
445.59
708.72
0.00
234.89
0.00
0.00
0.00
183.16
0.00
0.00
0.00
267.78
0.00
7.22
0.00
217.55
53.68
0.00
343.71
273.69
0.00
0.00
0.00
0.00
0.00
0.00
0.00
0.00
0.00
0.00
0.00
0.00
0.00
0.00
0.00
0.00
0.00
0.00
0.00
0.00
0.00
0.00
0.00
0.00
0.00
0.00
0.00
0.00
401.17
0.00
0.00
0.00
374.20
101.80
0.00
0.00
319.61
0.00
417.24
0.00
239.21
0.00
0.00
0.00
251.48
0.00
0.00
0.00
210.86
0.00
0.00
0.00
331.19
0.00
0.00
0.00
346.07
0.00
0.00
0.00
269.86
0.00
0.00
0.00
394.54
0.00
1065.45
0.00
320.52
0.00
0.00
499.55
403.23
0.00
0.00
0.00
0.00
0.00
0.00
0.00
0.00
0.00
0.00
0.00
0.00
0.00
0.00
0.00
0.00
0.00
0.00
0.00
0.00
0.00
0.00
0.00
0.00
0.00
0.00
0.00
965.62
999.81
0.00
0.00
0.00
856.65
0.00
0.00
0.00
645.76
0.00
0.00
0.00
677.93
0.00
0.00
0.00
571.40
437.70
1053.82
0.00
887.01
0.00
0.00
0.00
926.04
0.00
0.00
0.00
726.14
0.00
0.00
0.00
1053.16
0.00
0.00
707.42
859.03
0.00
0.00
0.00
1075.97
367.07
757.48
68.98
0.00
0.00
0.00
0.00
0.00
0.00
0.00
0.00
0.00
0.00
0.00
0.00
0.00
0.00
0.00
0.00
0.00
0.00
0.00
0.00
0.00
0.00
0.00
0.00
0.00
0.00
0.00
263.22
0.00
131.88
0.00
950.32
0.00
113.00
0.00
0.00
0.00
85.18
0.00
0.00
0.00
89.42
570.46
0.00
0.00
75.37
0.00
777.84
0.00
117.00
0.00
0.00
0.00
122.15
0.00
0.00
0.00
95.78
0.00
0.00
0.00
138.92
0.00
0.00
552.07
113.31
0.00
9.69
0.00
141.93
0.00
0.00
0.00
0.00
0.00
0.00
0.00
0.00
0.00
0.00
0.00
0.00
0.00
0.00
0.00
0.00
0.00
0.00
0.00
0.00
0.00
0.00
0.00
0.00
0.00
0.00
0.00
0.00
0.00
0.00
0.00
0.00
258.72
430.52
0.00
0.00
221.68
0.00
0.00
0.00
167.10
0.00
0.00
0.00
175.43
0.00
0.00
0.00
147.86
0.00
0.00
0.00
229.53
0.00
0.00
0.00
239.63
0.00
0.00
0.00
187.90
0.00
0.00
0.00
272.53
0.00
0.00
0.00
222.29
353.49
0.00
0.00
278.43
0.00
0.00
0.00
0.00
0.00
0.00
0.00
0.00
0.00
0.00
0.00
0.00
0.00
0.00
0.00
0.00
0.00
0.00
0.00
0.00
0.00
0.00
0.00
0.00
0.00
0.00
0.00
0.00
0.00
0.00
0.00
0.00
381.18
0.00
0.00
0.00
326.60
0.00
888.27
913.47
246.20
0.00
0.00
0.00
258.46
0.00
0.00
0.00
217.85
0.00
0.00
0.00
338.18
0.00
0.00
0.00
353.06
0.00
947.46
0.00
276.85
0.00
0.00
0.00
401.52
0.00
0.00
692.11
327.51
0.00
0.00
880.28
410.22
0.00
0.00
0.00
0.00
0.00
0.00
0.00
0.00
0.00
0.00
0.00
0.00
0.00
0.00
0.00
0.00
0.00
0.00
0.00
0.00
0.00
0.00
0.00
0.00
0.00
0.00
0.00
0.00
0.00
0.00
0.00
0.00
785.89
0.00
0.00
0.00
575.00
0.00
0.00
0.00
607.17
0.00
0.00
0.00
500.64
0.00
0.00
0.00
816.25
0.00
0.00
189.62
855.28
0.00
0.00
0.00
655.38
118.43
0.00
466.56
982.40
0.00
409.86
1075.30
788.27
0.00
299.96
0.00
1005.21
0.00
879.28
881.42
0.00
0.00
0.00
0.00
0.00
0.00
0.00
0.00
0.00
0.00
0.00
0.00
0.00
0.00
0.00
0.00
0.00
0.00
0.00
0.00
0.00
0.00
0.00
0.00
0.00
0.00
0.00
0.00
0.00
0.00
0.00
0.00
0.00
103.66
0.00
0.00
0.00
75.84
0.00
0.00
0.00
80.09
0.00
0.00
0.00
66.04
0.00
0.00
0.00
107.67
0.00
0.00
0.00
112.82
0.00
0.00
0.00
86.45
0.00
0.00
0.00
129.58
0.00
0.00
0.00
103.98
0.00
0.00
0.00
132.59
0.00
0.00
0.00
0.00
0.00
0.00
0.00
0.00
0.00
0.00
0.00
0.00
0.00
0.00
0.00
0.00
0.00
0.00
0.00
0.00
0.00
0.00
0.00
0.00
0.00
0.00
0.00
0.00
0.00
0.00
0.00
0.00
0.00
0.00
0.00
0.00
203.36
0.00
0.00
0.00
148.79
0.00
0.00
0.00
157.12
0.00
445.80
0.00
129.55
0.00
0.00
0.00
211.22
0.00
0.00
0.00
221.32
528.55
0.00
0.00
169.59
0.00
0.00
257.43
254.22
0.00
0.00
0.00
203.98
0.00
0.00
0.00
260.12
0.00
0.00
0.00
0.00
0.00
0.00
0.00
0.00
0.00
0.00
0.00
0.00
0.00
0.00
0.00
0.00
0.00
0.00
0.00
0.00
0.00
0.00
0.00
0.00
0.00
0.00
0.00
0.00
0.00
0.00
0.00
0.00
0.00
0.00
993.86
0.00
299.62
0.00
0.00
268.01
219.22
884.47
0.00
0.00
231.48
0.00
0.00
0.00
190.87
0.00
0.00
0.00
311.20
0.00
0.00
0.00
326.08
0.00
0.00
0.00
249.87
0.00
394.17
0.00
374.54
0.00
0.00
0.00
300.53
0.00
0.00
0.00
383.24
0.00
0.00
0.00
0.00
0.00
0.00
0.00
0.00
0.00
0.00
0.00
0.00
0.00
0.00
0.00
0.00
0.00
0.00
0.00
0.00
0.00
0.00
0.00
0.00
0.00
0.00
0.00
0.00
0.00
0.00
0.00
0.00
0.00
0.00
0.00
0.00
431.83
0.00
0.00
779.56
464.00
0.00
0.00
0.00
357.47
0.00
0.00
0.00
673.08
0.00
0.00
0.00
712.12
0.00
0.00
253.00
512.22
0.00
0.00
0.00
839.23
0.00
0.00
0.00
645.11
0.00
0.00
0.00
862.05
0.00
0.00
0.00
0.00
0.00
0.00
0.00
0.00
0.00
0.00
0.00
0.00
0.00
0.00
0.00
0.00
0.00
0.00
0.00
0.00
0.00
0.00
0.00
0.00
0.00
0.00
0.00
0.00
0.00
0.00
0.00
0.00
0.00
0.00
0.00
0.00
0.00
849.82
0.00
0.00
56.96
761.97
0.00
0.00
61.20
0.00
0.00
0.00
47.15
0.00
0.00
0.00
88.78
461.31
0.00
0.00
93.93
0.00
667.95
0.00
67.56
289.23
0.00
0.00
110.70
0.00
832.25
0.00
85.09
0.00
0.00
0.00
113.71
572.05
0.00
0.00
0.00
0.00
0.00
0.00
0.00
0.00
0.00
0.00
0.00
0.00
0.00
0.00
0.00
0.00
0.00
0.00
0.00
0.00
0.00
0.00
0.00
0.00
0.00
0.00
0.00
0.00
0.00
0.00
0.00
0.00
0.00
0.00
0.00
0.00
0.00
0.00
694.38
111.75
0.00
0.00
0.00
120.07
0.00
510.59
0.00
92.50
767.96
0.00
0.00
174.17
0.00
0.00
0.00
184.27
0.00
1035.13
0.00
132.55
0.00
0.00
0.00
217.17
0.00
0.00
0.00
166.93
0.00
0.00
0.00
223.07
0.00
0.00
0.00
0.00
0.00
0.00
0.00
0.00
0.00
0.00
0.00
0.00
0.00
0.00
0.00
0.00
0.00
0.00
0.00
0.00
0.00
0.00
0.00
0.00
0.00
0.00
0.00
0.00
0.00
0.00
0.00
0.00
0.00
0.00
0.00
0.00
0.00
0.00
0.00
0.00
164.64
0.00
159.26
0.00
176.90
0.00
0.00
0.00
136.29
930.97
0.00
799.71
256.62
0.00
0.00
0.00
271.50
1012.18
0.00
0.00
195.29
0.00
1070.15
0.00
319.96
0.00
0.00
0.00
245.95
0.00
65.97
0.00
328.66
0.00
0.00
0.00
0.00
0.00
0.00
0.00
0.00
0.00
0.00
0.00
0.00
0.00
0.00
0.00
0.00
0.00
0.00
0.00
0.00
0.00
0.00
0.00
0.00
0.00
0.00
0.00
0.00
0.00
0.00
0.00
0.00
0.00
0.00
0.00
0.00
0.00
0.00
0.00
0.00
253.11
660.56
0.00
0.00
146.58
846.55
0.00
0.00
462.19
0.00
0.00
0.00
501.23
0.00
0.00
905.42
301.33
0.00
0.00
0.00
628.35
0.00
0.00
0.00
434.22
345.28
228.77
0.00
651.16
0.00
0.00
0.00
0.00
0.00
0.00
0.00
0.00
0.00
0.00
0.00
0.00
0.00
0.00
0.00
0.00
0.00
0.00
0.00
0.00
0.00
0.00
0.00
0.00
0.00
0.00
0.00
0.00
0.00
0.00
0.00
0.00
0.00
0.00
0.00
0.00
0.00
0.00
0.00
0.00
0.00
0.00
0.00
0.00
33.39
0.00
0.00
0.00
19.33
0.00
0.00
0.00
60.97
0.00
0.00
0.00
66.11
0.00
0.00
0.00
39.75
0.00
0.00
379.82
82.88
785.36
0.00
0.00
57.27
0.00
0.00
0.00
85.89
0.00
0.00
0.00
0.00
0.00
0.00
0.00
0.00
0.00
0.00
0.00
0.00
0.00
0.00
0.00
0.00
0.00
0.00
0.00
0.00
0.00
0.00
0.00
0.00
0.00
0.00
0.00
0.00
0.00
0.00
0.00
0.00
0.00
0.00
0.00
0.00
0.00
0.00
0.00
0.00
0.00
0.00
0.00
649.34
65.50
331.45
0.00
0.00
37.93
0.00
0.00
399.36
119.60
0.00
0.00
0.00
129.70
0.00
0.00
0.00
77.97
872.39
0.00
0.00
162.60
0.00
182.80
0.00
112.36
0.00
0.00
0.00
168.50
0.00
0.00
0.00
0.00
0.00
0.00
0.00
0.00
0.00
0.00
0.00
0.00
0.00
0.00
0.00
0.00
0.00
0.00
0.00
0.00
0.00
0.00
0.00
0.00
0.00
0.00
0.00
0.00
0.00
0.00
0.00
0.00
0.00
0.00
0.00
0.00
0.00
0.00
0.00
0.00
0.00
0.00
0.00
0.00
96.50
0.00
0.00
0.00
55.88
0.00
0.00
0.00
176.21
0.00
0.00
0.00
191.10
0.00
545.34
0.00
114.88
0.00
0.00
0.00
239.56
0.00
0.00
719.15
165.55
0.00
0.00
0.00
248.26
0.00
0.00
0.00
0.00
0.00
0.00
0.00
0.00
0.00
0.00
0.00
0.00
0.00
0.00
0.00
0.00
0.00
0.00
0.00
0.00
0.00
0.00
0.00
0.00
0.00
0.00
0.00
0.00
0.00
0.00
0.00
0.00
0.00
0.00
0.00
0.00
0.00
0.00
0.00
0.00
0.00
0.00
0.00
0.00
178.75
46.40
0.00
0.00
494.36
0.00
0.00
0.00
533.39
0.00
0.00
0.00
333.49
0.00
178.29
0.00
660.51
0.00
0.00
185.17
466.38
0.00
0.00
0.00
683.32
0.00
0.00
0.00
0.00
0.00
0.00
0.00
0.00
0.00
0.00
0.00
0.00
0.00
0.00
0.00
0.00
0.00
0.00
0.00
0.00
0.00
0.00
0.00
0.00
0.00
0.00
0.00
0.00
0.00
0.00
0.00
0.00
0.00
0.00
0.00
0.00
0.00
0.00
0.00
0.00
0.00
0.00
0.00
0.00
0.00
0.00
674.08
0.00
23.58
0.00
0.00
345.94
65.21
398.21
0.00
0.00
70.36
0.00
696.81
0.00
43.99
0.00
0.00
0.00
87.12
812.93
0.00
0.00
61.52
0.00
0.00
0.00
90.13
0.00
0.00
0.00
0.00
0.00
0.00
0.00
0.00
0.00
0.00
0.00
0.00
0.00
0.00
0.00
0.00
0.00
0.00
0.00
0.00
0.00
0.00
0.00
0.00
0.00
0.00
0.00
0.00
0.00
0.00
0.00
0.00
0.00
0.00
0.00
0.00
0.00
0.00
0.00
0.00
0.00
0.00
0.00
0.00
0.00
0.00
0.00
0.00
46.25
0.00
0.00
0.00
127.93
0.00
0.00
150.11
138.03
0.00
0.00
0.00
86.30
0.00
219.24
0.00
170.92
0.00
897.33
0.00
120.69
676.17
0.00
0.00
176.82
269.04
0.00
0.00
0.00
0.00
0.00
0.00
0.00
0.00
0.00
0.00
0.00
0.00
0.00
0.00
0.00
0.00
0.00
0.00
0.00
0.00
0.00
0.00
0.00
0.00
0.00
0.00
0.00
0.00
0.00
0.00
0.00
0.00
0.00
0.00
0.00
0.00
0.00
0.00
0.00
0.00
0.00
0.00
0.00
0.00
0.00
0.00
0.00
68.15
0.00
0.00
0.00
188.48
0.00
0.00
0.00
203.36
0.00
0.00
0.00
127.15
0.00
0.00
0.00
251.82
0.00
159.32
0.00
177.81
0.00
1074.90
0.00
260.52
0.00
0.00
0.00
0.00
0.00
0.00
0.00
0.00
0.00
0.00
0.00
0.00
0.00
0.00
0.00
0.00
0.00
0.00
0.00
0.00
0.00
0.00
0.00
0.00
0.00
0.00
0.00
0.00
0.00
0.00
0.00
0.00
0.00
0.00
0.00
0.00
0.00
0.00
0.00
0.00
0.00
0.00
0.00
0.00
0.00
128.21
1053.12
0.00
387.83
0.00
0.00
0.00
426.86
0.00
0.00
0.00
226.96
480.07
0.00
0.00
553.98
0.00
883.70
0.00
359.85
0.00
840.95
0.00
576.79
831.33
0.00
0.00
0.00
0.00
0.00
0.00
0.00
0.00
0.00
0.00
0.00
0.00
0.00
0.00
0.00
0.00
0.00
0.00
0.00
0.00
0.00
0.00
0.00
0.00
0.00
0.00
0.00
0.00
0.00
0.00
0.00
0.00
0.00
0.00
0.00
0.00
0.00
0.00
0.00
0.00
0.00
0.00
0.00
0.00
0.00
0.00
0.00
0.00
0.00
0.00
0.00
51.16
615.34
0.00
0.00
56.31
122.14
0.00
0.00
29.94
0.00
0.00
0.00
73.07
0.00
0.00
822.43
47.47
0.00
0.00
0.00
76.08
0.00
0.00
0.00
0.00
0.00
0.00
0.00
0.00
0.00
0.00
0.00
0.00
0.00
0.00
0.00
0.00
0.00
0.00
0.00
0.00
0.00
0.00
0.00
0.00
0.00
0.00
0.00
0.00
0.00
0.00
0.00
0.00
0.00
0.00
0.00
0.00
0.00
0.00
0.00
0.00
0.00
0.00
0.00
0.00
0.00
0.00
0.00
0.00
0.00
0.00
1022.76
0.00
100.36
949.74
0.00
0.00
110.46
0.00
0.00
0.00
58.73
247.13
0.00
0.00
143.35
0.00
0.00
0.00
93.12
0.00
0.00
543.95
149.26
0.00
0.00
0.00
0.00
0.00
0.00
0.00
0.00
0.00
0.00
0.00
0.00
0.00
0.00
0.00
0.00
0.00
0.00
0.00
0.00
0.00
0.00
0.00
0.00
0.00
0.00
0.00
0.00
0.00
0.00
0.00
0.00
0.00
0.00
0.00
0.00
0.00
0.00
0.00
0.00
0.00
0.00
0.00
0.00
0.00
0.00
0.00
0.00
0.00
0.00
0.00
0.00
147.86
187.09
0.00
0.00
162.74
0.00
0.00
0.00
86.53
636.05
101.65
0.00
211.21
0.00
0.00
0.00
137.20
0.00
0.00
0.00
219.91
0.00
0.00
0.00
0.00
0.00
0.00
0.00
0.00
0.00
0.00
0.00
0.00
0.00
0.00
0.00
0.00
0.00
0.00
0.00
0.00
0.00
0.00
0.00
0.00
0.00
0.00
0.00
0.00
0.00
0.00
0.00
0.00
0.00
0.00
0.00
0.00
0.00
0.00
0.00
0.00
0.00
0.00
0.00
0.00
0.00
0.00
0.00
0.00
0.00
0.00
0.00
0.00
742.48
0.00
0.00
630.18
542.58
15.51
522.60
955.43
869.59
0.00
0.00
0.00
675.47
0.00
0.00
0.00
892.41
0.00
0.00
0.00
0.00
0.00
0.00
0.00
0.00
0.00
0.00
0.00
0.00
0.00
0.00
0.00
0.00
0.00
0.00
0.00
0.00
0.00
0.00
0.00
0.00
0.00
0.00
0.00
0.00
0.00
0.00
0.00
0.00
0.00
0.00
0.00
0.00
0.00
0.00
0.00
0.00
0.00
0.00
0.00
0.00
0.00
0.00
0.00
0.00
0.00
0.00
0.00
0.00
0.00
0.00
0.00
0.00
97.94
0.00
0.00
0.00
71.57
0.00
0.00
0.00
114.70
0.00
276.27
0.00
89.10
0.00
0.00
0.00
117.71
0.00
0.00
0.00
0.00
0.00
0.00
0.00
0.00
0.00
0.00
0.00
0.00
0.00
0.00
0.00
0.00
0.00
0.00
0.00
0.00
0.00
0.00
0.00
0.00
0.00
0.00
0.00
0.00
0.00
0.00
0.00
0.00
0.00
0.00
0.00
0.00
0.00
0.00
0.00
0.00
0.00
0.00
0.00
0.00
0.00
0.00
0.00
0.00
0.00
0.00
0.00
0.00
0.00
0.00
0.00
0.00
192.13
0.00
0.00
0.00
140.40
0.00
0.00
0.00
225.03
0.00
0.00
0.00
174.79
1020.35
450.55
0.00
230.93
0.00
0.00
0.00
0.00
0.00
0.00
0.00
0.00
0.00
0.00
0.00
0.00
0.00
0.00
0.00
0.00
0.00
0.00
0.00
0.00
0.00
0.00
0.00
0.00
0.00
0.00
0.00
0.00
0.00
0.00
0.00
0.00
0.00
0.00
0.00
0.00
0.00
0.00
0.00
0.00
0.00
0.00
0.00
0.00
0.00
0.00
0.00
0.00
0.00
0.00
0.00
0.00
0.00
0.00
0.00
0.00
283.07
0.00
0.00
0.00
206.86
0.00
0.00
0.00
331.54
0.00
0.00
0.00
257.53
0.00
0.00
0.00
340.24
0.00
0.00
0.00
0.00
0.00
0.00
0.00
0.00
0.00
0.00
0.00
0.00
0.00
0.00
0.00
0.00
0.00
0.00
0.00
0.00
0.00
0.00
0.00
0.00
0.00
0.00
0.00
0.00
0.00
0.00
0.00
0.00
0.00
0.00
0.00
0.00
0.00
0.00
0.00
0.00
0.00
0.00
0.00
0.00
0.00
0.00
0.00
0.00
0.00
0.00
0.00
0.00
0.00
0.00
0.00
0.00
581.61
0.00
433.40
803.79
908.63
340.06
0.00
0.00
714.50
0.00
0.00
0.00
931.44
601.32
0.00
0.00
0.00
0.00
0.00
0.00
0.00
0.00
0.00
0.00
0.00
0.00
0.00
0.00
0.00
0.00
0.00
0.00
0.00
0.00
0.00
0.00
0.00
0.00
0.00
0.00
0.00
0.00
0.00
0.00
0.00
0.00
0.00
0.00
0.00
0.00
0.00
0.00
0.00
0.00
0.00
0.00
0.00
0.00
0.00
0.00
0.00
0.00
0.00
0.00
0.00
0.00
0.00
0.00
0.00
0.00
0.00
0.00
0.00
76.72
0.00
0.00
0.00
119.85
0.00
0.00
0.00
94.25
0.00
0.00
0.00
122.86
0.00
0.00
0.00
0.00
0.00
0.00
0.00
0.00
0.00
0.00
0.00
0.00
0.00
0.00
0.00
0.00
0.00
0.00
0.00
0.00
0.00
0.00
0.00
0.00
0.00
0.00
0.00
0.00
0.00
0.00
0.00
0.00
0.00
0.00
0.00
0.00
0.00
0.00
0.00
0.00
0.00
0.00
0.00
0.00
0.00
0.00
0.00
0.00
0.00
0.00
0.00
0.00
0.00
0.00
0.00
0.00
0.00
0.00
0.00
0.00
150.50
0.00
0.00
0.00
235.13
614.13
0.00
0.00
184.89
0.00
1004.32
0.00
241.03
0.00
0.00
0.00
0.00
0.00
0.00
0.00
0.00
0.00
0.00
0.00
0.00
0.00
0.00
0.00
0.00
0.00
0.00
0.00
0.00
0.00
0.00
0.00
0.00
0.00
0.00
0.00
0.00
0.00
0.00
0.00
0.00
0.00
0.00
0.00
0.00
0.00
0.00
0.00
0.00
0.00
0.00
0.00
0.00
0.00
0.00
0.00
0.00
0.00
0.00
0.00
0.00
0.00
0.00
0.00
0.00
0.00
0.00
955.03
0.00
221.74
907.09
0.00
0.00
346.42
0.00
0.00
0.00
272.41
537.61
738.93
0.00
355.12
0.00
0.00
0.00
0.00
0.00
0.00
0.00
0.00
0.00
0.00
0.00
0.00
0.00
0.00
0.00
0.00
0.00
0.00
0.00
0.00
0.00
0.00
0.00
0.00
0.00
0.00
0.00
0.00
0.00
0.00
0.00
0.00
0.00
0.00
0.00
0.00
0.00
0.00
0.00
0.00
0.00
0.00
0.00
0.00
0.00
0.00
0.00
0.00
0.00
0.00
0.00
0.00
0.00
0.00
0.00
0.00
0.00
0.00
0.00
1031.36
708.73
0.00
0.00
0.00
514.60
0.00
0.00
0.00
731.54
576.61
0.00
0.00
0.00
0.00
0.00
0.00
0.00
0.00
0.00
0.00
0.00
0.00
0.00
0.00
0.00
0.00
0.00
0.00
0.00
0.00
0.00
0.00
0.00
0.00
0.00
0.00
0.00
0.00
0.00
0.00
0.00
0.00
0.00
0.00
0.00
0.00
0.00
0.00
0.00
0.00
0.00
0.00
0.00
0.00
0.00
0.00
0.00
0.00
0.00
0.00
0.00
0.00
0.00
0.00
0.00
0.00
0.00
0.00
0.00
0.00
0.00
957.39
0.00
93.48
0.00
0.00
0.00
67.88
0.00
0.00
0.00
96.49
793.29
0.00
0.00
0.00
0.00
0.00
0.00
0.00
0.00
0.00
0.00
0.00
0.00
0.00
0.00
0.00
0.00
0.00
0.00
0.00
0.00
0.00
0.00
0.00
0.00
0.00
0.00
0.00
0.00
0.00
0.00
0.00
0.00
0.00
0.00
0.00
0.00
0.00
0.00
0.00
0.00
0.00
0.00
0.00
0.00
0.00
0.00
0.00
0.00
0.00
0.00
0.00
0.00
0.00
0.00
0.00
0.00
0.00
0.00
0.00
0.00
0.00
0.00
0.00
183.40
0.00
0.00
0.00
133.16
0.00
0.00
0.00
189.30
0.00
0.00
0.00
0.00
0.00
0.00
0.00
0.00
0.00
0.00
0.00
0.00
0.00
0.00
0.00
0.00
0.00
0.00
0.00
0.00
0.00
0.00
0.00
0.00
0.00
0.00
0.00
0.00
0.00
0.00
0.00
0.00
0.00
0.00
0.00
0.00
0.00
0.00
0.00
0.00
0.00
0.00
0.00
0.00
0.00
0.00
0.00
0.00
0.00
0.00
0.00
0.00
0.00
0.00
0.00
0.00
0.00
0.00
0.00
0.00
0.00
0.00
0.00
0.00
270.21
0.00
0.00
0.00
196.19
0.00
0.00
0.00
278.90
0.00
0.00
0.00
0.00
0.00
0.00
0.00
0.00
0.00
0.00
0.00
0.00
0.00
0.00
0.00
0.00
0.00
0.00
0.00
0.00
0.00
0.00
0.00
0.00
0.00
0.00
0.00
0.00
0.00
0.00
0.00
0.00
0.00
0.00
0.00
0.00
0.00
0.00
0.00
0.00
0.00
0.00
0.00
0.00
0.00
0.00
0.00
0.00
0.00
0.00
0.00
0.00
0.00
0.00
0.00
0.00
0.00
0.00
0.00
0.00
0.00
0.00
737.21
0.00
841.62
0.00
0.00
0.00
1058.56
0.00
0.00
0.00
0.00
0.00
0.00
0.00
0.00
0.00
0.00
0.00
0.00
0.00
0.00
0.00
0.00
0.00
0.00
0.00
0.00
0.00
0.00
0.00
0.00
0.00
0.00
0.00
0.00
0.00
0.00
0.00
0.00
0.00
0.00
0.00
0.00
0.00
0.00
0.00
0.00
0.00
0.00
0.00
0.00
0.00
0.00
0.00
0.00
0.00
0.00
0.00
0.00
0.00
0.00
0.00
0.00
0.00
0.00
0.00
0.00
0.00
0.00
0.00
0.00
0.00
0.00
0.00
0.00
111.01
0.00
0.00
0.00
139.63
0.00
0.00
0.00
0.00
0.00
0.00
0.00
0.00
0.00
0.00
0.00
0.00
0.00
0.00
0.00
0.00
0.00
0.00
0.00
0.00
0.00
0.00
0.00
0.00
0.00
0.00
0.00
0.00
0.00
0.00
0.00
0.00
0.00
0.00
0.00
0.00
0.00
0.00
0.00
0.00
0.00
0.00
0.00
0.00
0.00
0.00
0.00
0.00
0.00
0.00
0.00
0.00
0.00
0.00
0.00
0.00
0.00
0.00
0.00
0.00
0.00
0.00
0.00
0.00
0.00
0.00
0.00
0.00
217.79
0.00
0.00
0.00
273.92
0.00
0.00
0.00
0.00
0.00
0.00
0.00
0.00
0.00
0.00
0.00
0.00
0.00
0.00
0.00
0.00
0.00
0.00
0.00
0.00
0.00
0.00
0.00
0.00
0.00
0.00
0.00
0.00
0.00
0.00
0.00
0.00
0.00
0.00
0.00
0.00
0.00
0.00
0.00
0.00
0.00
0.00
0.00
0.00
0.00
0.00
0.00
0.00
0.00
0.00
0.00
0.00
0.00
0.00
0.00
0.00
0.00
0.00
0.00
0.00
0.00
0.00
0.00
0.00
0.00
0.00
0.00
0.00
320.87
0.00
0.00
0.00
403.58
0.00
0.00
0.00
0.00
0.00
0.00
0.00
0.00
0.00
0.00
0.00
0.00
0.00
0.00
0.00
0.00
0.00
0.00
0.00
0.00
0.00
0.00
0.00
0.00
0.00
0.00
0.00
0.00
0.00
0.00
0.00
0.00
0.00
0.00
0.00
0.00
0.00
0.00
0.00
0.00
0.00
0.00
0.00
0.00
0.00
0.00
0.00
0.00
0.00
0.00
0.00
0.00
0.00
0.00
0.00
0.00
0.00
0.00
0.00
0.00
0.00
0.00
0.00
0.00
0.00
0.00
0.00
0.00
864.43
0.00
0.00
5.31
0.00
0.00
0.00
0.00
0.00
0.00
0.00
0.00
0.00
0.00
0.00
0.00
0.00
0.00
0.00
0.00
0.00
0.00
0.00
0.00
0.00
0.00
0.00
0.00
0.00
0.00
0.00
0.00
0.00
0.00
0.00
0.00
0.00
0.00
0.00
0.00
0.00
0.00
0.00
0.00
0.00
0.00
0.00
0.00
0.00
0.00
0.00
0.00
0.00
0.00
0.00
0.00
0.00
0.00
0.00
0.00
0.00
0.00
0.00
0.00
0.00
0.00
0.00
0.00
0.00
0.00
0.00
992.14
0.00
114.02
0.00
0.00
0.00
0.00
0.00
0.00
0.00
0.00
0.00
0.00
0.00
0.00
0.00
0.00
0.00
0.00
0.00
0.00
0.00
0.00
0.00
0.00
0.00
0.00
0.00
0.00
0.00
0.00
0.00
0.00
0.00
0.00
0.00
0.00
0.00
0.00
0.00
0.00
0.00
0.00
0.00
0.00
0.00
0.00
0.00
0.00
0.00
0.00
0.00
0.00
0.00
0.00
0.00
0.00
0.00
0.00
0.00
0.00
0.00
0.00
0.00
0.00
0.00
0.00
0.00
0.00
0.00
0.00
0.00
0.00
0.00
0.00
223.69
0.00
0.00
0.00
0.00
0.00
0.00
0.00
0.00
0.00
0.00
0.00
0.00
0.00
0.00
0.00
0.00
0.00
0.00
0.00
0.00
0.00
0.00
0.00
0.00
0.00
0.00
0.00
0.00
0.00
0.00
0.00
0.00
0.00
0.00
0.00
0.00
0.00
0.00
0.00
0.00
0.00
0.00
0.00
0.00
0.00
0.00
0.00
0.00
0.00
0.00
0.00
0.00
0.00
0.00
0.00
0.00
0.00
0.00
0.00
0.00
0.00
0.00
0.00
0.00
0.00
0.00
0.00
0.00
0.00
573.42
0.00
0.00
329.57
0.00
0.00
0.00
0.00
0.00
0.00
0.00
0.00
0.00
0.00
0.00
0.00
0.00
0.00
0.00
0.00
0.00
0.00
0.00
0.00
0.00
0.00
0.00
0.00
0.00
0.00
0.00
0.00
0.00
0.00
0.00
0.00
0.00
0.00
0.00
0.00
0.00
0.00
0.00
0.00
0.00
0.00
0.00
0.00
0.00
0.00
0.00
0.00
0.00
0.00
0.00
0.00
0.00
0.00
0.00
0.00
0.00
0.00
0.00
0.00
0.00
0.00
0.00
0.00
0.00
0.00
0.00
0.00
0.00
0.00
1010.63
0.00
0.00
0.00
0.00
0.00
0.00
0.00
0.00
0.00
0.00
0.00
0.00
0.00
0.00
0.00
0.00
0.00
0.00
0.00
0.00
0.00
0.00
0.00
0.00
0.00
0.00
0.00
0.00
0.00
0.00
0.00
0.00
0.00
0.00
0.00
0.00
0.00
0.00
0.00
0.00
0.00
0.00
0.00
0.00
0.00
0.00
0.00
0.00
0.00
0.00
0.00
0.00
0.00
0.00
0.00
0.00
0.00
0.00
0.00
0.00
0.00
0.00
0.00
0.00
0.00
0.00
0.00
0.00
0.00
0.00
0.00
0.00
0.00
0.00
0.00
0.00
0.00
0.00
0.00
0.00
0.00
0.00
0.00
0.00
0.00
0.00
0.00
0.00
0.00
0.00
0.00
0.00
0.00
0.00
0.00
0.00
0.00
0.00
0.00
0.00
0.00
0.00
0.00
0.00
0.00
0.00
0.00
0.00
0.00
0.00
0.00
0.00
0.00
0.00
0.00
0.00
0.00
0.00
0.00
0.00
0.00
0.00
0.00
0.00
0.00
0.00
0.00
0.00
0.00
0.00
0.00
0.00
0.00
0.00
0.00
0.00
0.00
0.00
0.00
0.00
0.00
0.00
0.00
0.00
0.00
0.00
0.00
0.00
0.00
0.00
0.00
0.00
0.00
0.00
0.00
0.00
0.00
0.00
0.00
0.00
0.00
0.00
0.00
0.00
0.00
0.00
0.00
0.00
0.00
0.00
0.00
0.00
0.00
0.00
0.00
0.00
0.00
0.00
0.00
0.00
0.00
0.00
0.00
0.00
0.00
0.00
0.00
0.00
0.00
0.00
0.00
0.00
0.00
0.00
0.00
0.00
0.00
0.00
0.00
0.00
0.00
0.00
0.00
0.00
0.00
0.00
0.00
0.00
0.00
0.00
0.00
0.00
0.00
0.00
0.00
0.00
0.00
