0.00
0.00
0.00
0.00
167.55
0.00
0.00
0.00
183.13
0.00
0.00
0.00
162.51
667.16
0.00
973.94
160.13
0.00
0.00
0.00
229.15
71.16
879.49
495.67
233.90
0.00
0.00
0.00
215.59
0.00
0.00
0.00
178.54
0.00
32.86
0.00
123.97
761.71
0.00
0.00
132.29
0.00
0.00
287.45
104.72
668.37
0.00
0.00
186.39
0.00
0.00
0.00
196.50
0.00
0.00
0.00
144.77
0.00
0.00
0.00
229.39
627.74
0.00
0.00
179.16
0.00
0.00
0.00
235.29
0.00
0.00
0.00
171.87
0.00
0.00
0.00
105.47
0.00
0.00
0.00
0.00
0.00
0.00
181.32
0.00
246.85
0.00
0.00
0.00
269.81
0.00
0.00
0.00
239.43
0.00
0.00
0.00
235.93
0.00
0.00
0.00
337.62
0.00
0.00
410.56
344.61
0.00
0.00
0.00
317.63
0.00
0.00
576.23
263.05
0.00
0.00
0.00
182.64
0.00
0.00
0.00
194.91
0.00
623.83
0.00
154.29
0.00
0.00
1061.47
274.62
140.77
902.25
899.20
289.50
0.00
0.00
0.00
213.29
0.00
0.00
0.00
337.97
0.00
0.00
0.00
263.96
0.00
0.00
0.00
346.67
0.00
0.00
0.00
253.22
0.00
0.00
0.00
155.39
0.00
0.00
0.00
0.00
0.00
0.00
1061.15
0.00
602.04
388.77
0.00
212.05
658.03
0.00
0.00
0.00
583.93
0.00
0.00
0.00
575.40
0.00
0.00
0.00
823.41
0.00
0.00
0.00
840.46
0.00
0.00
0.00
774.66
0.00
0.00
0.00
641.54
0.00
0.00
0.00
445.45
0.00
0.00
0.00
475.36
272.74
0.00
0.00
376.30
767.29
0.00
0.00
669.77
0.00
0.00
0.00
706.06
0.00
0.00
0.00
520.19
0.00
0.00
517.69
824.26
0.00
0.00
0.00
643.76
0.00
0.00
0.00
845.48
0.00
0.00
0.00
617.57
0.00
0.00
0.00
378.98
0.00
0.00
0.00
0.00
0.00
0.00
693.56
0.00
637.61
0.00
0.00
0.00
696.90
0.00
0.00
0.00
618.43
0.00
0.00
0.00
609.39
0.00
0.00
0.00
872.06
0.00
0.00
0.00
890.11
0.00
0.00
0.00
820.42
497.97
0.00
0.00
679.44
0.00
0.00
0.00
471.76
0.00
0.00
0.00
503.44
471.57
0.00
1046.08
398.53
0.00
0.00
0.00
709.34
0.00
854.72
0.00
747.78
0.00
0.00
0.00
550.92
0.00
0.00
0.00
872.96
0.00
0.00
514.33
681.79
381.74
50.67
0.00
895.42
0.00
0.00
0.00
654.05
0.00
0.00
0.00
401.37
0.00
0.00
0.00
0.00
0.00
0.00
0.00
188.20
159.91
0.00
0.00
0.00
139.29
0.00
0.00
0.00
136.92
0.00
0.00
0.00
205.94
163.07
933.62
0.00
210.68
0.00
0.00
0.00
192.37
0.00
0.00
0.00
155.33
0.00
810.95
0.00
100.75
0.00
0.00
0.00
109.08
0.00
0.00
0.00
81.51
0.00
0.00
0.00
163.18
0.00
0.00
0.00
173.28
0.00
0.00
0.00
121.55
0.00
0.00
0.00
206.18
0.00
0.00
0.00
155.94
0.00
0.00
0.00
212.08
0.00
0.00
0.00
148.65
701.24
0.00
0.00
82.26
0.00
0.00
0.00
0.00
0.00
0.00
0.00
0.00
0.00
0.00
275.90
0.00
235.61
0.00
0.00
0.00
205.23
0.00
0.00
0.00
201.73
0.00
0.00
0.00
303.42
0.00
0.00
0.00
310.41
0.00
0.00
786.24
283.43
0.00
600.95
0.00
228.85
0.00
0.00
0.00
148.44
0.00
0.00
0.00
160.71
0.00
0.00
0.00
120.09
0.00
0.00
0.00
240.42
0.00
0.00
0.00
255.30
0.00
0.00
148.11
179.09
0.00
0.00
22.26
303.77
0.00
260.13
0.00
229.75
0.00
0.00
0.00
312.46
0.00
0.00
0.00
219.02
0.00
0.00
286.20
121.19
500.49
0.00
0.00
0.00
0.00
0.00
0.00
0.00
0.00
0.00
0.00
0.00
574.62
0.00
155.92
0.00
500.52
0.00
0.00
0.00
491.99
0.00
0.00
0.00
740.00
453.11
0.00
0.00
757.04
60.92
0.00
0.00
691.25
0.00
242.11
0.00
558.13
0.00
0.00
0.00
362.04
0.00
0.00
750.36
391.94
135.73
0.00
0.00
292.89
0.00
762.32
0.00
586.36
0.00
0.00
0.00
622.65
0.00
0.00
1049.59
436.78
0.00
355.53
355.74
740.85
0.00
0.00
0.00
560.34
0.00
0.00
0.00
762.06
0.00
0.00
0.00
534.16
0.00
0.00
734.14
295.57
0.00
0.00
0.00
0.00
0.00
0.00
0.00
0.00
0.00
0.00
0.00
0.00
608.56
0.00
71.51
0.00
530.09
0.00
0.00
0.00
521.05
0.00
0.00
0.00
783.72
0.00
0.00
0.00
801.77
0.00
0.00
0.00
732.09
0.00
149.64
0.00
591.10
0.00
0.00
939.26
383.42
0.00
0.00
0.00
415.10
0.00
0.00
0.00
310.19
0.00
332.62
775.10
621.00
0.00
0.00
0.00
659.44
859.70
0.00
0.00
462.58
196.79
0.00
0.00
784.62
0.00
0.00
313.52
593.45
510.61
0.00
0.00
807.09
0.00
0.00
0.00
565.71
0.00
0.00
0.00
313.03
0.00
0.00
0.00
0.00
0.00
0.00
0.00
0.00
0.00
0.00
0.00
0.00
154.87
0.00
0.00
0.00
152.50
0.00
0.00
0.00
221.52
0.00
688.19
0.00
226.26
0.00
0.00
0.00
207.95
492.17
0.00
669.60
170.91
0.00
0.00
0.00
116.33
0.00
0.00
0.00
124.66
0.00
0.00
0.00
97.09
0.00
0.00
0.00
178.76
0.00
0.00
0.00
188.86
0.00
0.00
145.58
137.14
0.00
0.00
0.00
221.76
0.00
0.00
0.00
171.52
994.17
0.00
0.00
227.66
77.64
0.00
0.00
164.23
0.00
0.00
0.00
97.84
0.00
0.00
0.00
0.00
0.00
0.00
0.00
0.00
0.00
0.00
0.00
0.00
0.00
0.00
0.00
0.00
228.18
740.65
0.00
0.00
224.68
0.00
208.16
0.00
326.37
0.00
0.00
0.00
333.36
858.43
0.00
0.00
306.38
0.00
886.19
0.00
251.80
0.00
0.00
0.00
171.40
0.00
213.81
0.00
183.66
0.00
0.00
0.00
143.05
0.00
0.00
0.00
263.38
0.00
0.00
0.00
278.26
332.04
120.54
0.00
202.05
0.00
0.00
0.00
326.72
591.04
1071.55
0.00
252.71
0.00
0.00
0.00
335.42
0.00
0.00
0.00
241.97
0.00
0.00
0.00
144.15
0.00
0.00
0.00
0.00
0.00
0.00
0.00
0.00
0.00
0.00
0.00
0.00
0.00
0.00
0.00
0.00
556.51
0.00
0.00
525.19
547.97
449.55
0.00
0.00
795.99
0.00
0.00
681.96
813.03
0.00
835.19
0.00
747.23
0.00
0.00
0.00
614.11
0.00
0.00
0.00
418.02
518.53
0.00
0.00
447.93
0.00
0.00
0.00
348.88
903.90
0.00
0.00
642.34
386.63
0.00
0.00
678.64
211.40
0.00
0.00
492.77
0.00
0.00
0.00
796.84
0.00
876.98
0.00
616.33
0.00
0.00
549.63
818.05
0.00
0.00
0.00
590.14
0.00
0.00
0.00
351.55
0.00
0.00
0.00
0.00
0.00
0.00
0.00
0.00
0.00
0.00
0.00
0.00
0.00
0.00
0.00
320.62
589.39
572.18
0.00
0.00
580.35
0.00
0.00
0.00
843.01
0.00
744.91
0.00
861.06
520.86
0.00
0.00
791.38
0.00
328.31
0.00
650.39
0.00
0.00
0.00
442.72
0.00
0.00
0.00
474.39
0.00
0.00
953.72
369.49
0.00
0.00
0.00
680.29
0.00
0.00
0.00
718.73
0.00
0.00
0.00
521.88
0.00
0.00
0.00
843.91
0.00
0.00
0.00
652.74
0.00
0.00
847.15
866.38
0.00
0.00
0.00
625.01
167.45
158.32
0.00
372.32
0.00
0.00
0.00
0.00
0.00
0.00
0.00
0.00
0.00
0.00
0.00
0.00
0.00
702.27
0.00
0.00
131.88
0.00
0.00
0.00
200.90
0.00
26.83
0.00
205.64
0.00
0.00
0.00
187.33
464.24
0.00
0.00
150.29
0.00
0.00
0.00
95.71
681.66
0.00
0.00
104.04
0.00
0.00
0.00
76.47
0.00
0.00
0.00
158.14
0.00
0.00
0.00
168.24
0.00
508.80
0.00
116.52
40.49
0.00
0.00
201.14
0.00
0.00
0.00
150.90
0.00
0.00
224.09
207.04
287.53
0.00
0.00
143.62
0.00
793.62
0.00
77.22
0.00
0.00
0.00
0.00
0.00
0.00
0.00
0.00
0.00
0.00
0.00
0.00
0.00
0.00
0.00
0.00
0.00
0.00
0.00
0.00
194.30
0.00
0.00
0.00
295.99
0.00
0.00
0.00
302.98
56.67
0.00
0.00
276.00
0.00
0.00
0.00
221.42
0.00
0.00
0.00
141.02
0.00
0.00
0.00
153.28
0.00
0.00
0.00
112.67
0.00
938.50
973.73
233.00
0.00
0.00
0.00
247.88
0.00
0.00
0.00
171.67
0.00
0.00
0.00
296.34
0.00
0.00
0.00
222.33
0.00
380.54
0.00
305.04
0.00
0.00
0.00
211.59
0.00
0.00
0.00
113.77
0.00
0.00
0.00
0.00
0.00
0.00
0.00
0.00
0.00
0.00
0.00
0.00
0.00
0.00
0.00
0.00
0.00
0.00
0.00
0.00
473.88
0.00
0.00
155.58
721.90
0.00
0.00
0.00
738.94
0.00
0.00
155.91
673.14
0.00
0.00
715.69
540.02
0.00
0.00
0.00
343.93
0.00
0.00
0.00
373.84
0.00
0.00
0.00
274.78
0.00
0.00
0.00
568.25
0.00
0.00
0.00
604.55
0.00
0.00
0.00
418.67
0.00
0.00
0.00
722.75
0.00
0.00
0.00
542.24
330.84
0.00
0.00
743.96
0.00
0.00
0.00
516.05
324.36
0.00
0.00
277.46
0.00
0.00
0.00
0.00
0.00
0.00
0.00
0.00
0.00
0.00
0.00
0.00
0.00
0.00
0.00
0.00
0.00
0.00
0.00
146.12
501.88
0.00
0.00
800.89
764.55
0.00
0.00
0.00
782.59
0.00
0.00
0.00
712.91
0.00
0.00
0.00
571.92
0.00
0.00
0.00
364.25
0.00
0.00
0.00
395.92
0.00
0.00
0.00
291.02
0.00
0.00
0.00
601.82
0.00
0.00
0.00
640.26
0.00
0.00
211.34
443.41
0.00
0.00
0.00
765.44
0.00
0.00
0.00
574.27
957.62
0.00
0.00
787.91
0.00
0.00
0.00
546.54
223.44
0.00
620.44
293.85
0.00
0.00
0.00
0.00
0.00
0.00
0.00
0.00
0.00
0.00
0.00
0.00
0.00
0.00
0.00
0.00
0.00
0.00
0.00
176.27
198.53
0.00
0.00
0.00
203.27
0.00
0.00
0.00
184.96
0.00
0.00
0.00
147.91
981.13
0.00
0.00
93.34
40.07
0.00
0.00
101.66
0.00
0.00
0.00
74.10
0.00
0.00
0.00
155.77
0.00
0.00
0.00
165.87
183.10
0.00
0.00
114.14
0.00
822.22
0.00
198.76
0.00
0.00
0.00
148.53
0.00
264.21
732.56
204.67
0.00
0.00
0.00
141.24
0.00
0.00
0.00
74.84
644.33
414.82
0.00
0.00
0.00
0.00
0.00
0.00
0.00
0.00
0.00
0.00
0.00
0.00
0.00
0.00
0.00
0.00
0.00
0.00
0.00
0.00
1066.22
1008.69
292.50
0.00
0.00
754.16
299.48
0.00
0.00
0.00
272.51
913.60
0.00
329.20
217.92
0.00
0.00
0.00
137.52
0.00
0.00
0.00
149.78
0.00
0.00
0.00
109.17
0.00
0.00
0.00
229.50
0.00
0.00
0.00
244.38
0.00
0.00
0.00
168.17
0.00
0.00
0.00
292.84
0.00
0.00
0.00
218.83
0.00
0.00
0.00
301.54
0.00
202.42
0.00
208.09
0.00
0.00
0.00
110.27
0.00
0.00
0.00
0.00
0.00
0.00
0.00
0.00
0.00
0.00
0.00
0.00
0.00
0.00
0.00
0.00
0.00
0.00
0.00
0.00
0.00
0.00
0.00
0.00
713.36
0.00
0.00
0.00
730.40
0.00
0.00
0.00
664.61
0.00
234.34
0.00
531.49
0.00
478.69
0.00
335.40
0.00
0.00
0.00
365.30
0.00
0.00
0.00
266.25
641.03
0.00
0.00
559.72
0.00
0.00
0.00
596.01
0.00
0.00
0.00
410.14
0.00
0.00
0.00
714.21
0.00
888.08
884.86
533.70
824.24
0.00
0.00
735.42
0.00
0.00
0.00
507.52
0.00
0.00
0.00
268.93
521.70
0.00
0.00
0.00
0.00
0.00
0.00
0.00
0.00
0.00
0.00
0.00
0.00
0.00
0.00
0.00
0.00
0.00
0.00
0.00
0.00
0.00
0.00
0.00
755.51
0.00
0.00
0.00
773.55
474.17
0.00
0.00
703.87
514.69
331.14
0.00
562.89
0.00
0.00
0.00
355.21
0.00
0.00
0.00
386.89
817.88
0.00
0.00
281.98
0.00
0.00
566.62
592.78
0.00
0.00
0.00
631.22
0.00
0.00
0.00
434.37
0.00
0.00
0.00
756.40
0.00
0.00
0.00
565.23
0.00
0.00
0.00
778.87
0.00
0.00
0.00
537.50
1067.56
0.00
0.00
284.81
0.00
0.00
0.00
0.00
0.00
0.00
0.00
0.00
0.00
0.00
0.00
0.00
0.00
0.00
0.00
0.00
0.00
0.00
0.00
0.00
0.00
0.00
0.00
0.00
272.29
0.00
0.00
0.00
253.98
0.00
0.00
833.38
216.93
0.00
0.00
0.00
162.36
765.89
0.00
145.32
170.68
0.00
0.00
0.00
143.12
0.00
16.21
0.00
224.79
0.00
0.00
0.00
234.89
0.00
0.00
0.00
183.16
0.00
0.00
0.00
267.78
745.86
0.00
0.00
217.55
0.00
0.00
0.00
273.69
0.00
0.00
0.00
210.26
0.00
0.00
0.00
143.86
0.00
796.47
0.00
0.00
0.00
0.00
0.00
0.00
0.00
0.00
0.00
0.00
0.00
0.00
0.00
0.00
0.00
0.00
0.00
0.00
0.00
0.00
0.00
0.00
0.00
0.00
0.00
0.00
401.17
0.00
0.00
0.00
374.20
0.00
0.00
560.35
319.61
0.00
0.00
0.00
239.21
0.00
0.00
0.00
251.48
0.00
0.00
0.00
210.86
0.00
0.00
0.00
331.19
0.00
0.00
0.00
346.07
0.00
0.00
0.00
269.86
0.00
0.00
486.20
394.54
925.26
0.00
0.00
320.52
0.00
0.00
0.00
403.23
1031.16
0.00
398.64
309.79
0.00
0.00
0.00
211.96
0.00
0.00
0.00
0.00
0.00
0.00
0.00
0.00
0.00
0.00
0.00
0.00
0.00
0.00
0.00
0.00
0.00
0.00
0.00
0.00
0.00
0.00
0.00
0.00
0.00
15.19
0.00
0.00
978.42
0.00
0.00
0.00
912.62
0.00
686.14
645.08
779.50
0.00
748.85
0.00
583.41
1001.86
0.00
0.00
613.32
0.00
891.73
1046.57
514.26
0.00
0.00
0.00
807.73
207.98
0.00
0.00
844.03
0.00
734.30
0.00
658.15
0.00
0.00
0.00
962.23
0.00
0.00
0.00
781.72
926.19
727.53
937.16
983.44
0.00
0.00
0.00
755.53
0.00
0.00
796.90
516.94
0.00
0.00
0.00
0.00
0.00
0.00
0.00
0.00
0.00
0.00
0.00
0.00
0.00
0.00
0.00
0.00
0.00
0.00
0.00
0.00
0.00
0.00
0.00
0.00
0.00
0.00
0.00
1034.60
1036.22
0.00
29.74
0.00
966.54
0.00
0.00
0.00
825.55
0.00
0.00
325.41
617.88
133.39
0.00
0.00
649.55
0.00
0.00
0.00
544.64
0.00
0.00
0.00
855.45
50.45
0.00
0.00
893.89
0.00
0.00
0.00
697.04
0.00
0.00
977.41
1019.07
0.00
0.00
0.00
827.90
0.00
0.00
0.00
1041.54
0.00
0.00
0.00
800.17
0.00
0.00
0.00
547.48
0.00
0.00
0.00
0.00
0.00
0.00
0.00
0.00
0.00
0.00
0.00
0.00
0.00
0.00
0.00
0.00
0.00
0.00
0.00
0.00
0.00
0.00
0.00
0.00
0.00
0.00
325.70
0.00
258.72
0.00
0.00
0.00
221.68
0.00
983.69
0.00
167.10
0.00
978.99
0.00
175.43
901.65
0.00
0.00
147.86
0.00
0.00
0.00
229.53
0.00
1032.93
0.00
239.63
420.88
0.00
0.00
187.90
0.00
0.00
0.00
272.53
760.77
0.00
0.00
222.29
323.47
0.00
0.00
278.43
0.00
0.00
964.30
215.00
0.00
0.00
0.00
148.61
404.52
0.00
0.00
0.00
0.00
0.00
0.00
0.00
0.00
0.00
0.00
0.00
0.00
0.00
0.00
0.00
0.00
0.00
0.00
0.00
0.00
0.00
0.00
0.00
0.00
0.00
0.00
0.00
0.00
0.00
0.00
0.00
381.18
0.00
0.00
0.00
326.60
229.31
0.00
0.00
246.20
0.00
0.00
0.00
258.46
0.00
0.00
0.00
217.85
0.00
0.00
0.00
338.18
830.76
0.00
0.00
353.06
0.00
0.00
0.00
276.85
343.58
0.00
0.00
401.52
0.00
0.00
0.00
327.51
0.00
800.89
0.00
410.22
0.00
0.00
0.00
316.77
0.00
0.00
0.00
218.95
0.00
0.00
0.00
0.00
0.00
0.00
0.00
0.00
0.00
0.00
0.00
0.00
0.00
0.00
0.00
0.00
0.00
0.00
0.00
0.00
0.00
0.00
0.00
0.00
0.00
0.00
0.00
0.00
0.00
0.00
0.00
0.00
929.66
0.00
0.00
0.00
796.54
0.00
0.00
488.48
600.45
0.00
0.00
0.00
630.36
0.00
0.00
0.00
531.30
0.00
0.00
0.00
824.77
0.00
874.83
817.64
861.07
0.00
0.00
957.93
675.19
0.00
0.00
0.00
979.27
0.00
0.00
0.00
798.76
0.00
0.00
0.00
1000.48
0.00
0.00
0.00
772.57
0.00
0.00
790.45
533.98
0.00
0.00
0.00
0.00
0.00
0.00
0.00
0.00
0.00
0.00
0.00
0.00
0.00
0.00
0.00
0.00
0.00
0.00
0.00
0.00
0.00
0.00
0.00
0.00
0.00
0.00
0.00
0.00
0.00
0.00
0.00
0.00
984.59
65.98
0.00
386.97
843.60
0.00
0.00
0.00
635.92
0.00
0.00
0.00
667.60
0.00
0.00
0.00
562.69
898.46
0.00
0.00
873.50
994.17
0.00
0.00
911.94
0.00
0.00
0.00
715.08
0.00
0.00
700.77
1037.12
0.00
890.75
0.00
845.95
0.00
442.67
0.00
1059.59
0.00
1001.19
1017.15
818.21
0.00
0.00
0.00
565.53
0.00
0.00
0.00
0.00
0.00
0.00
0.00
0.00
0.00
0.00
0.00
0.00
0.00
0.00
0.00
0.00
0.00
0.00
0.00
0.00
0.00
0.00
0.00
0.00
0.00
0.00
0.00
0.00
0.00
0.00
0.00
372.65
203.36
0.00
0.00
0.00
148.79
0.00
0.00
0.00
157.12
835.57
0.00
0.00
129.55
0.00
0.00
389.39
211.22
0.00
517.15
394.07
221.32
0.00
0.00
0.00
169.59
0.00
266.72
0.00
254.22
0.00
0.00
0.00
203.98
0.00
0.00
0.00
260.12
0.00
0.00
0.00
196.69
0.00
928.55
0.00
130.29
0.00
0.00
0.00
0.00
0.00
0.00
0.00
0.00
0.00
0.00
0.00
0.00
0.00
0.00
0.00
0.00
0.00
0.00
0.00
0.00
0.00
0.00
0.00
0.00
0.00
0.00
0.00
0.00
0.00
0.00
0.00
0.00
0.00
0.00
0.00
759.78
299.62
729.63
0.00
0.00
219.22
0.00
0.00
0.00
231.48
0.00
0.00
0.00
190.87
0.00
0.00
0.00
311.20
790.66
0.00
0.00
326.08
0.00
0.00
0.00
249.87
0.00
0.00
0.00
374.54
0.00
0.00
0.00
300.53
0.00
0.00
0.00
383.24
0.00
556.09
0.00
289.80
0.00
0.00
0.00
191.97
0.00
0.00
0.00
0.00
0.00
0.00
0.00
0.00
0.00
0.00
0.00
0.00
0.00
0.00
0.00
0.00
0.00
0.00
0.00
0.00
0.00
0.00
0.00
0.00
0.00
0.00
0.00
0.00
0.00
0.00
0.00
0.00
0.00
243.07
0.00
330.30
730.75
903.09
0.00
0.00
534.66
0.00
0.00
0.00
564.56
0.00
0.00
0.00
465.51
0.00
0.00
0.00
758.98
0.00
0.00
0.00
795.27
0.00
780.33
0.00
609.40
0.00
0.00
0.00
913.47
0.00
0.00
0.00
732.96
305.94
0.00
0.00
934.68
0.00
0.00
0.00
706.78
0.00
0.00
0.00
468.19
398.79
0.00
0.00
0.00
0.00
0.00
0.00
0.00
0.00
0.00
0.00
0.00
0.00
0.00
0.00
0.00
0.00
0.00
0.00
0.00
0.00
0.00
0.00
0.00
0.00
0.00
0.00
0.00
0.00
0.00
0.00
0.00
0.00
0.00
0.00
0.00
773.92
0.00
0.00
0.00
566.24
0.00
0.00
0.00
597.92
0.00
821.28
0.00
493.01
0.00
0.00
0.00
803.82
0.00
0.00
0.00
842.26
0.00
0.00
0.00
645.40
876.74
0.00
0.00
967.44
0.00
0.00
0.00
776.27
0.00
0.00
0.00
989.90
0.00
582.77
0.00
748.53
0.00
651.43
0.00
495.85
0.00
0.00
0.00
0.00
0.00
0.00
0.00
0.00
0.00
0.00
0.00
0.00
0.00
0.00
0.00
0.00
0.00
0.00
0.00
0.00
0.00
0.00
0.00
0.00
0.00
0.00
0.00
0.00
0.00
0.00
0.00
0.00
0.00
465.36
0.00
0.00
111.75
0.00
0.00
0.00
120.07
0.00
0.00
0.00
92.50
0.00
0.00
0.00
174.17
0.00
0.00
0.00
184.27
0.00
164.78
0.00
132.55
0.00
0.00
41.95
217.17
205.95
655.12
0.00
166.93
0.00
0.00
672.58
223.07
0.00
0.00
0.00
159.65
0.00
0.00
0.00
93.25
468.19
0.00
0.00
0.00
0.00
0.00
0.00
0.00
0.00
0.00
0.00
0.00
0.00
0.00
0.00
0.00
0.00
0.00
0.00
0.00
0.00
0.00
0.00
0.00
0.00
0.00
0.00
0.00
0.00
0.00
0.00
0.00
0.00
0.00
0.00
0.00
0.00
673.10
611.63
0.00
164.64
0.00
0.00
1074.52
176.90
0.00
397.23
292.67
136.29
0.00
0.00
0.00
256.62
0.00
0.00
0.00
271.50
0.00
0.00
0.00
195.29
403.17
0.00
547.29
319.96
0.00
0.00
0.00
245.95
0.00
0.00
0.00
328.66
0.00
0.00
0.00
235.21
0.00
0.00
77.70
137.38
0.00
0.00
0.00
0.00
0.00
0.00
0.00
0.00
0.00
0.00
0.00
0.00
0.00
0.00
0.00
0.00
0.00
0.00
0.00
0.00
0.00
0.00
0.00
0.00
0.00
0.00
0.00
0.00
0.00
0.00
0.00
0.00
0.00
0.00
0.00
0.00
0.00
0.00
0.00
887.18
401.53
0.00
0.00
0.00
431.44
0.00
0.00
0.00
332.39
0.00
207.94
500.48
625.86
525.27
0.00
0.00
662.15
643.25
0.00
332.82
476.28
0.00
0.00
236.37
780.35
0.00
0.00
0.00
599.84
186.06
0.00
0.00
801.56
0.00
0.00
0.00
573.65
0.00
0.00
0.00
335.07
0.00
0.00
0.00
0.00
0.00
0.00
0.00
0.00
0.00
0.00
0.00
0.00
0.00
0.00
0.00
0.00
0.00
0.00
0.00
0.00
0.00
0.00
0.00
0.00
0.00
0.00
0.00
0.00
0.00
0.00
0.00
0.00
0.00
0.00
0.00
0.00
0.00
0.00
0.00
0.00
425.26
0.00
0.00
0.00
456.93
0.00
0.00
428.72
352.02
0.00
0.00
0.00
662.83
0.00
0.00
0.00
701.27
0.00
0.00
0.00
504.41
0.00
0.00
0.00
826.45
0.00
0.00
0.00
635.28
0.00
0.00
0.00
848.92
711.42
0.00
0.00
607.54
0.00
0.00
0.00
354.86
0.00
0.00
0.00
0.00
0.00
0.00
0.00
0.00
0.00
0.00
0.00
0.00
0.00
0.00
0.00
0.00
0.00
0.00
0.00
0.00
0.00
0.00
0.00
0.00
0.00
0.00
0.00
0.00
0.00
0.00
0.00
0.00
0.00
0.00
0.00
0.00
0.00
0.00
0.00
0.00
65.50
0.00
0.00
0.00
37.93
0.00
0.00
0.00
119.60
0.00
0.00
0.00
129.70
1057.64
0.00
0.00
77.97
57.66
73.68
0.00
162.60
0.00
0.00
0.00
112.36
0.00
0.00
445.15
168.50
0.00
0.00
0.00
105.07
0.00
0.00
0.00
38.68
0.00
0.00
0.00
0.00
0.00
0.00
0.00
0.00
0.00
0.00
0.00
0.00
0.00
0.00
0.00
0.00
0.00
0.00
0.00
0.00
0.00
0.00
0.00
0.00
0.00
0.00
0.00
0.00
0.00
0.00
0.00
0.00
0.00
0.00
0.00
0.00
0.00
0.00
0.00
0.00
0.00
0.00
0.00
0.00
96.50
12.20
0.00
0.00
55.88
588.93
0.00
0.00
176.21
0.00
0.00
0.00
191.10
0.00
0.00
0.00
114.88
0.00
0.00
0.00
239.56
261.59
0.00
0.00
165.55
0.00
0.00
0.00
248.26
0.00
0.00
0.00
154.81
229.02
0.00
0.00
56.98
0.00
0.00
0.00
0.00
0.00
0.00
0.00
0.00
0.00
0.00
0.00
0.00
0.00
0.00
0.00
0.00
0.00
0.00
0.00
0.00
0.00
0.00
0.00
0.00
0.00
0.00
0.00
0.00
0.00
0.00
0.00
0.00
0.00
0.00
0.00
0.00
0.00
0.00
0.00
0.00
0.00
0.00
188.96
0.00
235.35
0.00
0.00
197.40
136.30
914.40
0.00
0.00
429.76
0.00
0.00
0.00
466.06
0.00
0.00
0.00
280.19
0.00
0.00
0.00
584.26
0.00
0.00
0.00
403.75
0.00
0.00
0.00
605.47
0.00
743.52
0.00
377.56
0.00
0.00
0.00
138.97
160.95
0.00
0.00
0.00
0.00
0.00
0.00
0.00
0.00
0.00
0.00
0.00
0.00
0.00
0.00
0.00
0.00
0.00
0.00
0.00
0.00
0.00
0.00
0.00
0.00
0.00
0.00
0.00
0.00
0.00
0.00
0.00
0.00
0.00
0.00
0.00
0.00
0.00
0.00
0.00
0.00
0.00
0.00
0.00
249.26
0.00
0.00
0.00
144.35
0.00
0.00
0.00
455.15
0.00
0.00
0.00
493.59
0.00
0.00
0.00
296.74
0.00
0.00
430.10
618.77
0.00
0.00
0.00
427.60
520.77
0.00
0.00
641.24
0.00
0.00
0.00
399.87
449.86
0.00
0.00
147.18
0.00
0.00
0.00
0.00
0.00
0.00
0.00
0.00
0.00
0.00
0.00
0.00
0.00
0.00
0.00
0.00
0.00
0.00
0.00
0.00
0.00
0.00
0.00
0.00
0.00
0.00
0.00
0.00
0.00
0.00
0.00
0.00
0.00
0.00
0.00
0.00
0.00
0.00
0.00
0.00
0.00
0.00
0.00
1055.61
46.25
0.00
0.00
0.00
127.93
0.00
583.06
0.00
138.03
0.00
0.00
0.00
86.30
0.00
0.00
0.00
170.92
0.00
0.00
0.00
120.69
0.00
0.00
533.71
176.82
345.10
0.00
0.00
113.40
0.00
0.00
0.00
47.00
813.16
0.00
0.00
0.00
0.00
0.00
0.00
0.00
0.00
0.00
0.00
0.00
0.00
0.00
0.00
0.00
0.00
0.00
0.00
0.00
0.00
0.00
0.00
0.00
0.00
0.00
0.00
0.00
0.00
0.00
0.00
0.00
0.00
0.00
0.00
0.00
0.00
0.00
0.00
0.00
0.00
0.00
0.00
0.00
0.00
0.00
0.00
0.00
68.15
270.91
0.00
0.00
188.48
0.00
0.00
0.00
203.36
714.60
0.00
0.00
127.15
0.00
0.00
0.00
251.82
0.00
0.00
0.00
177.81
0.00
0.00
0.00
260.52
0.00
0.00
0.00
167.07
0.00
281.37
0.00
69.25
0.00
0.00
0.00
0.00
0.00
0.00
0.00
0.00
0.00
0.00
0.00
0.00
0.00
0.00
0.00
0.00
0.00
0.00
0.00
0.00
0.00
0.00
0.00
0.00
0.00
0.00
0.00
0.00
0.00
0.00
0.00
0.00
0.00
0.00
0.00
0.00
0.00
0.00
0.00
0.00
0.00
0.00
0.00
0.00
0.00
0.00
0.00
0.00
166.20
0.00
0.00
0.00
459.67
0.00
0.00
0.00
495.97
0.00
0.00
0.00
310.10
189.97
0.00
0.00
614.17
277.71
0.00
0.00
433.66
123.13
249.24
0.00
635.38
0.00
0.00
0.00
407.47
0.00
0.00
0.00
168.88
128.34
0.00
0.00
0.00
0.00
0.00
0.00
0.00
0.00
0.00
0.00
0.00
0.00
0.00
0.00
0.00
0.00
0.00
0.00
0.00
0.00
0.00
0.00
0.00
0.00
0.00
0.00
0.00
0.00
0.00
0.00
0.00
0.00
0.00
0.00
0.00
0.00
0.00
0.00
0.00
0.00
0.00
0.00
0.00
0.00
0.00
0.00
0.00
176.02
0.00
0.00
0.00
486.83
799.39
266.59
0.00
525.27
0.00
0.00
0.00
328.42
0.00
0.00
0.00
650.45
737.87
0.00
1069.56
459.28
0.00
624.54
0.00
672.92
0.00
0.00
0.00
431.54
422.20
0.00
0.00
178.86
0.00
0.00
0.00
0.00
0.00
0.00
0.00
0.00
0.00
0.00
0.00
0.00
0.00
0.00
0.00
0.00
0.00
0.00
0.00
0.00
0.00
0.00
0.00
0.00
0.00
0.00
0.00
0.00
0.00
0.00
0.00
0.00
0.00
0.00
0.00
0.00
0.00
0.00
0.00
0.00
0.00
0.00
0.00
0.00
0.00
920.70
0.00
0.00
100.36
0.00
0.00
0.00
110.46
0.00
0.00
0.00
58.73
0.00
0.00
0.00
143.35
0.00
0.00
0.00
93.12
0.00
0.00
0.00
149.26
0.00
0.00
0.00
85.83
0.00
152.80
0.00
19.43
0.00
0.00
0.00
0.00
0.00
0.00
0.00
0.00
0.00
0.00
0.00
0.00
0.00
0.00
0.00
0.00
0.00
0.00
0.00
0.00
0.00
0.00
0.00
0.00
0.00
0.00
0.00
0.00
0.00
0.00
0.00
0.00
0.00
0.00
0.00
0.00
0.00
0.00
0.00
0.00
0.00
0.00
0.00
0.00
0.00
0.00
0.00
0.00
0.00
0.00
0.00
0.00
147.86
0.00
0.00
292.89
162.74
0.00
0.00
0.00
86.53
0.00
0.00
0.00
211.21
0.00
0.00
0.00
137.20
0.00
0.00
0.00
219.91
0.00
0.00
0.00
126.46
0.00
734.10
0.00
28.63
0.00
0.00
0.00
0.00
0.00
0.00
0.00
0.00
0.00
0.00
0.00
0.00
0.00
0.00
0.00
0.00
0.00
0.00
0.00
0.00
0.00
0.00
0.00
0.00
0.00
0.00
0.00
0.00
0.00
0.00
0.00
0.00
0.00
0.00
0.00
0.00
0.00
0.00
0.00
0.00
0.00
0.00
0.00
0.00
0.00
0.00
0.00
0.00
0.00
216.65
0.00
981.40
360.62
0.00
1046.85
0.00
396.91
0.00
0.00
361.21
211.04
571.61
700.85
0.00
515.11
0.00
0.00
0.00
334.60
0.00
0.00
0.00
536.32
0.00
992.80
0.00
308.42
0.00
0.00
0.00
69.83
0.00
0.00
0.00
0.00
0.00
0.00
0.00
0.00
0.00
0.00
0.00
0.00
0.00
0.00
0.00
0.00
0.00
0.00
0.00
0.00
0.00
0.00
0.00
0.00
0.00
0.00
0.00
0.00
0.00
0.00
0.00
0.00
0.00
0.00
0.00
0.00
0.00
0.00
0.00
0.00
0.00
0.00
0.00
0.00
0.00
0.00
0.00
0.00
0.00
955.37
0.00
0.00
381.92
0.00
476.39
0.00
420.36
0.00
0.00
0.00
223.51
0.00
0.00
0.00
545.54
0.00
0.00
0.00
354.37
0.00
0.00
0.00
568.01
0.00
950.97
0.00
326.64
0.00
0.00
0.00
73.95
0.00
0.00
0.00
0.00
0.00
0.00
0.00
0.00
0.00
0.00
0.00
0.00
0.00
0.00
0.00
0.00
0.00
0.00
0.00
0.00
0.00
0.00
0.00
0.00
0.00
0.00
0.00
0.00
0.00
0.00
0.00
0.00
0.00
0.00
0.00
0.00
0.00
0.00
0.00
0.00
0.00
0.00
0.00
0.00
0.00
0.00
0.00
0.00
0.00
0.00
0.00
0.00
192.13
0.00
0.00
0.00
140.40
0.00
0.00
0.00
225.03
0.00
0.00
442.28
174.79
0.00
0.00
0.00
230.93
0.00
0.00
263.24
167.50
0.00
0.00
0.00
101.10
0.00
280.33
0.00
0.00
0.00
0.00
0.00
0.00
0.00
0.00
0.00
0.00
0.00
0.00
0.00
0.00
0.00
0.00
0.00
0.00
0.00
0.00
0.00
0.00
0.00
0.00
0.00
0.00
0.00
0.00
0.00
0.00
0.00
0.00
0.00
0.00
0.00
0.00
0.00
0.00
0.00
0.00
0.00
0.00
0.00
0.00
0.00
0.00
0.00
0.00
0.00
0.00
0.00
0.00
0.00
0.00
283.07
0.00
0.00
0.00
206.86
0.00
0.00
185.95
331.54
0.00
0.00
0.00
257.53
0.00
82.43
0.00
340.24
0.00
898.28
375.29
246.79
0.00
22.02
0.00
148.96
0.00
0.00
0.00
0.00
0.00
0.00
0.00
0.00
0.00
0.00
0.00
0.00
0.00
0.00
0.00
0.00
0.00
0.00
0.00
0.00
0.00
0.00
0.00
0.00
0.00
0.00
0.00
0.00
0.00
0.00
0.00
0.00
0.00
0.00
0.00
0.00
0.00
0.00
0.00
0.00
0.00
0.00
0.00
0.00
0.00
0.00
0.00
0.00
0.00
0.00
0.00
0.00
0.00
0.00
0.00
0.00
690.38
1031.23
0.00
0.00
504.51
765.67
0.00
0.00
808.58
0.00
0.00
0.00
628.07
0.00
0.00
391.19
829.79
0.00
0.00
429.96
601.89
0.00
0.00
0.00
363.30
869.40
0.00
0.00
0.00
0.00
0.00
0.00
0.00
0.00
0.00
0.00
0.00
0.00
0.00
0.00
0.00
0.00
0.00
0.00
0.00
0.00
0.00
0.00
0.00
0.00
0.00
0.00
0.00
0.00
0.00
0.00
0.00
0.00
0.00
0.00
0.00
0.00
0.00
0.00
0.00
0.00
0.00
0.00
0.00
0.00
0.00
0.00
0.00
0.00
0.00
0.00
0.00
0.00
0.00
371.82
0.00
731.17
709.08
0.00
0.00
534.31
0.00
0.00
0.00
856.35
0.00
0.00
137.93
665.18
0.00
0.00
0.00
878.82
0.00
998.64
0.00
637.44
0.00
0.00
0.00
384.76
0.00
0.00
0.00
0.00
0.00
0.00
0.00
0.00
0.00
0.00
0.00
0.00
0.00
0.00
0.00
0.00
0.00
0.00
0.00
0.00
0.00
0.00
0.00
0.00
0.00
0.00
0.00
0.00
0.00
0.00
0.00
0.00
0.00
0.00
0.00
0.00
0.00
0.00
0.00
0.00
0.00
0.00
0.00
0.00
0.00
0.00
0.00
0.00
0.00
0.00
0.00
0.00
0.00
0.00
0.00
0.00
150.50
562.06
0.00
0.00
235.13
33.90
0.00
0.00
184.89
0.00
0.00
0.00
241.03
0.00
0.00
0.00
177.60
0.00
0.00
0.00
111.21
0.00
0.00
0.00
0.00
0.00
0.00
0.00
0.00
0.00
0.00
0.00
0.00
0.00
0.00
0.00
0.00
0.00
0.00
0.00
0.00
0.00
0.00
0.00
0.00
0.00
0.00
0.00
0.00
0.00
0.00
0.00
0.00
0.00
0.00
0.00
0.00
0.00
0.00
0.00
0.00
0.00
0.00
0.00
0.00
0.00
0.00
0.00
0.00
0.00
0.00
0.00
0.00
0.00
0.00
0.00
0.00
0.00
0.00
0.00
0.00
221.74
0.00
0.00
0.00
346.42
0.00
0.00
0.00
272.41
0.00
0.00
0.00
355.12
0.00
0.00
0.00
261.67
0.00
0.00
250.90
163.84
36.80
0.00
0.00
0.00
0.00
0.00
0.00
0.00
0.00
0.00
0.00
0.00
0.00
0.00
0.00
0.00
0.00
0.00
0.00
0.00
0.00
0.00
0.00
0.00
0.00
0.00
0.00
0.00
0.00
0.00
0.00
0.00
0.00
0.00
0.00
0.00
0.00
0.00
0.00
0.00
0.00
0.00
0.00
0.00
0.00
0.00
0.00
0.00
0.00
0.00
0.00
0.00
0.00
0.00
0.00
0.00
0.00
348.39
0.00
0.00
540.80
464.70
0.00
0.00
844.88
0.00
0.00
0.00
664.37
0.00
0.00
0.00
866.09
229.36
0.00
0.00
638.18
0.00
0.00
1060.11
399.59
0.00
0.00
0.00
0.00
0.00
0.00
0.00
0.00
0.00
0.00
0.00
0.00
0.00
0.00
0.00
0.00
0.00
0.00
0.00
0.00
0.00
0.00
0.00
0.00
0.00
0.00
0.00
0.00
0.00
0.00
0.00
0.00
0.00
0.00
0.00
0.00
0.00
0.00
0.00
0.00
0.00
0.00
0.00
0.00
0.00
0.00
0.00
0.00
0.00
0.00
0.00
0.00
0.00
0.00
0.00
0.00
0.00
0.00
0.00
0.00
572.75
0.00
0.00
0.00
894.79
0.00
0.00
0.00
703.62
0.00
0.00
0.00
917.26
0.00
0.00
0.00
675.88
0.00
0.00
0.00
423.20
0.00
0.00
0.00
0.00
0.00
0.00
0.00
0.00
0.00
0.00
0.00
0.00
0.00
0.00
0.00
0.00
0.00
0.00
0.00
0.00
0.00
0.00
0.00
0.00
0.00
0.00
0.00
0.00
0.00
0.00
0.00
0.00
0.00
0.00
0.00
0.00
0.00
0.00
0.00
0.00
0.00
0.00
0.00
0.00
0.00
0.00
0.00
0.00
0.00
0.00
0.00
0.00
0.00
0.00
0.00
0.00
0.00
0.00
0.00
0.00
183.40
0.00
0.00
0.00
133.16
864.38
0.00
850.85
189.30
0.00
0.00
0.00
125.88
0.00
0.00
87.98
59.48
0.00
0.00
0.00
0.00
0.00
0.00
0.00
0.00
0.00
0.00
0.00
0.00
0.00
0.00
0.00
0.00
0.00
0.00
0.00
0.00
0.00
0.00
0.00
0.00
0.00
0.00
0.00
0.00
0.00
0.00
0.00
0.00
0.00
0.00
0.00
0.00
0.00
0.00
0.00
0.00
0.00
0.00
0.00
0.00
0.00
0.00
0.00
0.00
0.00
0.00
0.00
0.00
0.00
0.00
0.00
0.00
0.00
0.00
0.00
0.00
0.00
354.23
0.00
0.00
270.21
887.53
0.00
0.00
196.19
0.00
0.00
0.00
278.90
462.52
0.00
0.00
185.46
0.00
0.00
0.00
87.63
0.00
0.00
0.00
0.00
0.00
0.00
0.00
0.00
0.00
0.00
0.00
0.00
0.00
0.00
0.00
0.00
0.00
0.00
0.00
0.00
0.00
0.00
0.00
0.00
0.00
0.00
0.00
0.00
0.00
0.00
0.00
0.00
0.00
0.00
0.00
0.00
0.00
0.00
0.00
0.00
0.00
0.00
0.00
0.00
0.00
0.00
0.00
0.00
0.00
0.00
0.00
0.00
0.00
0.00
0.00
0.00
0.00
0.00
0.00
0.00
0.00
379.59
0.00
0.00
659.00
0.00
0.00
0.00
478.50
0.00
898.69
869.90
680.22
0.00
347.10
171.57
452.31
0.00
0.00
0.00
213.72
0.00
0.00
0.00
0.00
0.00
0.00
0.00
0.00
0.00
0.00
0.00
0.00
0.00
0.00
0.00
0.00
0.00
0.00
0.00
0.00
0.00
0.00
0.00
0.00
0.00
0.00
0.00
0.00
0.00
0.00
0.00
0.00
0.00
0.00
0.00
0.00
0.00
0.00
0.00
0.00
0.00
0.00
0.00
0.00
0.00
0.00
0.00
0.00
0.00
0.00
0.00
0.00
0.00
0.00
0.00
0.00
0.00
0.00
0.00
0.00
0.00
0.00
0.00
0.00
697.93
0.00
0.00
82.72
506.76
0.00
0.00
0.00
720.40
52.56
0.00
0.00
479.03
0.00
0.00
0.00
226.34
0.00
0.00
0.00
0.00
0.00
0.00
0.00
0.00
0.00
0.00
0.00
0.00
0.00
0.00
0.00
0.00
0.00
0.00
0.00
0.00
0.00
0.00
0.00
0.00
0.00
0.00
0.00
0.00
0.00
0.00
0.00
0.00
0.00
0.00
0.00
0.00
0.00
0.00
0.00
0.00
0.00
0.00
0.00
0.00
0.00
0.00
0.00
0.00
0.00
0.00
0.00
0.00
0.00
0.00
0.00
0.00
0.00
0.00
0.00
0.00
0.00
0.00
0.00
0.00
217.79
0.00
0.00
0.00
273.92
0.00
152.44
0.00
210.50
0.00
0.00
0.00
144.10
0.00
0.00
641.72
0.00
0.00
0.00
0.00
0.00
0.00
0.00
0.00
0.00
0.00
0.00
0.00
0.00
0.00
0.00
0.00
0.00
0.00
0.00
0.00
0.00
0.00
0.00
0.00
0.00
0.00
0.00
0.00
0.00
0.00
0.00
0.00
0.00
0.00
0.00
0.00
0.00
0.00
0.00
0.00
0.00
0.00
0.00
0.00
0.00
0.00
0.00
0.00
0.00
0.00
0.00
0.00
0.00
0.00
0.00
0.00
0.00
0.00
0.00
0.00
0.00
0.00
0.00
0.00
0.00
320.87
0.00
0.00
347.31
403.58
0.00
0.00
0.00
310.13
0.00
0.00
427.32
212.31
0.00
0.00
0.00
0.00
0.00
0.00
0.00
0.00
0.00
0.00
0.00
0.00
0.00
0.00
0.00
0.00
0.00
0.00
0.00
0.00
0.00
0.00
0.00
0.00
0.00
0.00
0.00
0.00
0.00
0.00
0.00
0.00
0.00
0.00
0.00
0.00
0.00
0.00
0.00
0.00
0.00
0.00
0.00
0.00
0.00
0.00
0.00
0.00
0.00
0.00
0.00
0.00
0.00
0.00
0.00
0.00
0.00
0.00
0.00
0.00
0.00
0.00
0.00
0.00
0.00
0.00
0.00
209.86
782.57
0.00
0.00
0.00
984.29
0.00
253.30
0.00
756.38
0.00
0.00
0.00
517.79
0.00
0.00
0.00
0.00
0.00
0.00
0.00
0.00
0.00
0.00
0.00
0.00
0.00
0.00
0.00
0.00
0.00
0.00
0.00
0.00
0.00
0.00
0.00
0.00
0.00
0.00
0.00
0.00
0.00
0.00
0.00
0.00
0.00
0.00
0.00
0.00
0.00
0.00
0.00
0.00
0.00
0.00
0.00
0.00
0.00
0.00
0.00
0.00
0.00
0.00
0.00
0.00
0.00
0.00
0.00
0.00
0.00
0.00
0.00
0.00
0.00
0.00
0.00
0.00
0.00
0.00
0.00
0.00
828.80
0.00
0.00
0.00
1042.44
0.00
0.00
0.00
801.06
0.00
0.00
0.00
548.38
0.00
0.00
0.00
0.00
0.00
0.00
0.00
0.00
0.00
0.00
0.00
0.00
0.00
0.00
0.00
0.00
0.00
0.00
0.00
0.00
0.00
0.00
0.00
0.00
0.00
0.00
0.00
0.00
0.00
0.00
0.00
0.00
0.00
0.00
0.00
0.00
0.00
0.00
0.00
0.00
0.00
0.00
0.00
0.00
0.00
0.00
0.00
0.00
0.00
0.00
0.00
0.00
0.00
0.00
0.00
0.00
0.00
0.00
0.00
0.00
0.00
0.00
0.00
0.00
0.00
0.00
0.00
0.00
223.69
0.00
0.00
0.00
160.26
0.00
0.00
0.00
93.86
0.00
0.00
0.00
0.00
0.00
0.00
0.00
0.00
0.00
0.00
0.00
0.00
0.00
0.00
0.00
0.00
0.00
0.00
0.00
0.00
0.00
0.00
0.00
0.00
0.00
0.00
0.00
0.00
0.00
0.00
0.00
0.00
0.00
0.00
0.00
0.00
0.00
0.00
0.00
0.00
0.00
0.00
0.00
0.00
0.00
0.00
0.00
0.00
0.00
0.00
0.00
0.00
0.00
0.00
0.00
0.00
0.00
0.00
0.00
0.00
0.00
0.00
0.00
0.00
0.00
0.00
0.00
0.00
0.00
0.00
0.00
0.00
329.57
0.00
0.00
0.00
236.12
710.97
0.00
1033.51
138.29
0.00
0.00
0.00
0.00
0.00
0.00
0.00
0.00
0.00
0.00
0.00
0.00
0.00
0.00
0.00
0.00
0.00
0.00
0.00
0.00
0.00
0.00
0.00
0.00
0.00
0.00
0.00
0.00
0.00
0.00
0.00
0.00
0.00
0.00
0.00
0.00
0.00
0.00
0.00
0.00
0.00
0.00
0.00
0.00
0.00
0.00
0.00
0.00
0.00
0.00
0.00
0.00
0.00
0.00
0.00
0.00
0.00
0.00
0.00
0.00
0.00
0.00
0.00
0.00
0.00
0.00
0.00
0.00
0.00
0.00
606.27
0.00
803.78
0.00
0.00
0.00
575.87
0.00
0.00
0.00
337.28
0.00
0.00
0.00
0.00
0.00
0.00
0.00
0.00
0.00
0.00
0.00
0.00
0.00
0.00
0.00
0.00
0.00
0.00
0.00
0.00
0.00
0.00
0.00
0.00
0.00
0.00
0.00
0.00
0.00
0.00
0.00
0.00
0.00
0.00
0.00
0.00
0.00
0.00
0.00
0.00
0.00
0.00
0.00
0.00
0.00
0.00
0.00
0.00
0.00
0.00
0.00
0.00
0.00
0.00
0.00
0.00
0.00
0.00
0.00
0.00
0.00
0.00
0.00
0.00
0.00
0.00
0.00
0.00
0.00
746.38
0.00
0.00
851.27
0.00
0.00
0.00
609.89
0.00
456.27
0.00
357.21
0.00
0.00
0.00
0.00
0.00
0.00
0.00
0.00
0.00
0.00
0.00
0.00
0.00
0.00
0.00
0.00
0.00
0.00
0.00
0.00
0.00
0.00
0.00
0.00
0.00
0.00
0.00
0.00
0.00
0.00
0.00
0.00
0.00
0.00
0.00
0.00
0.00
0.00
0.00
0.00
0.00
0.00
0.00
0.00
0.00
0.00
0.00
0.00
0.00
0.00
0.00
0.00
0.00
0.00
0.00
0.00
0.00
0.00
0.00
0.00
0.00
0.00
0.00
0.00
0.00
0.00
0.00
0.00
0.00
0.00
517.44
0.00
216.40
0.00
0.00
0.00
150.00
0.00
0.00
0.00
0.00
0.00
0.00
0.00
0.00
0.00
0.00
0.00
0.00
0.00
0.00
0.00
0.00
0.00
0.00
0.00
0.00
0.00
0.00
0.00
0.00
0.00
0.00
0.00
0.00
0.00
0.00
0.00
0.00
0.00
0.00
0.00
0.00
0.00
0.00
0.00
0.00
0.00
0.00
0.00
0.00
0.00
0.00
0.00
0.00
0.00
0.00
0.00
0.00
0.00
0.00
0.00
0.00
0.00
0.00
0.00
0.00
0.00
0.00
0.00
0.00
0.00
0.00
0.00
0.00
0.00
0.00
0.00
0.00
0.00
0.00
0.00
0.00
318.83
0.00
0.00
0.00
221.00
0.00
432.45
0.00
0.00
0.00
0.00
0.00
0.00
0.00
0.00
0.00
0.00
0.00
0.00
0.00
0.00
0.00
0.00
0.00
0.00
0.00
0.00
0.00
0.00
0.00
0.00
0.00
0.00
0.00
0.00
0.00
0.00
0.00
0.00
0.00
0.00
0.00
0.00
0.00
0.00
0.00
0.00
0.00
0.00
0.00
0.00
0.00
0.00
0.00
0.00
0.00
0.00
0.00
0.00
0.00
0.00
0.00
0.00
0.00
0.00
0.00
0.00
0.00
0.00
0.00
0.00
0.00
0.00
0.00
0.00
0.00
0.00
0.00
0.00
0.00
849.76
777.59
0.00
0.00
0.00
539.00
0.00
0.00
0.00
0.00
0.00
0.00
0.00
0.00
0.00
0.00
0.00
0.00
0.00
0.00
0.00
0.00
0.00
0.00
0.00
0.00
0.00
0.00
0.00
0.00
0.00
0.00
0.00
0.00
0.00
0.00
0.00
0.00
0.00
0.00
0.00
0.00
0.00
0.00
0.00
0.00
0.00
0.00
0.00
0.00
0.00
0.00
0.00
0.00
0.00
0.00
0.00
0.00
0.00
0.00
0.00
0.00
0.00
0.00
0.00
0.00
0.00
0.00
0.00
0.00
0.00
0.00
0.00
0.00
0.00
0.00
0.00
0.00
0.00
0.00
0.00
0.00
823.53
959.95
151.35
0.00
570.85
0.00
0.00
0.00
0.00
0.00
0.00
0.00
0.00
0.00
0.00
0.00
0.00
0.00
0.00
0.00
0.00
0.00
0.00
0.00
0.00
0.00
0.00
0.00
0.00
0.00
0.00
0.00
0.00
0.00
0.00
0.00
0.00
0.00
0.00
0.00
0.00
0.00
0.00
0.00
0.00
0.00
0.00
0.00
0.00
0.00
0.00
0.00
0.00
0.00
0.00
0.00
0.00
0.00
0.00
0.00
0.00
0.00
0.00
0.00
0.00
0.00
0.00
0.00
0.00
0.00
0.00
0.00
0.00
0.00
0.00
0.00
0.00
0.00
0.00
0.00
0.00
86.58
0.00
0.00
0.00
0.00
0.00
0.00
0.00
0.00
0.00
0.00
0.00
0.00
0.00
0.00
0.00
0.00
0.00
0.00
0.00
0.00
0.00
0.00
0.00
0.00
0.00
0.00
0.00
0.00
0.00
0.00
0.00
0.00
0.00
0.00
0.00
0.00
0.00
0.00
0.00
0.00
0.00
0.00
0.00
0.00
0.00
0.00
0.00
0.00
0.00
0.00
0.00
0.00
0.00
0.00
0.00
0.00
0.00
0.00
0.00
0.00
0.00
0.00
0.00
0.00
0.00
0.00
0.00
0.00
0.00
0.00
0.00
0.00
0.00
0.00
0.00
0.00
0.00
0.00
0.00
0.00
127.56
0.00
0.00
0.00
0.00
0.00
0.00
0.00
0.00
0.00
0.00
0.00
0.00
0.00
0.00
0.00
0.00
0.00
0.00
0.00
0.00
0.00
0.00
0.00
0.00
0.00
0.00
0.00
0.00
0.00
0.00
0.00
0.00
0.00
0.00
0.00
0.00
0.00
0.00
0.00
0.00
0.00
0.00
0.00
0.00
0.00
0.00
0.00
0.00
0.00
0.00
0.00
0.00
0.00
0.00
0.00
0.00
0.00
0.00
0.00
0.00
0.00
0.00
0.00
0.00
0.00
0.00
0.00
0.00
0.00
0.00
0.00
0.00
0.00
0.00
0.00
0.00
0.00
788.37
0.00
0.00
311.09
0.00
0.00
0.00
0.00
0.00
0.00
0.00
0.00
0.00
0.00
0.00
0.00
0.00
0.00
0.00
0.00
0.00
0.00
0.00
0.00
0.00
0.00
0.00
0.00
0.00
0.00
0.00
0.00
0.00
0.00
0.00
0.00
0.00
0.00
0.00
0.00
0.00
0.00
0.00
0.00
0.00
0.00
0.00
0.00
0.00
0.00
0.00
0.00
0.00
0.00
0.00
0.00
0.00
0.00
0.00
0.00
0.00
0.00
0.00
0.00
0.00
0.00
0.00
0.00
0.00
0.00
0.00
0.00
0.00
0.00
0.00
0.00
0.00
0.00
0.00
0.00
0.00
0.00
0.00
21.72
329.47
0.00
0.00
0.00
0.00
0.00
0.00
0.00
0.00
0.00
0.00
0.00
0.00
0.00
0.00
0.00
0.00
0.00
0.00
0.00
0.00
0.00
0.00
0.00
0.00
0.00
0.00
0.00
0.00
0.00
0.00
0.00
0.00
0.00
0.00
0.00
0.00
0.00
0.00
0.00
0.00
0.00
0.00
0.00
0.00
0.00
0.00
0.00
0.00
0.00
0.00
0.00
0.00
0.00
0.00
0.00
0.00
0.00
0.00
0.00
0.00
0.00
0.00
0.00
0.00
0.00
0.00
0.00
0.00
0.00
0.00
0.00
0.00
0.00
0.00
0.00
0.00
0.00
0.00
0.00
0.00
0.00
0.00
0.00
0.00
0.00
0.00
0.00
0.00
0.00
0.00
0.00
0.00
0.00
0.00
0.00
0.00
0.00
0.00
0.00
0.00
0.00
0.00
0.00
0.00
0.00
0.00
0.00
0.00
0.00
0.00
0.00
0.00
0.00
0.00
0.00
0.00
0.00
0.00
0.00
0.00
0.00
0.00
0.00
0.00
0.00
0.00
0.00
0.00
0.00
0.00
0.00
0.00
0.00
0.00
0.00
0.00
0.00
0.00
0.00
0.00
0.00
0.00
0.00
0.00
0.00
0.00
0.00
0.00
0.00
0.00
0.00
0.00
0.00
0.00
0.00
0.00
0.00
0.00
0.00
0.00
0.00
0.00
0.00
0.00
0.00
0.00
0.00
0.00
0.00
0.00
0.00
0.00
0.00
0.00
0.00
0.00
0.00
0.00
0.00
0.00
0.00
0.00
0.00
0.00
0.00
0.00
0.00
0.00
0.00
0.00
0.00
0.00
0.00
0.00
0.00
0.00
0.00
0.00
0.00
0.00
0.00
0.00
0.00
0.00
0.00
0.00
0.00
0.00
0.00
0.00
0.00
0.00
0.00
0.00
0.00
0.00
0.00
0.00
0.00
0.00
0.00
0.00
0.00
0.00
0.00
0.00
0.00
0.00
0.00
0.00
0.00
0.00
0.00
0.00
0.00
0.00
0.00
0.00
0.00
0.00
0.00
0.00
0.00
0.00
0.00
0.00
0.00
0.00
0.00
0.00
0.00
0.00
0.00
0.00
0.00
0.00
0.00
0.00
0.00
0.00
0.00
0.00
0.00
0.00
0.00
0.00
0.00
0.00
0.00
0.00
0.00
0.00
0.00
0.00
0.00
0.00
0.00
0.00
0.00
0.00
0.00
0.00
0.00
0.00
0.00
0.00
0.00
0.00
0.00
0.00
0.00
0.00
0.00
0.00
0.00
0.00
0.00
0.00
0.00
0.00
0.00
0.00
0.00
0.00
0.00
0.00
0.00
0.00
0.00
0.00
0.00
0.00
0.00
0.00
0.00
0.00
0.00
0.00
0.00
0.00
