0.00
0.00
0.00
167.55
0.00
0.00
183.13
0.00
988.62
162.51
0.00
560.79
160.13
116.63
0.00
229.15
0.00
0.00
233.90
272.80
275.13
215.59
0.00
0.00
178.54
765.31
0.00
123.97
0.00
0.00
132.29
0.00
0.00
104.72
0.00
0.00
186.39
0.00
0.00
196.50
0.00
0.00
144.77
0.00
0.00
229.39
631.61
0.00
179.16
0.00
0.00
235.29
0.00
0.00
171.87
0.00
0.00
105.47
850.20
0.00
0.00
0.00
0.00
0.00
246.85
0.00
0.00
269.81
0.00
0.00
239.43
0.00
197.68
235.93
0.00
0.00
337.62
0.00
0.00
344.61
0.00
0.00
317.63
0.00
0.00
263.05
0.00
0.00
182.64
0.00
0.00
194.91
256.83
380.24
154.29
811.29
0.00
274.62
0.00
0.00
289.50
0.00
0.00
213.29
0.00
0.00
337.97
0.00
0.00
263.96
0.00
0.00
346.67
544.61
0.00
253.22
0.00
0.00
155.39
0.00
0.00
0.00
0.00
0.00
0.00
602.04
0.00
0.00
658.03
0.00
0.00
583.93
0.00
0.00
575.40
0.00
0.00
823.41
0.00
0.00
840.46
0.00
0.00
774.66
0.00
0.00
641.54
0.00
0.00
445.45
0.00
0.00
475.36
177.55
0.00
376.30
0.00
0.00
669.77
0.00
0.00
706.06
0.00
0.00
520.19
1002.51
0.00
824.26
0.00
0.00
643.76
0.00
991.70
845.48
0.00
0.00
617.57
0.00
0.00
378.98
0.00
0.00
0.00
0.00
0.00
0.00
159.91
0.00
0.00
139.29
0.00
0.00
136.92
0.00
0.00
205.94
0.00
0.00
210.68
0.00
0.00
192.37
0.00
0.00
155.33
0.00
0.00
100.75
0.00
0.00
109.08
0.00
0.00
81.51
0.00
0.00
163.18
0.00
0.00
173.28
0.00
0.00
121.55
0.00
0.00
206.18
0.00
0.00
155.94
0.00
0.00
212.08
0.00
0.00
148.65
0.00
0.00
82.26
0.00
0.00
0.00
0.00
0.00
0.00
0.00
0.00
0.00
235.61
0.00
0.00
205.23
0.00
0.00
201.73
0.00
0.00
303.42
0.00
755.67
310.41
0.00
0.00
283.43
0.00
0.00
228.85
0.00
0.00
148.44
0.00
908.07
160.71
0.00
0.00
120.09
545.45
0.00
240.42
0.00
0.00
255.30
939.55
0.00
179.09
807.14
0.00
303.77
0.00
0.00
229.75
0.00
769.01
312.46
0.00
0.00
219.02
0.00
0.00
121.19
0.00
0.00
0.00
0.00
0.00
0.00
0.00
888.59
0.00
574.62
360.95
0.00
500.52
0.00
0.00
491.99
0.00
0.00
740.00
0.00
0.00
757.04
0.00
317.25
691.25
0.00
0.00
558.13
0.00
0.00
362.04
0.00
0.00
391.94
763.31
0.00
292.89
0.00
0.00
586.36
0.00
0.00
622.65
0.00
0.00
436.78
0.00
0.00
740.85
781.45
0.00
560.34
0.00
118.68
762.06
0.00
0.00
534.16
0.00
0.00
295.57
0.00
0.00
0.00
0.00
0.00
0.00
0.00
0.00
0.00
154.87
0.00
0.00
152.50
0.00
609.53
221.52
0.00
0.00
226.26
661.19
0.00
207.95
0.00
0.00
170.91
0.00
0.00
116.33
0.00
0.00
124.66
0.00
0.00
97.09
0.00
0.00
178.76
0.00
0.00
188.86
424.26
0.00
137.14
0.00
0.00
221.76
0.00
0.00
171.52
0.00
0.00
227.66
314.03
0.00
164.23
0.00
0.00
97.84
0.00
919.27
0.00
0.00
0.00
0.00
0.00
0.00
0.00
0.00
0.00
0.00
228.18
0.00
0.00
224.68
0.00
0.00
326.37
0.00
0.00
333.36
493.06
0.00
306.38
634.69
90.56
251.80
0.00
0.00
171.40
0.00
0.00
183.66
0.00
0.00
143.05
0.00
0.00
263.38
818.33
0.00
278.26
0.00
626.22
202.05
0.00
0.00
326.72
0.00
0.00
252.71
963.42
0.00
335.42
0.00
669.89
241.97
506.46
0.00
144.15
0.00
0.00
0.00
0.00
0.00
0.00
0.00
0.00
0.00
0.00
0.00
0.00
556.51
0.00
0.00
547.97
0.00
0.00
795.99
0.00
0.00
813.03
0.00
479.22
747.23
0.00
0.00
614.11
0.00
58.01
418.02
0.00
0.00
447.93
229.10
0.00
348.88
0.00
0.00
642.34
0.00
0.00
678.64
0.00
0.00
492.77
0.00
0.00
796.84
0.00
0.00
616.33
0.00
0.00
818.05
326.32
0.00
590.14
174.34
0.00
351.55
0.00
0.00
0.00
0.00
0.00
0.00
0.00
0.00
0.00
0.00
0.00
0.00
131.88
0.00
0.00
200.90
0.00
0.00
205.64
0.00
0.00
187.33
0.00
517.28
150.29
0.00
0.00
95.71
0.00
0.00
104.04
0.00
0.00
76.47
68.01
0.00
158.14
0.00
0.00
168.24
220.34
0.00
116.52
0.00
0.00
201.14
0.00
0.00
150.90
0.00
0.00
207.04
0.00
0.00
143.62
0.00
0.00
77.22
0.00
0.00
0.00
0.00
0.00
0.00
0.00
0.00
0.00
0.00
0.00
0.00
0.00
0.00
0.00
194.30
0.00
0.00
295.99
812.28
0.00
302.98
0.00
0.00
276.00
0.00
0.00
221.42
0.00
296.53
141.02
0.00
0.00
153.28
0.00
0.00
112.67
0.00
0.00
233.00
0.00
827.82
247.88
0.00
0.00
171.67
903.90
667.20
296.34
0.00
0.00
222.33
0.00
0.00
305.04
0.00
0.00
211.59
0.00
0.00
113.77
0.00
0.00
0.00
0.00
0.00
0.00
0.00
0.00
0.00
0.00
0.00
0.00
0.00
0.00
0.00
473.88
0.00
0.00
721.90
0.00
0.00
738.94
863.22
0.00
673.14
0.00
747.86
540.02
0.00
0.00
343.93
0.00
0.00
373.84
0.00
0.00
274.78
0.00
0.00
568.25
0.00
0.00
604.55
0.00
0.00
418.67
0.00
0.00
722.75
699.57
0.00
542.24
0.00
657.42
743.96
0.00
0.00
516.05
0.00
0.00
277.46
0.00
0.00
0.00
0.00
0.00
0.00
0.00
0.00
0.00
0.00
0.00
0.00
0.00
0.00
0.00
198.53
0.00
0.00
203.27
0.00
0.00
184.96
294.35
832.50
147.91
0.00
0.00
93.34
0.00
0.00
101.66
0.00
837.30
74.10
0.00
0.00
155.77
0.00
0.00
165.87
202.38
825.76
114.14
0.00
0.00
198.76
0.00
399.63
148.53
983.30
705.04
204.67
0.00
0.00
141.24
0.00
0.00
74.84
0.00
0.00
0.00
0.00
0.00
0.00
0.00
0.00
0.00
0.00
0.00
0.00
0.00
0.00
0.00
0.00
0.00
0.00
292.50
0.00
0.00
299.48
0.00
0.00
272.51
0.00
0.00
217.92
0.00
0.00
137.52
0.00
0.00
149.78
284.83
0.00
109.17
0.00
0.00
229.50
0.00
0.00
244.38
0.00
0.00
168.17
363.68
0.00
292.84
267.22
0.00
218.83
0.00
0.00
301.54
0.00
0.00
208.09
0.00
0.00
110.27
0.00
0.00
0.00
0.00
0.00
0.00
0.00
0.00
0.00
0.00
0.00
0.00
0.00
0.00
0.00
0.00
0.00
0.00
713.36
607.62
0.00
730.40
0.00
0.00
664.61
0.00
0.00
531.49
0.00
0.00
335.40
519.49
0.00
365.30
893.44
0.00
266.25
0.00
0.00
559.72
0.00
0.00
596.01
0.00
986.66
410.14
0.00
0.00
714.21
0.00
0.00
533.70
0.00
0.00
735.42
0.00
0.00
507.52
540.79
0.00
268.93
0.00
0.00
0.00
0.00
0.00
0.00
0.00
0.00
0.00
0.00
0.00
0.00
0.00
0.00
0.00
0.00
0.00
0.00
272.29
0.00
0.00
253.98
870.19
0.00
216.93
0.00
0.00
162.36
0.00
0.00
170.68
0.00
0.00
143.12
0.00
0.00
224.79
0.00
914.83
234.89
0.00
0.00
183.16
0.00
0.00
267.78
0.00
235.64
217.55
0.00
0.00
273.69
0.00
0.00
210.26
0.00
0.00
143.86
0.00
0.00
0.00
0.00
0.00
0.00
0.00
0.00
0.00
0.00
0.00
0.00
0.00
0.00
0.00
0.00
0.00
0.00
0.00
0.00
0.00
401.17
0.00
0.00
374.20
0.00
0.00
319.61
0.00
943.72
239.21
0.00
0.00
251.48
683.77
694.44
210.86
0.00
0.00
331.19
644.17
0.00
346.07
0.00
0.00
269.86
886.77
0.00
394.54
268.59
0.00
320.52
827.16
0.00
403.23
0.00
0.00
309.79
0.00
0.00
211.96
0.00
0.00
0.00
0.00
0.00
0.00
0.00
0.00
0.00
0.00
0.00
0.00
0.00
0.00
0.00
0.00
0.00
0.00
0.00
0.00
0.00
978.42
348.55
830.14
912.62
0.00
0.00
779.50
0.00
0.00
583.41
71.25
0.00
613.32
0.00
0.00
514.26
795.31
465.76
807.73
0.00
0.00
844.03
0.00
0.00
658.15
0.00
0.00
962.23
0.00
1012.08
781.72
0.00
0.00
983.44
0.00
0.00
755.53
0.00
0.00
516.94
0.00
0.00
0.00
0.00
0.00
0.00
0.00
0.00
0.00
0.00
0.00
0.00
0.00
0.00
0.00
0.00
0.00
0.00
0.00
36.53
0.00
258.72
0.00
671.90
221.68
0.00
881.71
167.10
359.83
0.00
175.43
0.00
0.00
147.86
0.00
0.00
229.53
0.00
0.00
239.63
0.00
719.51
187.90
0.00
0.00
272.53
0.00
0.00
222.29
0.00
0.00
278.43
0.00
0.00
215.00
137.01
0.00
148.61
0.00
0.00
0.00
0.00
0.00
0.00
0.00
0.00
0.00
0.00
0.00
0.00
0.00
0.00
0.00
0.00
0.00
0.00
0.00
0.00
0.00
0.00
0.00
0.00
381.18
0.00
0.00
326.60
0.00
380.38
246.20
0.00
0.00
258.46
40.36
0.00
217.85
0.00
0.00
338.18
0.00
0.00
353.06
0.00
0.00
276.85
0.00
557.10
401.52
0.00
0.00
327.51
0.00
0.00
410.22
0.00
390.71
316.77
0.00
943.55
218.95
0.00
0.00
0.00
0.00
0.00
0.00
0.00
0.00
0.00
0.00
0.00
0.00
0.00
0.00
0.00
0.00
0.00
0.00
0.00
0.00
0.00
0.00
0.00
0.00
929.66
0.00
0.00
796.54
0.00
455.91
600.45
0.00
0.00
630.36
906.60
998.21
531.30
0.00
0.00
824.77
0.00
0.00
861.07
0.00
283.88
675.19
0.00
0.00
979.27
0.00
339.45
798.76
470.97
0.00
1000.48
898.91
0.00
772.57
0.00
0.00
533.98
0.00
0.00
0.00
0.00
0.00
0.00
0.00
0.00
0.00
0.00
0.00
0.00
0.00
0.00
0.00
0.00
0.00
0.00
0.00
0.00
0.00
0.00
0.00
758.56
203.36
0.00
0.00
148.79
0.00
0.00
157.12
0.00
738.36
129.55
0.00
0.00
211.22
0.00
0.00
221.32
0.00
0.00
169.59
0.00
0.00
254.22
0.00
26.00
203.98
0.00
0.00
260.12
941.06
0.00
196.69
0.00
0.00
130.29
0.00
0.00
0.00
0.00
0.00
0.00
0.00
0.00
0.00
0.00
0.00
0.00
0.00
0.00
0.00
0.00
0.00
0.00
0.00
0.00
0.00
0.00
0.00
0.00
0.00
0.00
17.86
299.62
0.00
0.00
219.22
0.00
0.00
231.48
0.00
0.00
190.87
0.00
0.00
311.20
0.00
0.00
326.08
0.00
158.52
249.87
334.34
0.00
374.54
0.00
0.00
300.53
0.00
0.00
383.24
0.00
0.00
289.80
0.00
0.00
191.97
0.00
0.00
0.00
0.00
0.00
0.00
0.00
0.00
0.00
0.00
0.00
0.00
0.00
0.00
0.00
0.00
0.00
0.00
0.00
0.00
0.00
0.00
0.00
0.00
0.00
0.00
766.77
730.75
0.00
0.00
534.66
0.00
0.00
564.56
0.00
0.00
465.51
0.00
0.00
758.98
0.00
0.00
795.27
0.00
0.00
609.40
0.00
0.00
913.47
0.00
0.00
732.96
0.00
0.00
934.68
0.00
0.00
706.78
0.00
231.97
468.19
0.00
0.00
0.00
0.00
0.00
0.00
0.00
0.00
0.00
0.00
0.00
0.00
0.00
0.00
0.00
0.00
0.00
0.00
0.00
0.00
0.00
0.00
0.00
0.00
0.00
0.00
0.00
111.75
0.00
0.00
120.07
0.00
0.00
92.50
0.00
0.00
174.17
452.50
0.00
184.27
34.54
63.28
132.55
0.00
229.44
217.17
0.00
0.00
166.93
378.24
0.00
223.07
284.56
0.00
159.65
0.00
0.00
93.25
0.00
0.00
0.00
0.00
0.00
0.00
0.00
0.00
0.00
0.00
0.00
0.00
0.00
0.00
0.00
0.00
0.00
0.00
0.00
0.00
0.00
0.00
0.00
0.00
0.00
0.00
0.00
0.00
0.00
0.00
164.64
0.00
488.70
176.90
192.99
0.00
136.29
0.00
0.00
256.62
0.00
0.00
271.50
0.00
0.00
195.29
837.30
0.00
319.96
0.00
0.00
245.95
117.89
278.07
328.66
0.00
313.17
235.21
0.00
0.00
137.38
0.00
0.00
0.00
0.00
0.00
0.00
0.00
0.00
0.00
0.00
0.00
0.00
0.00
0.00
0.00
0.00
0.00
0.00
0.00
0.00
0.00
0.00
0.00
0.00
0.00
0.00
0.00
0.00
595.76
0.00
401.53
0.00
0.00
431.44
0.00
0.00
332.39
0.00
0.00
625.86
0.00
827.69
662.15
0.00
0.00
476.28
0.00
0.00
780.35
0.00
0.00
599.84
0.00
0.00
801.56
0.00
0.00
573.65
0.00
0.00
335.07
0.00
0.00
0.00
0.00
0.00
0.00
0.00
0.00
0.00
0.00
0.00
0.00
0.00
0.00
0.00
0.00
0.00
0.00
0.00
0.00
0.00
0.00
0.00
0.00
0.00
0.00
0.00
0.00
0.00
0.00
65.50
0.00
0.00
37.93
0.00
0.00
119.60
0.00
0.00
129.70
0.00
0.00
77.97
0.00
540.90
162.60
0.00
0.00
112.36
0.00
0.00
168.50
0.00
0.00
105.07
989.34
0.00
38.68
0.00
0.00
0.00
0.00
0.00
0.00
0.00
0.00
0.00
0.00
0.00
0.00
0.00
0.00
0.00
0.00
0.00
0.00
0.00
0.00
0.00
0.00
0.00
0.00
0.00
0.00
0.00
0.00
0.00
0.00
0.00
0.00
0.00
96.50
0.00
529.61
55.88
0.00
0.00
176.21
0.00
0.00
191.10
879.16
0.00
114.88
0.00
469.77
239.56
0.00
453.60
165.55
0.00
0.00
248.26
0.00
0.00
154.81
0.00
0.00
56.98
0.00
0.00
0.00
0.00
0.00
0.00
0.00
0.00
0.00
0.00
0.00
0.00
0.00
0.00
0.00
0.00
0.00
0.00
0.00
0.00
0.00
0.00
0.00
0.00
0.00
0.00
0.00
0.00
0.00
0.00
0.00
0.00
0.00
235.35
980.87
0.00
136.30
0.00
0.00
429.76
0.00
0.00
466.06
0.00
0.00
280.19
0.00
0.00
584.26
0.00
376.65
403.75
0.00
443.80
605.47
0.00
0.00
377.56
0.00
0.00
138.97
0.00
0.00
0.00
0.00
0.00
0.00
0.00
0.00
0.00
0.00
0.00
0.00
0.00
0.00
0.00
0.00
0.00
0.00
0.00
0.00
0.00
0.00
0.00
0.00
0.00
0.00
0.00
0.00
0.00
0.00
0.00
0.00
0.00
46.25
0.00
142.29
127.93
0.00
0.00
138.03
0.00
0.00
86.30
0.00
0.00
170.92
0.00
0.00
120.69
0.00
0.00
176.82
0.00
0.00
113.40
436.07
0.00
47.00
0.00
827.06
0.00
0.00
0.00
0.00
0.00
0.00
0.00
0.00
0.00
0.00
0.00
0.00
0.00
0.00
0.00
0.00
0.00
0.00
0.00
0.00
0.00
0.00
0.00
0.00
0.00
0.00
0.00
0.00
0.00
0.00
0.00
0.00
0.00
0.00
68.15
0.00
0.00
188.48
0.00
0.00
203.36
0.00
0.00
127.15
0.00
0.00
251.82
0.00
0.00
177.81
0.00
0.00
260.52
0.00
0.00
167.07
0.00
0.00
69.25
159.47
0.00
0.00
0.00
0.00
0.00
0.00
0.00
0.00
0.00
0.00
0.00
0.00
0.00
0.00
0.00
0.00
0.00
0.00
0.00
0.00
0.00
0.00
0.00
0.00
0.00
0.00
0.00
0.00
0.00
0.00
0.00
0.00
0.00
0.00
0.00
166.20
0.00
0.00
459.67
924.93
0.00
495.97
0.00
0.00
310.10
651.34
0.00
614.17
0.00
0.00
433.66
0.00
539.57
635.38
397.92
0.00
407.47
272.74
0.00
168.88
0.00
0.00
0.00
0.00
0.00
0.00
0.00
0.00
0.00
0.00
0.00
0.00
0.00
0.00
0.00
0.00
0.00
0.00
0.00
0.00
0.00
0.00
0.00
0.00
0.00
0.00
0.00
0.00
0.00
0.00
0.00
0.00
0.00
0.00
0.00
0.00
100.36
0.00
0.00
110.46
0.00
0.00
58.73
0.00
0.00
143.35
0.00
0.00
93.12
0.00
440.05
149.26
0.00
0.00
85.83
0.00
0.00
19.43
0.00
0.00
0.00
0.00
0.00
0.00
0.00
0.00
0.00
0.00
0.00
0.00
0.00
0.00
0.00
0.00
0.00
0.00
0.00
0.00
0.00
0.00
0.00
0.00
0.00
0.00
0.00
0.00
0.00
0.00
0.00
0.00
0.00
0.00
0.00
0.00
0.00
0.00
0.00
147.86
0.00
0.00
162.74
0.00
0.00
86.53
0.00
0.00
211.21
65.64
0.00
137.20
0.00
0.00
219.91
0.00
64.61
126.46
0.00
0.00
28.63
0.00
0.00
0.00
0.00
0.00
0.00
0.00
0.00
0.00
0.00
0.00
0.00
0.00
0.00
0.00
0.00
0.00
0.00
0.00
0.00
0.00
0.00
0.00
0.00
0.00
0.00
0.00
0.00
0.00
0.00
0.00
0.00
0.00
0.00
0.00
0.00
0.00
0.00
0.00
360.62
0.00
0.00
396.91
0.00
0.00
211.04
0.00
0.00
515.11
0.00
0.00
334.60
0.00
0.00
536.32
0.00
0.00
308.42
0.00
0.00
69.83
0.00
0.00
0.00
0.00
0.00
0.00
0.00
0.00
0.00
0.00
0.00
0.00
0.00
0.00
0.00
0.00
0.00
0.00
0.00
0.00
0.00
0.00
0.00
0.00
0.00
0.00
0.00
0.00
0.00
0.00
0.00
0.00
0.00
0.00
0.00
0.00
0.00
0.00
0.00
192.13
0.00
0.00
140.40
0.00
362.78
225.03
0.00
0.00
174.79
0.00
0.00
230.93
0.00
0.00
167.50
0.00
0.00
101.10
0.00
0.00
0.00
0.00
0.00
0.00
0.00
0.00
0.00
0.00
0.00
0.00
0.00
0.00
0.00
0.00
0.00
0.00
0.00
0.00
0.00
0.00
0.00
0.00
0.00
0.00
0.00
0.00
0.00
0.00
0.00
0.00
0.00
0.00
0.00
0.00
0.00
0.00
0.00
0.00
0.00
0.00
283.07
681.69
0.00
206.86
925.58
788.44
331.54
0.00
0.00
257.53
0.00
0.00
340.24
0.00
0.00
246.79
0.00
0.00
148.96
907.16
0.00
0.00
0.00
0.00
0.00
0.00
0.00
0.00
0.00
0.00
0.00
0.00
0.00
0.00
0.00
0.00
0.00
0.00
0.00
0.00
0.00
0.00
0.00
0.00
0.00
0.00
0.00
0.00
0.00
0.00
0.00
0.00
0.00
0.00
0.00
0.00
0.00
0.00
0.00
0.00
330.15
690.38
0.00
433.36
504.51
0.00
0.00
808.58
0.00
0.00
628.07
0.00
0.00
829.79
0.00
487.49
601.89
0.00
0.00
363.30
0.00
0.00
0.00
0.00
0.00
0.00
0.00
0.00
0.00
0.00
0.00
0.00
0.00
0.00
0.00
0.00
0.00
0.00
0.00
0.00
0.00
0.00
0.00
0.00
0.00
0.00
0.00
0.00
0.00
0.00
0.00
0.00
0.00
0.00
0.00
0.00
0.00
0.00
0.00
0.00
0.00
817.80
150.50
0.00
0.00
235.13
0.00
0.00
184.89
0.00
0.00
241.03
0.00
0.00
177.60
0.00
0.00
111.21
0.00
0.00
0.00
0.00
0.00
0.00
0.00
0.00
0.00
0.00
0.00
0.00
0.00
0.00
0.00
0.00
0.00
0.00
0.00
0.00
0.00
0.00
0.00
0.00
0.00
0.00
0.00
0.00
0.00
0.00
0.00
0.00
0.00
0.00
0.00
0.00
0.00
0.00
0.00
0.00
0.00
0.00
0.00
0.00
0.00
221.74
0.00
0.00
346.42
0.00
0.00
272.41
0.00
0.00
355.12
594.72
0.00
261.67
0.00
0.00
163.84
736.21
0.00
0.00
0.00
0.00
0.00
0.00
0.00
0.00
0.00
0.00
0.00
0.00
0.00
0.00
0.00
0.00
0.00
0.00
0.00
0.00
0.00
0.00
0.00
0.00
0.00
0.00
0.00
0.00
0.00
0.00
0.00
0.00
0.00
0.00
0.00
0.00
0.00
0.00
0.00
0.00
0.00
0.00
0.00
0.00
540.80
82.03
0.00
844.88
0.00
0.00
664.37
0.00
0.00
866.09
0.00
0.00
638.18
0.00
0.00
399.59
0.00
0.00
0.00
0.00
0.00
0.00
0.00
0.00
0.00
0.00
0.00
0.00
0.00
0.00
0.00
0.00
0.00
0.00
0.00
0.00
0.00
0.00
0.00
0.00
0.00
0.00
0.00
0.00
0.00
0.00
0.00
0.00
0.00
0.00
0.00
0.00
0.00
0.00
0.00
0.00
0.00
0.00
0.00
0.00
0.00
183.40
0.00
867.59
133.16
746.55
0.00
189.30
0.00
0.00
125.88
0.00
0.00
59.48
0.00
0.00
0.00
0.00
0.00
0.00
0.00
0.00
0.00
0.00
0.00
0.00
0.00
0.00
0.00
0.00
0.00
0.00
0.00
0.00
0.00
0.00
0.00
0.00
0.00
0.00
0.00
0.00
0.00
0.00
0.00
0.00
0.00
0.00
0.00
0.00
0.00
0.00
0.00
0.00
0.00
0.00
0.00
0.00
0.00
0.00
0.00
0.00
270.21
0.00
0.00
196.19
0.00
560.59
278.90
0.00
0.00
185.46
0.00
249.85
87.63
448.81
0.00
0.00
0.00
0.00
0.00
0.00
0.00
0.00
0.00
0.00
0.00
0.00
0.00
0.00
0.00
0.00
0.00
0.00
0.00
0.00
0.00
0.00
0.00
0.00
0.00
0.00
0.00
0.00
0.00
0.00
0.00
0.00
0.00
0.00
0.00
0.00
0.00
0.00
0.00
0.00
0.00
0.00
0.00
0.00
0.00
276.84
0.00
659.00
97.22
0.00
478.50
0.00
641.45
680.22
0.00
0.00
452.31
0.00
0.00
213.72
0.00
0.00
0.00
0.00
0.00
0.00
0.00
0.00
0.00
0.00
0.00
0.00
0.00
0.00
0.00
0.00
0.00
0.00
0.00
0.00
0.00
0.00
0.00
0.00
0.00
0.00
0.00
0.00
0.00
0.00
0.00
0.00
0.00
0.00
0.00
0.00
0.00
0.00
0.00
0.00
0.00
0.00
0.00
0.00
0.00
0.00
0.00
0.00
217.79
0.00
411.76
273.92
0.00
0.00
210.50
0.00
626.81
144.10
0.00
0.00
0.00
0.00
0.00
0.00
0.00
0.00
0.00
0.00
0.00
0.00
0.00
0.00
0.00
0.00
0.00
0.00
0.00
0.00
0.00
0.00
0.00
0.00
0.00
0.00
0.00
0.00
0.00
0.00
0.00
0.00
0.00
0.00
0.00
0.00
0.00
0.00
0.00
0.00
0.00
0.00
0.00
0.00
0.00
0.00
0.00
0.00
0.00
0.00
0.00
320.87
0.00
0.00
403.58
0.00
0.00
310.13
0.00
0.00
212.31
0.00
0.00
0.00
0.00
0.00
0.00
0.00
0.00
0.00
0.00
0.00
0.00
0.00
0.00
0.00
0.00
0.00
0.00
0.00
0.00
0.00
0.00
0.00
0.00
0.00
0.00
0.00
0.00
0.00
0.00
0.00
0.00
0.00
0.00
0.00
0.00
0.00
0.00
0.00
0.00
0.00
0.00
0.00
0.00
0.00
0.00
0.00
0.00
0.00
0.00
600.59
782.57
0.00
443.29
984.29
0.00
0.00
756.38
0.00
0.00
517.79
0.00
0.00
0.00
0.00
0.00
0.00
0.00
0.00
0.00
0.00
0.00
0.00
0.00
0.00
0.00
0.00
0.00
0.00
0.00
0.00
0.00
0.00
0.00
0.00
0.00
0.00
0.00
0.00
0.00
0.00
0.00
0.00
0.00
0.00
0.00
0.00
0.00
0.00
0.00
0.00
0.00
0.00
0.00
0.00
0.00
0.00
0.00
0.00
0.00
0.00
0.00
223.69
163.97
0.00
160.26
0.00
0.00
93.86
0.00
0.00
0.00
0.00
0.00
0.00
0.00
0.00
0.00
0.00
0.00
0.00
0.00
0.00
0.00
0.00
0.00
0.00
0.00
0.00
0.00
0.00
0.00
0.00
0.00
0.00
0.00
0.00
0.00
0.00
0.00
0.00
0.00
0.00
0.00
0.00
0.00
0.00
0.00
0.00
0.00
0.00
0.00
0.00
0.00
0.00
0.00
0.00
0.00
0.00
0.00
0.00
0.00
0.00
329.57
0.00
0.00
236.12
0.00
0.00
138.29
0.00
0.00
0.00
0.00
0.00
0.00
0.00
0.00
0.00
0.00
0.00
0.00
0.00
0.00
0.00
0.00
0.00
0.00
0.00
0.00
0.00
0.00
0.00
0.00
0.00
0.00
0.00
0.00
0.00
0.00
0.00
0.00
0.00
0.00
0.00
0.00
0.00
0.00
0.00
0.00
0.00
0.00
0.00
0.00
0.00
0.00
0.00
0.00
0.00
0.00
0.00
0.00
0.00
0.00
803.78
0.00
0.00
575.87
0.00
0.00
337.28
0.00
0.00
0.00
0.00
0.00
0.00
0.00
0.00
0.00
0.00
0.00
0.00
0.00
0.00
0.00
0.00
0.00
0.00
0.00
0.00
0.00
0.00
0.00
0.00
0.00
0.00
0.00
0.00
0.00
0.00
0.00
0.00
0.00
0.00
0.00
0.00
0.00
0.00
0.00
0.00
0.00
0.00
0.00
0.00
0.00
0.00
0.00
0.00
0.00
0.00
0.00
0.00
0.00
0.00
216.40
0.00
0.00
150.00
0.00
0.00
0.00
0.00
0.00
0.00
0.00
0.00
0.00
0.00
0.00
0.00
0.00
0.00
0.00
0.00
0.00
0.00
0.00
0.00
0.00
0.00
0.00
0.00
0.00
0.00
0.00
0.00
0.00
0.00
0.00
0.00
0.00
0.00
0.00
0.00
0.00
0.00
0.00
0.00
0.00
0.00
0.00
0.00
0.00
0.00
0.00
0.00
0.00
0.00
0.00
0.00
0.00
0.00
0.00
0.00
0.00
318.83
62.78
0.00
221.00
0.00
0.00
0.00
0.00
0.00
0.00
0.00
0.00
0.00
0.00
0.00
0.00
0.00
0.00
0.00
0.00
0.00
0.00
0.00
0.00
0.00
0.00
0.00
0.00
0.00
0.00
0.00
0.00
0.00
0.00
0.00
0.00
0.00
0.00
0.00
0.00
0.00
0.00
0.00
0.00
0.00
0.00
0.00
0.00
0.00
0.00
0.00
0.00
0.00
0.00
0.00
0.00
0.00
0.00
0.00
0.00
0.00
777.59
0.00
0.00
539.00
0.00
0.00
0.00
0.00
0.00
0.00
0.00
0.00
0.00
0.00
0.00
0.00
0.00
0.00
0.00
0.00
0.00
0.00
0.00
0.00
0.00
0.00
0.00
0.00
0.00
0.00
0.00
0.00
0.00
0.00
0.00
0.00
0.00
0.00
0.00
0.00
0.00
0.00
0.00
0.00
0.00
0.00
0.00
0.00
0.00
0.00
0.00
0.00
0.00
0.00
0.00
0.00
0.00
0.00
0.00
0.00
0.00
86.58
0.00
0.00
0.00
0.00
0.00
0.00
0.00
0.00
0.00
0.00
0.00
0.00
0.00
0.00
0.00
0.00
0.00
0.00
0.00
0.00
0.00
0.00
0.00
0.00
0.00
0.00
0.00
0.00
0.00
0.00
0.00
0.00
0.00
0.00
0.00
0.00
0.00
0.00
0.00
0.00
0.00
0.00
0.00
0.00
0.00
0.00
0.00
0.00
0.00
0.00
0.00
0.00
0.00
0.00
0.00
0.00
0.00
0.00
266.18
944.88
127.56
0.00
0.00
0.00
0.00
0.00
0.00
0.00
0.00
0.00
0.00
0.00
0.00
0.00
0.00
0.00
0.00
0.00
0.00
0.00
0.00
0.00
0.00
0.00
0.00
0.00
0.00
0.00
0.00
0.00
0.00
0.00
0.00
0.00
0.00
0.00
0.00
0.00
0.00
0.00
0.00
0.00
0.00
0.00
0.00
0.00
0.00
0.00
0.00
0.00
0.00
0.00
0.00
0.00
0.00
0.00
0.00
0.00
0.00
0.00
0.00
311.09
0.00
0.00
0.00
0.00
0.00
0.00
0.00
0.00
0.00
0.00
0.00
0.00
0.00
0.00
0.00
0.00
0.00
0.00
0.00
0.00
0.00
0.00
0.00
0.00
0.00
0.00
0.00
0.00
0.00
0.00
0.00
0.00
0.00
0.00
0.00
0.00
0.00
0.00
0.00
0.00
0.00
0.00
0.00
0.00
0.00
0.00
0.00
0.00
0.00
0.00
0.00
0.00
0.00
0.00
0.00
0.00
0.00
0.00
0.00
0.00
0.00
0.00
0.00
0.00
0.00
0.00
0.00
0.00
0.00
0.00
0.00
0.00
0.00
0.00
0.00
0.00
0.00
0.00
0.00
0.00
0.00
0.00
0.00
0.00
0.00
0.00
0.00
0.00
0.00
0.00
0.00
0.00
0.00
0.00
0.00
0.00
0.00
0.00
0.00
0.00
0.00
0.00
0.00
0.00
0.00
0.00
0.00
0.00
0.00
0.00
0.00
0.00
0.00
0.00
0.00
0.00
0.00
0.00
0.00
0.00
0.00
0.00
0.00
0.00
0.00
0.00
0.00
0.00
0.00
0.00
0.00
0.00
0.00
0.00
0.00
0.00
0.00
0.00
0.00
0.00
0.00
0.00
0.00
0.00
0.00
0.00
0.00
0.00
0.00
0.00
0.00
0.00
0.00
0.00
0.00
0.00
0.00
0.00
0.00
0.00
0.00
0.00
0.00
0.00
0.00
0.00
0.00
0.00
0.00
0.00
0.00
0.00
0.00
0.00
0.00
0.00
0.00
0.00
0.00
0.00
