0.00
0.00
0.00
0.00
0.00
0.00
167.55
0.00
0.00
0.00
0.00
0.00
183.13
0.00
0.00
0.00
0.00
0.00
162.51
0.00
0.00
0.00
0.00
847.30
160.13
500.71
0.00
917.38
0.00
0.00
229.15
0.00
0.00
0.00
0.00
0.00
233.90
158.58
0.00
0.00
264.39
0.00
215.59
668.37
0.00
0.00
0.00
0.00
178.54
0.00
0.00
0.00
0.00
0.00
123.97
0.00
0.00
0.00
0.00
0.00
132.29
0.00
530.16
0.00
0.00
0.00
104.72
980.96
0.00
0.00
0.00
0.00
186.39
0.00
0.00
0.00
0.00
0.00
196.50
466.93
0.00
181.32
0.00
0.00
144.77
152.25
0.00
0.00
0.00
0.00
229.39
0.00
0.00
0.00
0.00
0.00
179.16
0.00
883.61
0.00
683.03
0.00
235.29
0.00
0.00
0.00
0.00
0.00
171.87
957.43
0.00
0.00
0.00
0.00
105.47
0.00
0.00
0.00
0.00
0.00
0.00
0.00
0.00
0.00
415.67
0.00
0.00
246.85
0.00
0.00
0.00
0.00
0.00
269.81
0.00
0.00
0.00
0.00
0.00
239.43
0.00
0.00
0.00
0.00
0.00
235.93
0.00
0.00
681.07
0.00
0.00
337.62
0.00
0.00
0.00
0.00
0.00
344.61
0.00
0.00
0.00
0.00
0.00
317.63
0.00
0.00
0.00
0.00
0.00
263.05
0.00
0.00
0.00
0.00
0.00
182.64
0.00
0.00
0.00
0.00
0.00
194.91
0.00
0.00
0.00
0.00
1067.68
154.29
0.00
0.00
0.00
0.00
0.00
274.62
0.00
0.00
0.00
0.00
0.00
289.50
0.00
272.74
0.00
0.00
0.00
213.29
0.00
0.00
0.00
0.00
0.00
337.97
0.00
0.00
0.00
0.00
0.00
263.96
0.00
0.00
0.00
934.51
0.00
346.67
0.00
0.00
0.00
0.00
0.00
253.22
214.25
605.87
766.21
0.00
717.03
155.39
0.00
1020.32
0.00
0.00
0.00
0.00
0.00
0.00
0.00
0.00
0.00
0.00
602.04
0.00
0.00
0.00
0.00
0.00
658.03
0.00
0.00
0.00
0.00
537.91
583.93
0.00
0.00
0.00
0.00
0.00
575.40
0.00
0.00
0.00
0.00
0.00
823.41
0.00
0.00
0.00
0.00
0.00
840.46
0.00
0.00
0.00
0.00
0.00
774.66
0.00
0.00
0.00
0.00
0.00
641.54
0.00
0.00
957.05
0.00
0.00
445.45
999.87
0.00
0.00
0.00
826.58
475.36
0.00
0.00
0.00
0.00
0.00
376.30
0.00
0.00
0.00
0.00
0.00
669.77
0.00
590.99
0.00
0.00
0.00
706.06
0.00
0.00
0.00
0.00
0.00
520.19
0.00
0.00
0.00
0.00
0.00
824.26
0.00
0.00
0.00
0.00
0.00
643.76
0.00
0.00
0.00
0.00
949.24
845.48
0.00
0.00
0.00
0.00
0.00
617.57
0.00
0.00
0.00
0.00
0.00
378.98
0.00
0.00
0.00
0.00
0.00
0.00
0.00
0.00
0.00
382.58
0.00
0.00
637.61
0.00
0.00
852.21
0.00
0.00
696.90
0.00
0.00
0.00
0.00
0.00
618.43
0.00
0.00
0.00
144.43
271.20
609.39
0.00
0.00
0.00
0.00
0.00
872.06
0.00
0.00
0.00
0.00
0.00
890.11
203.77
0.00
0.00
0.00
0.00
820.42
0.00
0.00
0.00
0.00
0.00
679.44
0.00
0.00
0.00
0.00
0.00
471.76
0.00
0.00
0.00
0.00
0.00
503.44
0.00
0.00
0.00
0.00
0.00
398.53
0.00
0.00
0.00
0.00
630.85
709.34
177.84
0.00
0.00
0.00
0.00
747.78
0.00
0.00
0.00
0.00
0.00
550.92
0.00
0.00
0.00
0.00
0.00
872.96
0.00
0.00
0.00
0.00
0.00
681.79
0.00
0.00
157.67
425.72
0.00
895.42
0.00
0.00
0.00
0.00
0.00
654.05
0.00
0.00
0.00
0.00
0.00
401.37
0.00
0.00
0.00
0.00
0.00
0.00
0.00
0.00
0.00
743.31
0.00
0.00
632.92
0.00
0.00
0.00
0.00
0.00
691.77
0.00
0.00
0.00
0.00
0.00
613.88
0.00
0.00
0.00
0.00
0.00
604.91
639.89
0.00
0.00
0.00
0.00
865.64
0.00
0.00
0.00
0.00
0.00
883.56
0.00
0.00
0.00
0.00
0.00
814.39
149.06
0.00
0.00
0.00
0.00
674.44
0.00
0.00
0.00
0.00
0.00
468.29
0.00
0.00
0.00
0.00
0.00
499.74
0.00
0.00
258.23
0.00
0.00
395.60
772.07
64.34
0.00
0.00
734.14
704.12
0.00
0.00
0.00
0.00
0.00
742.28
0.00
0.00
0.00
0.00
0.00
546.87
0.00
0.00
0.00
0.00
0.00
866.54
0.00
0.00
0.00
610.78
0.00
676.77
0.00
694.59
0.00
0.00
0.00
888.84
0.00
0.00
0.00
0.00
0.00
649.24
0.00
0.00
0.00
0.00
0.00
398.41
0.00
0.00
0.00
0.00
0.00
0.00
0.00
0.00
0.00
775.10
0.00
307.90
277.38
0.00
0.00
0.00
0.00
0.00
303.17
0.00
0.00
1027.03
0.00
0.00
269.04
0.00
0.00
0.00
0.00
0.00
265.10
0.00
0.00
215.64
0.00
0.00
379.37
0.00
0.00
0.00
0.00
0.00
387.22
0.00
0.00
324.07
0.00
0.00
356.91
0.00
0.00
0.00
0.00
0.00
295.57
0.00
0.00
0.00
0.00
0.00
205.23
0.00
0.00
0.00
0.00
0.00
219.01
0.00
0.00
0.00
0.00
0.00
173.37
0.00
0.00
0.00
0.00
0.00
308.58
0.00
0.00
0.00
0.00
0.00
325.30
0.00
0.00
0.00
0.00
0.00
239.67
0.00
0.00
0.00
0.00
0.00
379.76
0.00
0.00
0.00
0.00
0.00
296.60
0.00
994.17
0.00
0.00
0.00
389.54
0.00
0.00
0.00
0.00
0.00
284.53
0.00
319.37
0.00
0.00
0.00
174.61
0.00
0.00
0.00
0.00
0.00
0.00
0.00
197.73
0.00
0.00
0.00
0.00
159.91
0.00
0.00
0.00
0.00
0.00
139.29
0.00
0.00
0.00
0.00
0.00
136.92
0.00
0.00
0.00
0.00
0.00
205.94
0.00
0.00
0.00
0.00
0.00
210.68
0.00
0.00
0.00
0.00
0.00
192.37
0.00
0.00
365.76
0.00
0.00
155.33
0.00
220.83
0.00
0.00
0.00
100.75
362.35
0.00
0.00
0.00
0.00
109.08
0.00
0.00
0.00
0.00
0.00
81.51
0.00
0.00
0.00
0.00
463.19
163.18
0.00
0.00
0.00
0.00
0.00
173.28
0.00
0.00
0.00
0.00
0.00
121.55
0.00
0.00
0.00
0.00
0.00
206.18
0.00
0.00
0.00
0.00
525.19
155.94
0.00
0.00
0.00
0.00
384.62
212.08
0.00
0.00
0.00
0.00
174.46
148.65
0.00
0.00
0.00
0.00
0.00
82.26
0.00
0.00
0.00
0.00
0.00
0.00
0.00
0.00
0.00
0.00
0.00
0.00
0.00
0.00
0.00
0.00
0.00
0.00
235.61
516.88
0.00
0.00
1013.07
839.04
205.23
0.00
534.59
0.00
0.00
0.00
201.73
0.00
0.00
0.00
0.00
945.64
303.42
0.00
346.21
0.00
457.00
0.00
310.41
0.00
0.00
0.00
0.00
0.00
283.43
0.00
0.00
0.00
0.00
0.00
228.85
0.00
0.00
0.00
0.00
572.18
148.44
0.00
0.00
0.00
0.00
618.49
160.71
0.00
0.00
0.00
0.00
0.00
120.09
0.00
0.00
0.00
328.31
0.00
240.42
0.00
0.00
0.00
0.00
1020.00
255.30
0.00
0.00
0.00
0.00
0.00
179.09
0.00
0.00
994.95
0.00
914.38
303.77
0.00
0.00
0.00
0.00
0.00
229.75
0.00
0.00
938.75
0.00
0.00
312.46
0.00
0.00
0.00
0.00
0.00
219.02
0.00
0.00
0.00
0.00
0.00
121.19
139.92
0.00
0.00
0.00
0.00
0.00
0.00
0.00
0.00
0.00
0.00
0.00
0.00
87.70
0.00
0.00
520.38
0.00
574.62
0.00
0.00
0.00
0.00
0.00
500.52
0.00
0.00
0.00
0.00
0.00
491.99
0.00
0.00
0.00
0.00
0.00
740.00
0.00
0.00
0.00
0.00
0.00
757.04
0.00
67.82
0.00
0.00
0.00
691.25
0.00
0.00
0.00
0.00
0.00
558.13
0.00
0.00
0.00
625.28
40.49
362.04
0.00
623.34
0.00
0.00
0.00
391.94
0.00
0.00
0.00
0.00
0.00
292.89
0.00
0.00
0.00
0.00
0.00
586.36
0.00
0.00
0.00
0.00
0.00
622.65
0.00
0.00
0.00
0.00
0.00
436.78
74.94
0.00
940.25
0.00
237.55
740.85
0.00
0.00
0.00
0.00
0.00
560.34
0.00
174.28
340.19
0.00
0.00
762.06
0.00
0.00
0.00
0.00
0.00
534.16
568.43
0.00
0.00
0.00
0.00
295.57
0.00
0.00
0.00
0.00
0.00
0.00
0.00
0.00
0.00
0.00
0.00
0.00
0.00
18.63
0.00
781.57
0.00
0.00
608.56
0.00
0.00
0.00
0.00
711.03
530.09
0.00
0.00
0.00
0.00
0.00
521.05
135.70
0.00
0.00
0.00
0.00
783.72
0.00
0.00
0.00
0.00
0.00
801.77
567.49
975.02
81.63
0.00
0.00
732.09
0.00
0.00
0.00
0.00
0.00
591.10
0.00
0.00
0.00
0.00
0.00
383.42
0.00
0.00
0.00
0.00
0.00
415.10
0.00
0.00
0.00
0.00
0.00
310.19
0.00
0.00
0.00
0.00
0.00
621.00
0.00
859.92
0.00
0.00
0.00
659.44
0.00
0.00
0.00
0.00
0.00
462.58
172.89
0.00
0.00
0.00
0.00
784.62
0.00
0.00
0.00
0.00
0.00
593.45
127.72
0.00
0.00
0.00
0.00
807.09
792.56
268.39
0.00
0.00
0.00
565.71
0.00
0.00
0.00
0.00
920.62
313.03
0.00
0.00
0.00
0.00
0.00
0.00
0.00
0.00
0.00
0.00
0.00
0.00
0.00
0.00
0.00
0.00
0.00
0.00
604.09
0.00
0.00
0.00
0.00
0.00
526.19
0.00
0.00
0.00
0.00
0.00
517.22
0.00
0.00
0.00
0.00
191.24
777.96
0.00
0.00
0.00
818.73
0.00
795.87
0.00
0.00
547.80
0.00
0.00
726.70
0.00
0.00
0.00
0.00
0.00
586.75
0.00
0.00
0.00
211.34
0.00
380.60
0.00
0.00
0.00
0.00
118.52
412.05
0.00
0.00
0.00
0.00
0.00
307.91
0.00
0.00
0.00
0.00
0.00
616.43
0.00
0.00
0.00
0.00
0.00
654.59
0.00
0.00
0.00
0.00
0.00
459.18
0.00
0.00
0.00
780.26
0.00
778.85
0.00
0.00
0.00
0.00
0.00
589.08
382.08
0.00
0.00
0.00
0.00
801.15
0.00
0.00
0.00
0.00
0.00
561.55
594.43
0.00
0.00
730.27
0.00
310.73
0.00
0.00
0.00
0.00
0.00
0.00
0.00
0.00
0.00
0.00
0.00
0.00
0.00
0.00
0.00
450.61
0.00
0.00
264.74
0.00
0.00
0.00
0.00
0.00
230.61
0.00
0.00
0.00
0.00
0.00
226.67
798.38
0.00
0.00
0.00
0.00
340.94
0.00
67.35
0.00
0.00
0.00
348.79
0.00
446.29
0.00
0.00
0.00
318.48
0.00
0.00
0.00
0.00
0.00
257.15
0.00
0.00
123.46
1066.22
1008.69
166.80
0.00
0.00
0.00
0.00
0.00
180.58
275.97
0.00
0.00
0.00
329.20
134.94
907.35
0.00
0.00
0.00
0.00
270.15
0.00
0.00
0.00
0.00
0.00
286.87
0.00
0.00
0.00
0.00
0.00
201.24
0.00
0.00
0.00
0.00
0.00
341.33
0.00
0.00
0.00
0.00
0.00
258.17
0.00
0.00
0.00
0.00
0.00
351.11
0.00
0.00
0.00
0.00
0.00
246.10
619.17
0.00
386.90
0.00
159.22
136.18
0.00
0.00
0.00
0.00
0.00
0.00
0.00
0.00
0.00
0.00
0.00
0.00
0.00
0.00
0.00
0.00
0.00
0.00
154.87
0.00
0.00
0.00
0.00
769.95
152.50
0.00
0.00
0.00
530.95
0.00
221.52
0.00
0.00
0.00
0.00
0.00
226.26
0.00
0.00
0.00
0.00
0.00
207.95
0.00
0.00
0.00
0.00
609.33
170.91
0.00
0.00
0.00
0.00
0.00
116.33
0.00
0.00
0.00
0.00
0.00
124.66
933.41
0.00
0.00
0.00
0.00
97.09
0.00
0.00
300.12
0.00
828.79
178.76
0.00
0.00
268.88
0.00
0.00
188.86
0.00
0.00
0.00
0.00
0.00
137.14
0.00
0.00
0.00
0.00
0.00
221.76
0.00
804.08
0.00
0.00
0.00
171.52
0.00
0.00
0.00
0.00
0.00
227.66
234.72
0.00
0.00
0.00
0.00
164.23
0.00
0.00
0.00
0.00
0.00
97.84
0.00
0.00
0.00
0.00
0.00
0.00
0.00
0.00
0.00
0.00
0.00
0.00
0.00
0.00
0.00
0.00
0.00
0.00
0.00
0.00
0.00
0.00
0.00
220.65
228.18
0.00
541.26
0.00
0.00
0.00
224.68
0.00
344.91
0.00
0.00
0.00
326.37
0.00
0.00
0.00
0.00
0.00
333.36
432.50
0.00
0.00
0.00
0.00
306.38
325.33
0.00
0.00
0.00
0.00
251.80
0.00
0.00
19.06
0.00
0.00
171.40
0.00
0.00
0.00
0.00
0.00
183.66
0.00
0.00
0.00
0.00
0.00
143.05
0.00
0.00
0.00
0.00
0.00
263.38
0.00
0.00
0.00
145.32
0.00
278.26
0.00
0.00
0.00
0.00
0.00
202.05
0.00
0.00
0.00
0.00
0.00
326.72
0.00
0.00
0.00
0.00
0.00
252.71
0.00
0.00
0.00
0.00
0.00
335.42
0.00
0.00
0.00
0.00
0.00
241.97
0.00
0.00
0.00
0.00
0.00
144.15
0.00
0.00
0.00
882.67
0.00
0.00
0.00
0.00
0.00
0.00
0.00
0.00
0.00
0.00
0.00
0.00
0.00
0.00
0.00
0.00
0.00
0.00
0.00
0.00
556.51
179.63
0.00
925.28
0.00
731.58
547.97
0.00
0.00
0.00
560.35
0.00
795.99
0.00
0.00
0.00
0.00
0.00
813.03
0.00
0.00
0.00
496.97
0.00
747.23
0.00
0.00
0.00
916.18
0.00
614.11
0.00
0.00
0.00
0.00
0.00
418.02
0.00
0.00
0.00
925.26
0.00
447.93
0.00
0.00
0.00
0.00
0.00
348.88
0.00
0.00
0.00
0.00
515.63
642.34
0.00
0.00
0.00
0.00
0.00
678.64
0.00
0.00
0.00
0.00
0.00
492.77
0.00
0.00
0.00
0.00
0.00
796.84
0.00
0.00
0.00
0.00
0.00
616.33
0.00
0.00
0.00
0.00
0.00
818.05
0.00
398.36
0.00
0.00
469.47
590.14
645.08
0.00
0.00
0.00
0.00
351.55
1001.86
0.00
0.00
0.00
0.00
0.00
0.00
0.00
0.00
0.00
0.00
0.00
0.00
0.00
0.00
0.00
0.00
0.00
0.00
0.00
0.00
0.00
0.00
358.65
589.39
0.00
0.00
646.10
0.00
0.00
580.35
537.57
0.00
0.00
0.00
0.00
843.01
0.00
0.00
593.39
0.00
0.00
861.06
0.00
0.00
0.00
0.00
0.00
791.38
446.67
0.00
0.00
0.00
0.00
650.39
0.00
0.00
0.00
0.00
0.00
442.72
0.00
0.00
0.00
0.00
0.00
474.39
0.00
0.00
0.00
0.00
0.00
369.49
0.00
298.96
0.00
0.00
0.00
680.29
0.00
0.00
0.00
0.00
0.00
718.73
0.00
0.00
0.00
0.00
0.00
521.88
0.00
0.00
0.00
0.00
0.00
843.91
0.00
0.00
0.00
0.00
0.00
652.74
0.00
0.00
0.00
0.00
0.00
866.38
0.00
0.00
0.00
273.48
0.00
625.01
418.12
0.00
0.00
0.00
0.00
372.32
0.00
0.00
0.00
0.00
0.00
0.00
0.00
0.00
0.00
0.00
0.00
0.00
0.00
0.00
0.00
0.00
0.00
0.00
0.00
0.00
0.00
0.00
0.00
0.00
585.05
0.00
0.00
0.00
0.00
0.00
576.08
827.13
0.00
0.00
0.00
0.00
836.81
0.00
0.00
0.00
0.00
0.00
854.73
0.00
689.26
0.00
0.00
0.00
785.56
0.00
0.00
0.00
0.00
0.00
645.61
0.00
0.00
0.00
0.00
0.00
439.46
0.00
0.00
0.00
0.00
0.00
470.90
0.00
0.00
0.00
0.00
0.00
366.77
0.00
0.00
0.00
0.00
0.00
675.29
0.00
544.03
0.00
0.00
0.00
713.45
0.00
0.00
0.00
0.00
0.00
518.04
0.00
0.00
0.00
146.75
0.00
837.71
0.00
0.00
0.00
211.50
0.00
647.94
0.00
0.00
0.00
0.00
0.00
860.01
0.00
0.00
0.00
0.00
0.00
620.41
0.00
0.00
0.00
0.00
0.00
369.58
0.00
0.00
0.00
0.00
0.00
0.00
0.00
0.00
0.00
0.00
0.00
0.00
0.00
0.00
0.00
0.00
0.00
0.00
0.00
0.00
0.00
769.06
0.00
0.00
256.40
0.00
0.00
0.00
0.00
0.00
252.47
0.00
0.00
0.00
0.00
0.00
366.74
0.00
0.00
0.00
0.00
0.00
374.59
867.79
0.00
0.00
0.00
0.00
344.27
0.00
0.00
0.00
0.00
0.00
282.94
0.00
0.00
565.80
0.00
0.00
192.59
0.00
0.00
0.00
0.00
0.00
206.37
0.00
0.00
0.00
0.00
963.56
160.74
0.00
920.55
0.00
0.00
0.00
295.95
0.00
0.00
0.00
0.00
0.00
312.67
0.00
935.39
366.51
0.00
0.00
227.03
0.00
0.00
0.00
540.65
0.00
367.13
0.00
0.00
0.00
0.00
277.92
283.96
0.00
0.00
0.00
0.00
0.00
376.90
0.00
0.00
0.00
0.00
0.00
271.90
0.00
0.00
0.00
0.00
0.00
161.97
0.00
0.00
0.00
0.00
0.00
0.00
0.00
0.00
0.00
0.00
0.00
0.00
0.00
0.00
0.00
0.00
0.00
0.00
0.00
0.00
0.00
0.00
0.00
0.00
131.88
0.00
0.00
0.00
0.00
0.00
200.90
0.00
0.00
0.00
0.00
0.00
205.64
0.00
0.00
0.00
0.00
0.00
187.33
0.00
0.00
0.00
0.00
0.00
150.29
0.00
0.00
0.00
0.00
0.00
95.71
0.00
1054.28
0.00
0.00
0.00
104.04
0.00
0.00
0.00
0.00
0.00
76.47
0.00
0.00
0.00
0.00
0.00
158.14
870.96
676.42
0.00
0.00
0.00
168.24
0.00
0.00
0.00
1066.62
0.00
116.52
0.00
0.00
0.00
881.27
0.00
201.14
0.00
0.00
203.02
0.00
0.00
150.90
0.00
0.00
636.39
0.00
0.00
207.04
0.00
0.00
0.00
0.00
0.00
143.62
0.00
0.00
0.00
0.00
0.00
77.22
0.00
960.17
0.00
0.00
835.57
0.00
0.00
0.00
0.00
0.00
0.00
0.00
0.00
0.00
0.00
0.00
0.00
0.00
0.00
0.00
0.00
0.00
0.00
0.00
0.00
0.00
0.00
96.22
0.00
0.00
194.30
0.00
0.00
0.00
800.81
60.85
295.99
0.00
0.00
0.00
0.00
0.00
302.98
0.00
0.00
0.00
0.00
0.00
276.00
0.00
0.00
0.00
0.00
0.00
221.42
0.00
0.00
0.00
0.00
0.00
141.02
0.00
0.00
414.95
0.00
0.00
153.28
0.00
0.00
0.00
0.00
0.00
112.67
0.00
841.29
0.00
0.00
0.00
233.00
0.00
0.00
0.00
0.00
0.00
247.88
0.00
0.00
0.00
195.47
0.00
171.67
140.27
0.00
0.00
0.00
0.00
296.34
0.00
0.00
0.00
0.00
0.00
222.33
0.00
0.00
0.00
0.00
355.20
305.04
0.00
606.65
0.00
0.00
0.00
211.59
0.00
830.47
0.00
118.82
0.00
113.77
0.00
0.00
0.00
0.00
0.00
0.00
0.00
0.00
0.00
0.00
0.00
0.00
0.00
0.00
0.00
0.00
0.00
0.00
0.00
0.00
0.00
0.00
0.00
0.00
0.00
0.00
459.63
0.00
0.00
0.00
473.88
0.00
0.00
0.00
291.59
0.00
721.90
0.00
0.00
0.00
196.31
0.00
738.94
0.00
0.00
0.00
0.00
0.00
673.14
0.00
0.00
0.00
0.00
0.00
540.02
0.00
0.00
0.00
0.00
0.00
343.93
0.00
0.00
0.00
0.00
0.00
373.84
0.00
0.00
0.00
0.00
0.00
274.78
0.00
0.00
0.00
0.00
0.00
568.25
0.00
0.00
0.00
0.00
0.00
604.55
0.00
0.00
0.00
0.00
0.00
418.67
0.00
0.00
0.00
0.00
0.00
722.75
0.00
0.00
0.00
0.00
0.00
542.24
0.00
0.00
0.00
0.00
0.00
743.96
0.00
492.48
0.00
0.00
0.00
516.05
0.00
0.00
0.00
0.00
0.00
277.46
0.00
0.00
0.00
0.00
0.00
0.00
0.00
0.00
0.00
0.00
0.00
0.00
0.00
0.00
0.00
0.00
0.00
0.00
0.00
0.00
0.00
0.00
0.00
0.00
0.00
0.00
0.00
0.00
0.00
0.00
501.88
0.00
0.00
0.00
0.00
0.00
764.55
0.00
0.00
0.00
0.00
0.00
782.59
0.00
0.00
0.00
0.00
0.00
712.91
0.00
520.16
0.00
0.00
0.00
571.92
0.00
0.00
679.65
0.00
0.00
364.25
0.00
0.00
0.00
0.00
0.00
395.92
0.00
0.00
0.00
0.00
0.00
291.02
0.00
0.00
0.00
0.00
1018.70
601.82
0.00
0.00
0.00
0.00
0.00
640.26
0.00
0.00
0.00
0.00
0.00
443.41
0.00
0.00
0.00
0.00
0.00
765.44
0.00
0.00
0.00
0.00
0.00
574.27
0.00
0.00
0.00
0.00
186.67
787.91
0.00
0.00
593.16
0.00
224.69
546.54
0.00
0.00
0.00
0.00
0.00
293.85
0.00
0.00
0.00
0.00
0.00
0.00
0.00
0.00
0.00
0.00
0.00
0.00
0.00
0.00
0.00
0.00
0.00
0.00
0.00
0.00
0.00
0.00
0.00
0.00
0.00
0.00
0.00
0.00
0.00
0.00
498.19
0.00
0.00
0.00
0.00
0.00
758.92
595.18
0.00
0.00
0.00
0.00
776.84
0.00
0.00
0.00
0.00
0.00
707.67
0.00
0.00
0.00
365.16
0.00
567.72
0.00
0.00
0.00
0.00
39.14
361.57
0.00
544.38
0.00
0.00
516.55
393.01
0.00
0.00
0.00
0.00
0.00
288.88
0.00
0.00
0.00
0.00
0.00
597.40
0.00
0.00
0.00
0.00
0.00
635.55
0.00
0.00
0.00
0.00
0.00
440.15
0.00
0.00
0.00
899.70
0.00
759.81
0.00
0.00
0.00
0.00
0.00
570.05
0.00
0.00
0.00
0.00
578.67
782.12
0.00
0.00
0.00
0.00
0.00
542.52
0.00
0.00
0.00
0.00
0.00
291.69
0.00
0.00
0.00
0.00
0.00
0.00
0.00
0.00
0.00
0.00
0.00
0.00
0.00
0.00
0.00
0.00
0.00
0.00
0.00
0.00
0.00
0.00
0.00
0.00
0.00
0.00
0.00
0.00
0.00
0.00
218.33
0.00
0.00
0.00
0.00
0.00
332.60
0.00
0.00
0.00
0.00
732.24
340.45
0.00
0.00
0.00
0.00
0.00
310.14
0.00
0.00
0.00
0.00
0.00
248.80
0.00
0.00
53.69
0.00
0.00
158.46
0.00
0.00
0.00
0.00
0.00
172.24
0.00
413.09
0.00
0.00
0.00
126.60
0.00
0.00
0.00
0.00
0.00
261.81
503.36
0.00
0.00
700.99
0.00
278.53
0.00
0.00
0.00
0.00
0.00
192.90
0.00
0.00
0.00
366.60
0.00
332.99
0.00
0.00
0.00
0.00
0.00
249.83
0.00
0.00
0.00
0.00
0.00
342.76
0.00
0.00
0.00
0.00
0.00
237.76
0.00
205.16
0.00
0.00
0.00
127.83
0.00
0.00
0.00
0.00
0.00
0.00
0.00
0.00
0.00
0.00
0.00
0.00
0.00
0.00
0.00
0.00
0.00
0.00
0.00
0.00
0.00
0.00
0.00
0.00
0.00
0.00
103.29
0.00
0.00
0.00
198.53
0.00
0.00
0.00
0.00
0.00
203.27
0.00
0.00
0.00
0.00
0.00
184.96
0.00
0.00
0.00
0.00
0.00
147.91
0.00
0.00
0.00
0.00
0.00
93.34
0.00
73.68
0.00
0.00
0.00
101.66
0.00
0.00
0.00
0.00
0.00
74.10
0.00
0.00
0.00
0.00
0.00
155.77
0.00
0.00
0.00
0.00
0.00
165.87
0.00
0.00
0.00
0.00
0.00
114.14
0.00
0.00
0.00
0.00
0.00
198.76
0.00
0.00
0.00
0.00
0.00
148.53
0.00
0.00
0.00
0.00
0.00
204.67
0.00
0.00
0.00
0.00
0.00
141.24
0.00
0.00
0.00
0.00
0.00
74.84
0.00
0.00
0.00
0.00
0.00
0.00
0.00
0.00
0.00
0.00
0.00
0.00
0.00
0.00
0.00
0.00
0.00
0.00
0.00
0.00
0.00
0.00
0.00
0.00
0.00
0.00
0.00
0.00
0.00
0.00
0.00
0.00
0.00
0.00
0.00
0.00
292.50
0.00
0.00
0.00
0.00
383.23
299.48
340.43
0.00
0.00
0.00
0.00
272.51
0.00
0.00
0.00
0.00
0.00
217.92
0.00
0.00
0.00
308.70
0.00
137.52
0.00
0.00
1069.88
0.00
0.00
149.78
0.00
0.00
0.00
0.00
0.00
109.17
0.00
0.00
0.00
0.00
43.92
229.50
0.00
0.00
0.00
0.00
0.00
244.38
0.00
0.00
0.00
0.00
0.00
168.17
0.00
0.00
0.00
775.12
699.36
292.84
907.75
0.00
0.00
668.35
0.00
218.83
0.00
0.00
961.89
872.04
0.00
301.54
0.00
0.00
0.00
0.00
0.00
208.09
0.00
539.13
0.00
339.80
0.00
110.27
0.00
0.00
0.00
0.00
0.00
0.00
0.00
0.00
0.00
0.00
0.00
0.00
0.00
0.00
0.00
0.00
0.00
0.00
0.00
0.00
0.00
0.00
0.00
0.00
0.00
0.00
0.00
0.00
0.00
0.00
0.00
0.00
500.00
0.00
0.00
0.00
713.36
0.00
0.00
0.00
0.00
0.00
730.40
876.91
0.00
0.00
0.00
0.00
664.61
0.00
0.00
0.00
0.00
0.00
531.49
0.00
0.00
0.00
0.00
0.00
335.40
0.00
0.00
246.30
0.00
0.00
365.30
188.09
0.00
0.00
0.00
0.00
266.25
0.00
0.00
0.00
0.00
0.00
559.72
0.00
0.00
262.55
0.00
0.00
596.01
0.00
0.00
0.00
0.00
0.00
410.14
842.18
0.00
0.00
1037.55
0.00
714.21
0.00
0.00
0.00
0.00
0.00
533.70
0.00
0.00
0.00
0.00
15.10
735.42
0.00
0.00
282.14
0.00
411.10
507.52
0.00
0.00
0.00
0.00
0.00
268.93
0.00
0.00
0.00
0.00
0.00
0.00
0.00
0.00
0.00
0.00
0.00
0.00
0.00
0.00
0.00
0.00
0.00
0.00
0.00
0.00
0.00
0.00
0.00
0.00
0.00
0.00
0.00
0.00
0.00
0.00
0.00
0.00
0.00
0.00
0.00
0.00
755.51
0.00
0.00
0.00
0.00
0.00
773.55
843.45
0.00
0.00
0.00
0.00
703.87
0.00
443.24
0.00
0.00
0.00
562.89
0.00
0.00
0.00
0.00
0.00
355.21
555.79
0.00
0.00
0.00
0.00
386.89
0.00
0.00
0.00
0.00
0.00
281.98
0.00
0.00
0.00
0.00
0.00
592.78
0.00
0.00
0.00
0.00
0.00
631.22
0.00
0.00
0.00
0.00
0.00
434.37
0.00
0.00
0.00
899.28
0.00
756.40
0.00
0.00
0.00
0.00
0.00
565.23
0.00
0.00
0.00
0.00
0.00
778.87
969.74
0.00
0.00
0.00
0.00
537.50
0.00
0.00
1000.12
0.00
0.00
284.81
293.46
936.60
0.00
0.00
0.00
0.00
0.00
0.00
0.00
0.00
0.00
0.00
0.00
0.00
0.00
0.00
0.00
0.00
0.00
0.00
0.00
0.00
0.00
0.00
0.00
0.00
0.00
0.00
0.00
0.00
0.00
0.00
0.00
0.00
0.00
0.00
749.95
0.00
0.00
0.00
0.00
0.00
767.87
0.00
0.00
706.37
0.00
0.00
698.69
0.00
957.80
309.45
0.00
0.00
558.75
0.00
0.00
0.00
0.00
0.00
352.60
0.00
0.00
0.00
0.00
119.33
384.04
0.00
0.00
0.00
0.00
0.00
279.90
793.29
0.00
0.00
0.00
0.00
588.42
0.00
0.00
0.00
0.00
0.00
626.58
167.98
0.00
0.00
0.00
0.00
431.17
0.00
0.00
998.62
0.00
0.00
750.84
16.73
0.00
0.00
0.00
0.00
561.08
0.00
0.00
0.00
0.00
0.00
773.14
0.00
0.00
0.00
0.00
0.00
533.55
710.50
0.00
0.00
0.00
0.00
282.72
0.00
0.00
0.00
0.00
0.00
0.00
0.00
0.00
0.00
0.00
0.00
0.00
0.00
0.00
0.00
0.00
0.00
0.00
0.00
0.00
0.00
0.00
0.00
0.00
0.00
0.00
0.00
0.00
0.00
0.00
0.00
0.00
942.15
0.00
0.00
0.00
328.67
0.00
0.00
0.00
0.00
0.00
336.52
0.00
0.00
463.91
249.76
0.00
306.20
0.00
0.00
319.71
0.00
865.35
244.87
0.00
0.00
0.00
0.00
0.00
154.53
0.00
0.00
0.00
0.00
0.00
168.31
0.00
498.19
0.00
0.00
0.00
122.67
0.00
0.00
0.00
0.00
0.00
257.88
0.00
0.00
0.00
271.80
0.00
274.60
365.17
0.00
0.00
0.00
0.00
188.96
0.00
0.00
0.00
0.00
0.00
329.06
499.64
0.00
0.00
0.00
0.00
245.89
0.00
0.00
0.00
0.00
0.00
338.83
0.00
0.00
0.00
0.00
0.00
233.83
0.00
0.00
0.00
0.00
0.00
123.90
0.00
0.00
0.00
0.00
0.00
0.00
0.00
0.00
0.00
0.00
0.00
0.00
0.00
0.00
0.00
0.00
0.00
0.00
0.00
0.00
0.00
0.00
0.00
0.00
0.00
0.00
0.00
0.00
0.00
0.00
0.00
0.00
0.00
0.00
0.00
0.00
272.29
974.45
0.00
0.00
0.00
0.00
253.98
0.00
0.00
0.00
0.00
0.00
216.93
0.00
0.00
0.00
0.00
0.00
162.36
0.00
0.00
11.38
325.14
0.00
170.68
0.00
0.00
1005.55
0.00
609.34
143.12
0.00
0.00
0.00
0.00
0.00
224.79
734.10
0.00
0.00
0.00
0.00
234.89
0.00
0.00
0.00
0.00
0.00
183.16
0.00
0.00
0.00
0.00
0.00
267.78
0.00
0.00
0.00
0.00
0.00
217.55
0.00
0.00
0.00
0.00
0.00
273.69
0.00
0.00
0.00
0.00
0.00
210.26
0.00
490.76
0.00
0.00
0.00
143.86
0.00
0.00
0.00
0.00
0.00
0.00
0.00
0.00
0.00
0.00
0.00
0.00
0.00
0.00
0.00
0.00
0.00
0.00
0.00
0.00
0.00
0.00
0.00
0.00
0.00
0.00
0.00
0.00
0.00
0.00
0.00
0.00
0.00
0.00
0.00
0.00
0.00
0.00
16.42
0.00
0.00
951.37
401.17
0.00
0.00
0.00
0.00
0.00
374.20
0.00
0.00
0.00
0.00
0.00
319.61
0.00
0.00
0.00
0.00
0.00
239.21
0.00
0.00
0.00
0.00
147.44
251.48
0.00
0.00
0.00
0.00
0.00
210.86
766.59
0.00
0.00
0.00
0.00
331.19
0.00
0.00
0.00
0.00
0.00
346.07
0.00
0.00
0.00
0.00
0.00
269.86
0.00
698.34
694.52
0.00
0.00
394.54
0.00
360.70
0.00
0.00
0.00
320.52
0.00
656.82
0.00
0.00
0.00
403.23
0.00
0.00
0.00
485.08
0.00
309.79
150.95
0.00
0.00
0.00
0.00
211.96
0.00
0.00
0.00
0.00
0.00
0.00
0.00
0.00
0.00
0.00
0.00
0.00
0.00
0.00
0.00
0.00
0.00
0.00
0.00
0.00
0.00
0.00
0.00
0.00
0.00
0.00
0.00
0.00
0.00
0.00
0.00
0.00
0.00
0.00
0.00
0.00
0.00
0.00
0.00
603.65
0.00
0.00
978.42
0.00
0.00
0.00
0.00
0.00
912.62
0.00
0.00
0.00
0.00
0.00
779.50
0.00
100.48
0.00
0.00
0.00
583.41
0.00
0.00
0.00
0.00
0.00
613.32
0.00
601.78
0.00
0.00
0.00
514.26
263.24
884.14
356.03
0.00
119.94
807.73
0.00
0.00
0.00
0.00
0.00
844.03
0.00
0.00
0.00
651.53
0.00
658.15
0.00
563.04
826.97
0.00
0.00
962.23
0.00
0.00
0.00
0.00
0.00
781.72
0.00
0.00
0.00
0.00
0.00
983.44
0.00
0.00
0.00
0.00
0.00
755.53
0.00
989.89
0.00
0.00
0.00
516.94
0.00
0.00
0.00
0.00
0.00
0.00
0.00
0.00
0.00
0.00
0.00
0.00
0.00
0.00
0.00
0.00
0.00
0.00
0.00
0.00
0.00
0.00
0.00
0.00
0.00
0.00
0.00
0.00
0.00
0.00
0.00
0.00
0.00
0.00
0.00
0.00
0.00
886.50
0.00
0.00
0.00
0.00
1036.22
0.00
0.00
571.36
0.00
929.61
966.54
0.00
0.00
0.00
0.00
0.00
825.55
0.00
0.00
0.00
0.00
0.00
617.88
0.00
0.00
0.00
0.00
0.00
649.55
0.00
730.74
0.00
0.00
0.00
544.64
0.00
0.00
0.00
0.00
337.02
855.45
0.00
0.00
0.00
0.00
0.00
893.89
0.00
0.00
0.00
0.00
0.00
697.04
0.00
0.00
0.00
0.00
0.00
1019.07
0.00
0.00
0.00
765.67
0.00
827.90
0.00
0.00
0.00
0.00
0.00
1041.54
0.00
0.00
0.00
0.00
0.00
800.17
1053.86
0.00
0.00
0.00
0.00
547.48
0.00
0.00
0.00
0.00
0.00
0.00
0.00
0.00
0.00
0.00
0.00
0.00
0.00
0.00
0.00
0.00
0.00
0.00
0.00
0.00
0.00
0.00
0.00
0.00
0.00
0.00
0.00
0.00
0.00
0.00
0.00
0.00
0.00
0.00
0.00
0.00
0.00
699.93
0.00
0.00
0.00
0.00
1028.60
0.00
0.00
537.06
0.00
0.00
959.43
0.00
0.00
747.99
855.25
0.00
819.48
0.00
0.00
0.00
0.00
0.00
613.33
0.00
0.00
0.00
0.00
0.00
644.77
533.11
0.00
0.00
0.00
0.00
540.64
0.00
0.00
0.00
0.00
0.00
849.16
0.00
0.00
0.00
0.00
0.00
887.32
0.00
0.00
0.00
0.00
0.00
691.91
929.51
0.00
0.00
0.00
0.00
1011.58
0.00
0.00
0.00
0.00
0.00
821.81
0.00
0.00
0.00
0.00
0.00
1033.88
0.00
0.00
218.52
0.00
0.00
794.28
0.00
0.00
0.00
0.00
0.00
543.45
0.00
0.00
0.00
0.00
0.00
0.00
0.00
0.00
0.00
0.00
0.00
0.00
0.00
0.00
0.00
0.00
0.00
0.00
0.00
0.00
0.00
0.00
0.00
0.00
0.00
0.00
0.00
0.00
0.00
0.00
0.00
0.00
0.00
0.00
0.00
0.00
0.00
0.00
0.00
0.00
0.00
0.00
450.79
0.00
0.00
0.00
0.00
684.30
420.47
0.00
0.00
0.00
0.00
0.00
359.14
0.00
0.00
0.00
0.00
0.00
268.79
0.00
0.00
0.00
0.00
0.00
282.57
0.00
0.00
0.00
0.00
0.00
236.94
0.00
391.74
0.00
0.00
0.00
372.15
0.00
0.00
0.00
0.00
0.00
388.87
0.00
0.00
80.64
0.00
0.00
303.23
0.00
0.00
0.00
0.00
0.00
443.33
258.47
0.00
0.00
490.13
0.00
360.16
0.00
0.00
0.00
0.00
0.00
453.10
0.00
0.00
0.00
0.00
0.00
348.09
0.00
0.00
0.00
0.00
0.00
238.17
0.00
0.00
0.00
0.00
0.00
0.00
0.00
0.00
0.00
0.00
0.00
0.00
0.00
0.00
0.00
0.00
0.00
0.00
0.00
0.00
0.00
0.00
0.00
0.00
0.00
0.00
0.00
0.00
0.00
0.00
0.00
0.00
0.00
0.00
0.00
0.00
0.00
0.00
0.00
0.00
460.74
0.00
258.72
0.00
0.00
0.00
804.85
0.00
221.68
0.00
0.00
0.00
706.68
0.00
167.10
0.00
0.00
0.00
0.00
0.00
175.43
0.00
0.00
0.00
0.00
0.00
147.86
0.00
0.00
0.00
0.00
0.00
229.53
0.00
0.00
0.00
0.00
0.00
239.63
0.00
0.00
0.00
0.00
0.00
187.90
0.00
0.00
0.00
0.00
376.26
272.53
0.00
478.12
0.00
0.00
0.00
222.29
0.00
0.00
0.00
541.78
509.67
278.43
0.00
374.44
0.00
0.00
0.00
215.00
0.00
0.00
0.00
0.00
387.47
148.61
0.00
0.00
0.00
0.00
0.00
0.00
0.00
0.00
0.00
0.00
0.00
0.00
0.00
0.00
0.00
0.00
0.00
0.00
0.00
0.00
0.00
0.00
0.00
0.00
0.00
0.00
0.00
0.00
0.00
0.00
0.00
0.00
0.00
0.00
0.00
0.00
0.00
0.00
0.00
0.00
0.00
0.00
0.00
0.00
0.00
0.00
0.00
0.00
381.18
0.00
485.02
0.00
0.00
666.28
326.60
0.00
0.00
0.00
0.00
1065.80
246.20
0.00
0.00
1015.48
0.00
0.00
258.46
0.00
0.00
0.00
0.00
0.00
217.85
219.49
388.72
0.00
0.00
638.66
338.18
293.87
0.00
0.00
0.00
0.00
353.06
0.00
0.00
0.00
0.00
0.00
276.85
0.00
0.00
0.00
0.00
0.00
401.52
0.00
0.00
0.00
0.00
0.00
327.51
726.68
519.87
0.00
0.00
0.00
410.22
421.85
0.00
0.00
0.00
0.00
316.77
0.00
0.00
0.00
0.00
0.00
218.95
0.00
0.00
0.00
0.00
0.00
0.00
0.00
0.00
0.00
0.00
0.00
0.00
0.00
0.00
0.00
0.00
0.00
0.00
0.00
0.00
0.00
0.00
0.00
0.00
0.00
0.00
0.00
0.00
0.00
0.00
0.00
0.00
0.00
0.00
0.00
0.00
0.00
0.00
0.00
0.00
0.00
0.00
0.00
0.00
0.00
0.00
0.00
0.00
929.66
0.00
0.00
469.80
0.00
782.52
796.54
0.00
0.00
0.00
0.00
0.00
600.45
0.00
0.00
0.00
0.00
17.17
630.36
0.00
0.00
0.00
0.00
0.00
531.30
0.00
0.00
0.00
0.00
0.00
824.77
0.00
0.00
0.00
0.00
0.00
861.07
775.62
0.00
714.80
543.93
67.75
675.19
0.00
0.00
0.00
0.00
0.00
979.27
0.00
647.88
0.00
0.00
408.34
798.76
0.00
0.00
0.00
0.00
0.00
1000.48
398.85
0.00
0.00
0.00
0.00
772.57
0.00
0.00
0.00
840.35
14.33
533.98
0.00
0.00
0.00
0.00
0.00
0.00
0.00
0.00
0.00
0.00
0.00
0.00
0.00
0.00
0.00
0.00
0.00
0.00
0.00
0.00
0.00
0.00
0.00
0.00
0.00
0.00
0.00
0.00
0.00
0.00
0.00
0.00
0.00
0.00
0.00
0.00
0.00
0.00
0.00
0.00
0.00
0.00
0.00
0.00
0.00
0.00
0.00
0.00
984.59
0.00
584.37
0.00
0.00
0.00
843.60
0.00
0.00
0.00
0.00
0.00
635.92
0.00
0.00
0.00
0.00
0.00
667.60
0.00
0.00
0.00
0.00
0.00
562.69
0.00
0.00
0.00
0.00
0.00
873.50
0.00
0.00
1032.59
0.00
0.00
911.94
0.00
0.00
0.00
0.00
0.00
715.08
0.00
0.00
0.00
0.00
0.00
1037.12
0.00
0.00
0.00
0.00
0.00
845.95
0.00
0.00
0.00
0.00
0.00
1059.59
0.00
0.00
0.00
0.00
0.00
818.21
0.00
0.00
0.00
0.00
0.00
565.53
0.00
0.00
0.00
0.00
0.00
0.00
0.00
0.00
0.00
0.00
0.00
0.00
0.00
0.00
0.00
0.00
0.00
0.00
0.00
0.00
0.00
0.00
0.00
0.00
0.00
0.00
0.00
0.00
0.00
0.00
0.00
0.00
0.00
0.00
0.00
0.00
0.00
0.00
0.00
0.00
0.00
0.00
0.00
0.00
0.00
1065.38
0.00
0.00
977.34
0.00
0.00
0.00
0.00
0.00
837.40
0.00
0.00
0.00
0.00
0.00
631.25
0.00
0.00
0.00
0.00
0.00
662.69
0.00
0.00
0.00
0.00
0.00
558.55
0.00
0.00
0.00
0.00
0.00
867.07
0.00
0.00
0.00
0.00
0.00
905.23
0.00
0.00
0.00
0.00
0.00
709.82
0.00
0.00
0.00
0.00
0.00
1029.49
969.34
996.06
0.00
0.00
0.00
839.73
0.00
0.00
0.00
0.00
0.00
1051.79
0.00
0.00
58.27
0.00
0.00
812.20
113.02
0.00
0.00
0.00
0.00
561.37
0.00
0.00
0.00
0.00
0.00
0.00
0.00
0.00
0.00
0.00
0.00
0.00
0.00
0.00
0.00
0.00
0.00
0.00
0.00
0.00
0.00
0.00
0.00
0.00
0.00
0.00
0.00
0.00
0.00
0.00
0.00
0.00
0.00
0.00
0.00
0.00
0.00
0.00
0.00
0.00
0.00
0.00
0.00
0.00
0.00
0.00
0.00
0.00
428.32
0.00
0.00
0.00
0.00
0.00
366.99
0.00
0.00
0.00
0.00
0.00
276.65
0.00
0.00
0.00
0.00
0.00
290.43
622.37
0.00
0.00
0.00
0.00
244.79
0.00
0.00
545.59
0.00
0.00
380.00
0.00
0.00
0.00
0.00
646.64
396.72
0.00
0.00
0.00
0.00
0.00
311.08
0.00
0.00
0.00
0.00
0.00
451.18
0.00
0.00
0.00
0.00
0.00
368.01
0.00
209.86
0.00
0.00
0.00
460.95
0.00
0.00
0.00
0.00
0.00
355.95
0.00
0.00
0.00
0.00
0.00
246.02
0.00
0.00
0.00
0.00
0.00
0.00
0.00
0.00
0.00
0.00
0.00
0.00
0.00
0.00
0.00
0.00
0.00
0.00
0.00
0.00
0.00
0.00
0.00
0.00
0.00
0.00
0.00
0.00
0.00
0.00
0.00
0.00
0.00
0.00
0.00
0.00
0.00
0.00
0.00
0.00
0.00
0.00
0.00
0.00
0.00
0.00
0.00
797.03
203.36
0.00
738.65
0.00
0.00
0.00
148.79
0.00
0.00
0.00
0.00
0.00
157.12
262.37
0.00
0.00
0.00
0.00
129.55
0.00
0.00
0.00
1005.76
0.00
211.22
0.00
734.98
0.00
0.00
0.00
221.32
0.00
0.00
0.00
0.00
0.00
169.59
0.00
0.00
0.00
0.00
0.00
254.22
0.00
0.00
0.00
0.00
0.00
203.98
0.00
0.00
0.00
0.00
0.00
260.12
0.00
0.00
0.00
0.00
0.00
196.69
0.00
0.00
0.00
0.00
0.00
130.29
0.00
0.00
0.00
972.62
0.00
0.00
0.00
0.00
0.00
0.00
0.00
0.00
0.00
0.00
0.00
0.00
0.00
0.00
0.00
0.00
0.00
0.00
0.00
0.00
0.00
0.00
0.00
0.00
0.00
0.00
0.00
0.00
0.00
0.00
0.00
0.00
0.00
0.00
0.00
0.00
0.00
0.00
0.00
0.00
0.00
0.00
0.00
0.00
0.00
0.00
0.00
0.00
0.00
0.00
299.62
0.00
0.00
0.00
426.13
0.00
219.22
0.00
0.00
0.00
0.00
0.00
231.48
0.00
0.00
0.00
0.00
0.00
190.87
0.00
436.98
0.00
0.00
0.00
311.20
0.00
0.00
0.00
0.00
0.00
326.08
0.00
0.00
0.00
0.00
0.00
249.87
0.00
0.00
0.00
0.00
0.00
374.54
0.00
0.00
0.00
0.00
443.59
300.53
0.00
0.00
0.00
0.00
0.00
383.24
0.00
311.23
779.27
0.00
0.00
289.80
0.00
0.00
0.00
0.00
0.00
191.97
0.00
0.00
0.00
0.00
0.00
0.00
0.00
0.00
0.00
0.00
0.00
0.00
0.00
0.00
0.00
0.00
0.00
0.00
0.00
0.00
0.00
0.00
0.00
0.00
0.00
0.00
0.00
0.00
0.00
0.00
0.00
0.00
0.00
0.00
0.00
0.00
0.00
0.00
0.00
0.00
0.00
0.00
0.00
0.00
0.00
0.00
0.00
0.00
0.00
0.00
867.33
0.00
0.00
0.00
730.75
0.00
0.00
0.00
0.00
0.00
534.66
0.00
438.45
0.00
0.00
0.00
564.56
0.00
0.00
0.00
0.00
0.00
465.51
673.24
0.00
0.00
0.00
0.00
758.98
0.00
0.00
0.00
0.00
0.00
795.27
0.00
0.00
0.00
0.00
0.00
609.40
0.00
0.00
0.00
0.00
0.00
913.47
0.00
0.00
0.00
0.00
0.00
732.96
0.00
567.50
939.20
909.35
0.00
934.68
0.00
0.00
874.85
0.00
0.00
706.78
0.00
0.00
0.00
0.00
0.00
468.19
328.32
0.00
0.00
0.00
0.00
0.00
0.00
0.00
0.00
0.00
0.00
0.00
0.00
0.00
0.00
0.00
0.00
0.00
0.00
0.00
0.00
0.00
0.00
0.00
0.00
0.00
0.00
0.00
0.00
0.00
0.00
0.00
0.00
0.00
0.00
0.00
0.00
0.00
0.00
0.00
0.00
0.00
0.00
0.00
0.00
0.00
0.00
0.00
0.00
0.00
0.00
0.00
0.00
0.00
773.92
0.00
0.00
0.00
0.00
1035.43
566.24
0.00
0.00
0.00
0.00
0.00
597.92
0.00
0.00
0.00
0.00
0.00
493.01
0.00
1041.09
0.00
0.00
0.00
803.82
0.00
0.00
0.00
0.00
0.00
842.26
0.00
0.00
0.00
0.00
0.00
645.40
0.00
0.00
0.00
0.00
0.00
967.44
0.00
0.00
0.00
0.00
0.00
776.27
738.70
0.00
0.00
0.00
0.00
989.90
0.00
0.00
0.00
990.29
0.00
748.53
0.00
0.00
0.00
0.00
0.00
495.85
0.00
0.00
0.00
0.00
0.00
0.00
0.00
0.00
0.00
0.00
0.00
0.00
0.00
0.00
0.00
0.00
0.00
0.00
0.00
0.00
0.00
0.00
0.00
0.00
0.00
0.00
0.00
0.00
0.00
0.00
0.00
0.00
0.00
0.00
0.00
0.00
0.00
0.00
0.00
0.00
0.00
0.00
0.00
0.00
0.00
0.00
0.00
0.00
0.00
0.00
0.00
0.00
0.00
0.00
768.23
0.00
0.00
0.00
0.00
0.00
562.08
0.00
0.00
0.00
0.00
0.00
593.52
0.00
0.00
0.00
0.00
0.00
489.38
0.00
0.00
0.00
0.00
300.22
797.90
0.00
0.00
0.00
0.00
0.00
836.06
726.61
0.00
0.00
0.00
0.00
640.65
0.00
205.87
0.00
662.41
0.00
960.32
0.00
303.68
0.00
0.00
0.00
770.56
0.00
0.00
0.00
0.00
0.00
982.62
0.00
0.00
0.00
978.46
0.00
743.03
0.00
0.00
0.00
0.00
0.00
492.20
0.00
0.00
0.00
0.00
0.00
0.00
0.00
0.00
0.00
0.00
0.00
0.00
0.00
0.00
0.00
0.00
0.00
0.00
0.00
0.00
0.00
0.00
0.00
0.00
0.00
0.00
0.00
0.00
0.00
0.00
0.00
0.00
0.00
0.00
0.00
0.00
0.00
0.00
0.00
0.00
0.00
0.00
0.00
0.00
0.00
0.00
0.00
0.00
0.00
0.00
0.00
224.50
0.00
0.00
336.68
0.00
0.00
97.66
893.70
0.00
246.33
0.00
0.00
0.00
0.00
0.00
260.11
0.00
0.00
0.00
0.00
0.00
214.47
0.00
0.00
0.00
0.00
0.00
349.68
641.53
0.00
0.00
0.00
713.57
366.41
0.00
0.00
0.00
326.50
0.00
280.77
0.00
0.00
0.00
0.00
0.00
420.86
0.00
0.00
0.00
424.52
0.00
337.70
0.00
0.00
0.00
269.26
0.00
430.64
0.00
0.00
0.00
0.00
0.00
325.63
0.00
0.00
0.00
0.00
0.00
215.71
0.00
0.00
0.00
0.00
0.00
0.00
0.00
0.00
0.00
0.00
0.00
0.00
0.00
0.00
0.00
0.00
0.00
0.00
0.00
0.00
0.00
0.00
0.00
0.00
0.00
0.00
0.00
0.00
0.00
0.00
0.00
0.00
0.00
0.00
0.00
0.00
0.00
0.00
0.00
0.00
0.00
0.00
0.00
0.00
0.00
0.00
0.00
0.00
0.00
0.00
0.00
0.00
0.00
0.00
111.75
0.00
0.00
0.00
0.00
0.00
120.07
0.00
0.00
0.00
0.00
0.00
92.50
0.00
0.00
0.00
0.00
0.00
174.17
0.00
0.00
0.00
0.00
0.00
184.27
0.00
0.00
47.94
0.00
0.00
132.55
0.00
0.00
181.60
0.00
0.00
217.17
0.00
0.00
0.00
0.00
0.00
166.93
0.00
0.00
0.00
0.00
0.00
223.07
0.00
0.00
0.00
0.00
0.00
159.65
0.00
0.00
970.62
0.00
0.00
93.25
0.00
0.00
0.00
0.00
0.00
0.00
0.00
0.00
0.00
0.00
0.00
0.00
0.00
0.00
0.00
0.00
0.00
0.00
0.00
0.00
0.00
0.00
0.00
0.00
0.00
0.00
0.00
0.00
0.00
0.00
0.00
0.00
0.00
0.00
0.00
0.00
0.00
0.00
0.00
0.00
0.00
0.00
0.00
0.00
0.00
0.00
0.00
0.00
0.00
0.00
0.00
0.00
0.00
0.00
0.00
0.00
0.00
0.00
0.00
0.00
164.64
0.00
0.00
26.24
0.00
0.00
176.90
0.00
0.00
0.00
0.00
0.00
136.29
0.00
0.00
0.00
0.00
0.00
256.62
0.00
0.00
0.00
0.00
0.00
271.50
0.00
833.27
0.00
0.00
0.00
195.29
0.00
0.00
0.00
0.00
0.00
319.96
940.06
0.00
0.00
667.80
0.00
245.95
0.00
0.00
233.61
0.00
0.00
328.66
0.00
0.00
0.00
0.00
0.00
235.21
188.80
0.00
1057.67
0.00
365.71
137.38
0.00
0.00
0.00
0.00
0.00
0.00
0.00
0.00
0.00
0.00
0.00
0.00
0.00
0.00
0.00
0.00
0.00
0.00
0.00
0.00
0.00
0.00
0.00
0.00
0.00
0.00
0.00
0.00
0.00
0.00
0.00
0.00
0.00
0.00
0.00
0.00
0.00
0.00
0.00
0.00
0.00
0.00
0.00
0.00
0.00
0.00
0.00
0.00
0.00
0.00
0.00
0.00
0.00
0.00
0.00
0.00
0.00
0.00
0.00
0.00
401.53
0.00
0.00
0.00
0.00
0.00
431.44
0.00
0.00
0.00
826.62
0.00
332.39
0.00
0.00
0.00
0.00
0.00
625.86
0.00
0.00
0.00
0.00
0.00
662.15
0.00
79.25
0.00
0.00
0.00
476.28
0.00
0.00
0.00
249.00
0.00
780.35
0.00
0.00
0.00
0.00
0.00
599.84
0.00
0.00
0.00
0.00
0.00
801.56
0.00
0.00
0.00
0.00
0.00
573.65
0.00
0.00
0.00
0.00
0.00
335.07
0.00
0.00
0.00
0.00
0.00
0.00
0.00
0.00
0.00
0.00
0.00
0.00
0.00
0.00
0.00
0.00
0.00
0.00
0.00
0.00
0.00
0.00
0.00
0.00
0.00
0.00
0.00
0.00
0.00
0.00
0.00
0.00
0.00
0.00
0.00
0.00
0.00
0.00
0.00
0.00
0.00
0.00
0.00
0.00
0.00
0.00
0.00
0.00
0.00
0.00
0.00
0.00
0.00
0.00
0.00
0.00
0.00
0.00
0.00
0.00
425.26
745.28
0.00
0.00
0.00
0.00
456.93
0.00
0.00
0.00
0.00
0.00
352.02
0.00
0.00
0.00
0.00
0.00
662.83
0.00
0.00
0.00
0.00
0.00
701.27
0.00
0.00
0.00
0.00
0.00
504.41
0.00
0.00
0.00
0.00
0.00
826.45
0.00
0.00
331.23
0.00
0.00
635.28
0.00
0.00
0.00
617.14
0.00
848.92
0.00
82.52
0.00
0.00
0.00
607.54
737.87
0.00
0.00
0.00
0.00
354.86
0.00
0.00
0.00
0.00
0.00
0.00
0.00
0.00
0.00
0.00
0.00
0.00
0.00
0.00
0.00
0.00
0.00
0.00
0.00
0.00
0.00
0.00
0.00
0.00
0.00
0.00
0.00
0.00
0.00
0.00
0.00
0.00
0.00
0.00
0.00
0.00
0.00
0.00
0.00
0.00
0.00
0.00
0.00
0.00
0.00
0.00
0.00
0.00
0.00
0.00
0.00
0.00
0.00
0.00
0.00
0.00
0.00
0.00
551.09
0.00
422.13
0.00
0.00
0.00
0.00
0.00
453.57
0.00
0.00
0.00
0.00
0.00
349.43
0.00
0.00
0.00
0.00
0.00
657.95
0.00
880.15
923.95
0.00
0.00
696.11
0.00
0.00
0.00
0.00
0.00
500.70
0.00
0.00
0.00
397.55
0.00
820.37
0.00
0.00
0.00
0.00
463.03
630.61
720.42
0.00
0.00
0.00
623.53
842.67
0.00
0.00
0.00
0.00
0.00
603.08
0.00
0.00
0.00
0.00
0.00
352.25
0.00
0.00
0.00
0.00
0.00
0.00
0.00
0.00
0.00
0.00
0.00
0.00
0.00
0.00
0.00
0.00
0.00
0.00
0.00
0.00
0.00
0.00
0.00
0.00
0.00
0.00
0.00
0.00
0.00
0.00
0.00
0.00
0.00
0.00
0.00
0.00
0.00
0.00
0.00
0.00
0.00
0.00
0.00
0.00
0.00
0.00
0.00
0.00
0.00
0.00
0.00
0.00
0.00
0.00
0.00
0.00
0.00
969.99
0.00
0.00
185.00
0.00
0.00
0.00
0.00
874.70
198.78
0.00
0.00
0.00
0.00
0.00
153.14
0.00
0.00
0.00
0.00
0.00
288.35
0.00
0.00
0.00
0.00
0.00
305.07
686.75
0.00
0.00
0.00
0.00
219.43
281.60
0.00
0.00
0.00
0.00
359.53
0.00
0.00
0.00
433.45
0.00
276.36
0.00
0.00
0.00
0.00
0.00
369.30
0.00
0.00
756.43
0.00
0.00
264.30
0.00
0.00
0.00
0.00
0.00
154.37
0.00
0.00
0.00
0.00
0.00
0.00
0.00
0.00
0.00
0.00
0.00
0.00
0.00
0.00
0.00
0.00
0.00
0.00
0.00
0.00
0.00
0.00
0.00
0.00
0.00
0.00
0.00
0.00
0.00
0.00
0.00
0.00
0.00
0.00
0.00
0.00
0.00
0.00
0.00
0.00
0.00
0.00
0.00
0.00
0.00
0.00
0.00
0.00
0.00
0.00
0.00
0.00
0.00
0.00
0.00
0.00
0.00
0.00
0.00
0.00
65.50
0.00
0.00
0.00
0.00
0.00
37.93
0.00
0.00
0.00
0.00
0.00
119.60
0.00
0.00
0.00
322.95
0.00
129.70
0.00
0.00
0.00
0.00
0.00
77.97
65.53
0.00
0.00
0.00
0.00
162.60
0.00
0.00
0.00
539.99
0.00
112.36
0.00
0.00
0.00
0.00
0.00
168.50
1049.55
0.00
0.00
0.00
0.00
105.07
0.00
0.00
13.23
0.00
0.00
38.68
0.00
0.00
0.00
0.00
0.00
0.00
0.00
0.00
0.00
0.00
0.00
0.00
0.00
0.00
0.00
0.00
0.00
0.00
0.00
0.00
0.00
0.00
0.00
0.00
0.00
0.00
0.00
0.00
0.00
0.00
0.00
0.00
0.00
0.00
0.00
0.00
0.00
0.00
0.00
0.00
0.00
0.00
0.00
0.00
0.00
0.00
0.00
0.00
0.00
0.00
0.00
0.00
0.00
0.00
0.00
0.00
0.00
0.00
0.00
0.00
0.00
0.00
0.00
0.00
0.00
0.00
96.50
0.00
0.00
0.00
0.00
0.00
55.88
0.00
0.00
0.00
0.00
0.00
176.21
0.00
0.00
0.00
0.00
0.00
191.10
0.00
0.00
0.00
0.00
0.00
114.88
0.00
0.00
0.00
0.00
0.00
239.56
0.00
0.00
0.00
0.00
621.13
165.55
0.00
0.00
0.00
0.00
0.00
248.26
0.00
0.00
0.00
0.00
0.00
154.81
0.00
0.00
0.00
0.00
0.00
56.98
0.00
0.00
0.00
0.00
0.00
0.00
0.00
0.00
0.00
0.00
0.00
0.00
0.00
0.00
0.00
0.00
0.00
0.00
0.00
0.00
0.00
0.00
0.00
0.00
0.00
0.00
0.00
0.00
0.00
0.00
0.00
0.00
0.00
0.00
0.00
0.00
0.00
0.00
0.00
0.00
0.00
0.00
0.00
0.00
0.00
0.00
0.00
0.00
0.00
0.00
0.00
0.00
0.00
0.00
0.00
0.00
0.00
0.00
0.00
0.00
0.00
0.00
0.00
0.00
0.00
0.00
235.35
0.00
731.23
356.53
603.04
0.00
136.30
0.00
0.00
0.00
0.00
1007.36
429.76
0.00
0.00
0.00
0.00
0.00
466.06
0.00
0.00
0.00
0.00
340.75
280.19
0.00
0.00
0.00
0.00
0.00
584.26
0.00
0.00
0.00
0.00
757.56
403.75
0.00
0.00
0.00
0.00
0.00
605.47
0.00
0.00
0.00
0.00
0.00
377.56
296.33
0.00
0.00
0.00
0.00
138.97
0.00
0.00
0.00
0.00
0.00
0.00
0.00
0.00
0.00
0.00
0.00
0.00
0.00
0.00
0.00
0.00
0.00
0.00
0.00
0.00
0.00
0.00
0.00
0.00
0.00
0.00
0.00
0.00
0.00
0.00
0.00
0.00
0.00
0.00
0.00
0.00
0.00
0.00
0.00
0.00
0.00
0.00
0.00
0.00
0.00
0.00
0.00
0.00
0.00
0.00
0.00
0.00
0.00
0.00
0.00
0.00
0.00
0.00
0.00
0.00
0.00
0.00
0.00
0.00
0.00
0.00
249.26
0.00
0.00
0.00
0.00
0.00
144.35
0.00
0.00
0.00
0.00
0.00
455.15
0.00
0.00
0.00
0.00
0.00
493.59
0.00
0.00
0.00
0.00
0.00
296.74
0.00
0.00
0.00
0.00
0.00
618.77
300.73
0.00
0.00
0.00
443.09
427.60
0.00
0.00
0.00
883.59
0.00
641.24
0.00
0.00
0.00
0.00
0.00
399.87
0.00
0.00
0.00
0.00
0.00
147.18
0.00
0.00
0.00
0.00
0.00
0.00
0.00
0.00
0.00
0.00
0.00
0.00
0.00
0.00
0.00
0.00
0.00
0.00
0.00
0.00
0.00
0.00
0.00
0.00
0.00
0.00
0.00
0.00
0.00
0.00
0.00
0.00
0.00
0.00
0.00
0.00
0.00
0.00
0.00
0.00
0.00
0.00
0.00
0.00
0.00
0.00
0.00
0.00
0.00
0.00
0.00
0.00
0.00
0.00
0.00
0.00
0.00
0.00
0.00
0.00
0.00
0.00
0.00
0.00
0.00
0.00
247.42
0.00
0.00
0.00
0.00
0.00
143.29
0.00
0.00
0.00
68.31
0.00
451.81
599.37
0.00
0.00
0.00
0.00
489.96
0.00
0.00
0.00
0.00
0.00
294.56
0.00
0.00
0.00
0.00
0.00
614.22
0.00
0.00
0.00
0.00
0.00
424.46
0.00
0.00
0.00
0.00
0.00
636.53
99.05
0.00
0.00
0.00
56.82
396.93
0.00
0.00
0.00
0.00
0.00
146.10
925.58
0.00
0.00
0.00
0.00
0.00
0.00
0.00
0.00
0.00
0.00
0.00
0.00
0.00
0.00
0.00
0.00
0.00
0.00
0.00
0.00
0.00
0.00
0.00
0.00
0.00
0.00
0.00
0.00
0.00
0.00
0.00
0.00
0.00
0.00
0.00
0.00
0.00
0.00
0.00
0.00
0.00
0.00
0.00
0.00
0.00
0.00
0.00
0.00
0.00
0.00
0.00
0.00
0.00
0.00
0.00
0.00
0.00
0.00
0.00
0.00
0.00
0.00
469.48
0.00
802.73
108.43
0.00
0.00
977.85
256.77
0.00
62.80
0.00
702.21
0.00
561.17
0.00
198.01
0.00
0.00
0.00
0.00
0.00
214.73
0.00
955.25
0.00
0.00
0.00
129.09
0.00
0.00
590.27
0.00
0.00
269.18
0.00
192.54
0.00
0.00
0.00
186.02
0.00
0.00
0.00
558.96
0.00
278.96
718.34
0.00
0.00
0.00
171.84
173.95
153.22
0.00
0.00
0.00
0.00
64.03
0.00
0.00
0.00
0.00
0.00
0.00
0.00
0.00
0.00
0.00
0.00
0.00
0.00
0.00
0.00
0.00
0.00
0.00
0.00
0.00
0.00
0.00
0.00
0.00
0.00
0.00
0.00
0.00
0.00
0.00
0.00
0.00
0.00
0.00
0.00
0.00
0.00
0.00
0.00
0.00
0.00
0.00
0.00
0.00
0.00
0.00
0.00
0.00
0.00
0.00
0.00
0.00
0.00
0.00
0.00
0.00
0.00
0.00
0.00
0.00
0.00
0.00
0.00
0.00
0.00
0.00
46.25
0.00
0.00
0.00
0.00
0.00
127.93
0.00
0.00
0.00
0.00
0.00
138.03
619.45
766.18
0.00
0.00
997.76
86.30
0.00
0.00
0.00
0.00
0.00
170.92
0.00
0.00
0.00
123.43
0.00
120.69
0.00
0.00
0.00
0.00
0.00
176.82
0.00
0.00
0.00
0.00
0.00
113.40
0.00
0.00
0.00
0.00
0.00
47.00
134.07
0.00
0.00
0.00
0.00
0.00
0.00
0.00
0.00
0.00
0.00
0.00
0.00
0.00
0.00
0.00
0.00
0.00
0.00
0.00
0.00
0.00
0.00
0.00
0.00
0.00
0.00
0.00
0.00
0.00
0.00
0.00
0.00
0.00
0.00
0.00
0.00
0.00
0.00
0.00
0.00
0.00
0.00
0.00
0.00
0.00
0.00
0.00
0.00
0.00
0.00
0.00
0.00
0.00
0.00
0.00
0.00
0.00
0.00
0.00
0.00
0.00
0.00
0.00
0.00
0.00
0.00
0.00
741.83
0.00
0.00
0.00
68.15
0.00
0.00
0.00
0.00
0.00
188.48
0.00
0.00
0.00
0.00
0.00
203.36
0.00
509.51
0.00
0.00
0.00
127.15
0.00
0.00
0.00
531.86
0.00
251.82
0.00
0.00
0.00
0.00
0.00
177.81
136.07
0.00
0.00
0.00
0.00
260.52
0.00
0.00
0.00
185.23
355.29
167.07
0.00
0.00
0.00
0.00
0.00
69.25
0.00
0.00
0.00
364.79
0.00
0.00
0.00
0.00
0.00
0.00
0.00
0.00
0.00
0.00
0.00
0.00
0.00
0.00
0.00
0.00
0.00
0.00
0.00
0.00
0.00
0.00
0.00
0.00
0.00
0.00
0.00
0.00
0.00
0.00
0.00
0.00
0.00
0.00
0.00
0.00
0.00
0.00
0.00
0.00
0.00
0.00
0.00
0.00
0.00
0.00
0.00
0.00
0.00
0.00
0.00
0.00
0.00
0.00
0.00
0.00
0.00
0.00
0.00
0.00
0.00
0.00
0.00
0.00
0.00
0.00
0.00
0.00
166.20
0.00
0.00
0.00
0.00
0.00
459.67
0.00
0.00
0.00
0.00
0.00
495.97
0.00
0.00
896.38
0.00
0.00
310.10
0.00
0.00
0.00
446.66
0.00
614.17
0.00
0.00
0.00
0.00
0.00
433.66
0.00
0.00
0.00
0.00
0.00
635.38
0.00
0.00
0.00
0.00
0.00
407.47
0.00
0.00
0.00
0.00
0.00
168.88
0.00
0.00
0.00
0.00
0.00
0.00
0.00
0.00
0.00
0.00
0.00
0.00
0.00
0.00
0.00
0.00
0.00
0.00
0.00
0.00
0.00
0.00
0.00
0.00
0.00
0.00
0.00
0.00
0.00
0.00
0.00
0.00
0.00
0.00
0.00
0.00
0.00
0.00
0.00
0.00
0.00
0.00
0.00
0.00
0.00
0.00
0.00
0.00
0.00
0.00
0.00
0.00
0.00
0.00
0.00
0.00
0.00
0.00
0.00
0.00
0.00
0.00
0.00
0.00
0.00
0.00
0.00
0.00
0.00
0.00
0.00
0.00
176.02
0.00
0.00
0.00
0.00
0.00
486.83
0.00
0.00
0.00
0.00
0.00
525.27
0.00
0.00
0.00
0.00
0.00
328.42
318.58
0.00
0.00
0.00
99.52
650.45
0.00
0.00
0.00
0.00
0.00
459.28
0.00
0.00
0.00
0.00
0.00
672.92
0.00
0.00
0.00
0.00
0.00
431.54
0.00
0.00
983.84
0.00
0.00
178.86
0.00
0.00
0.00
0.00
0.00
0.00
0.00
0.00
0.00
0.00
0.00
0.00
0.00
0.00
0.00
0.00
0.00
0.00
0.00
0.00
0.00
0.00
0.00
0.00
0.00
0.00
0.00
0.00
0.00
0.00
0.00
0.00
0.00
0.00
0.00
0.00
0.00
0.00
0.00
0.00
0.00
0.00
0.00
0.00
0.00
0.00
0.00
0.00
0.00
0.00
0.00
0.00
0.00
0.00
0.00
0.00
0.00
0.00
0.00
0.00
0.00
0.00
0.00
0.00
0.00
0.00
0.00
0.00
0.00
0.00
0.00
0.00
174.73
0.00
0.00
0.00
0.00
0.00
483.25
0.00
0.00
0.00
0.00
0.00
521.41
0.00
0.00
0.00
0.00
0.00
326.00
0.00
0.00
0.00
0.00
0.00
645.67
0.00
0.00
0.00
0.00
0.00
455.90
1021.02
0.00
0.00
0.00
0.00
667.97
0.00
0.00
0.00
0.00
0.00
428.37
0.00
0.00
0.00
0.00
0.00
177.54
0.00
0.00
0.00
0.00
0.00
0.00
0.00
0.00
0.00
0.00
0.00
0.00
0.00
0.00
0.00
0.00
0.00
0.00
0.00
0.00
0.00
0.00
0.00
0.00
0.00
0.00
0.00
0.00
0.00
0.00
0.00
0.00
0.00
0.00
0.00
0.00
0.00
0.00
0.00
0.00
0.00
0.00
0.00
0.00
0.00
0.00
0.00
0.00
0.00
0.00
0.00
0.00
0.00
0.00
0.00
0.00
0.00
0.00
0.00
0.00
0.00
0.00
0.00
0.00
0.00
0.00
0.00
0.00
0.00
0.00
0.00
0.00
76.58
0.00
0.00
0.00
0.00
0.00
211.79
0.00
0.00
0.00
0.00
0.00
228.51
0.00
0.00
0.00
0.00
0.00
142.87
0.00
0.00
0.00
0.00
0.00
282.96
406.23
0.00
0.00
0.00
179.01
199.80
0.00
0.00
0.00
14.04
0.00
292.74
0.00
0.00
0.00
0.00
325.93
187.73
0.00
0.00
0.00
0.00
0.00
77.81
0.00
0.00
0.00
0.00
0.00
0.00
0.00
0.00
0.00
0.00
0.00
0.00
0.00
0.00
0.00
0.00
0.00
0.00
0.00
0.00
0.00
0.00
0.00
0.00
0.00
0.00
0.00
0.00
0.00
0.00
0.00
0.00
0.00
0.00
0.00
0.00
0.00
0.00
0.00
0.00
0.00
0.00
0.00
0.00
0.00
0.00
0.00
0.00
0.00
0.00
0.00
0.00
0.00
0.00
0.00
0.00
0.00
0.00
0.00
0.00
0.00
0.00
0.00
0.00
0.00
0.00
0.00
0.00
0.00
351.72
0.00
0.00
100.36
0.00
0.00
0.00
0.00
0.00
110.46
0.00
0.00
0.00
0.00
0.00
58.73
0.00
0.00
0.00
0.00
0.00
143.35
0.00
0.00
0.00
0.00
0.00
93.12
0.00
0.00
482.07
0.00
0.00
149.26
0.00
0.00
0.00
0.00
0.00
85.83
0.00
656.22
0.00
0.00
0.00
19.43
0.00
0.00
753.02
0.00
0.00
0.00
0.00
0.00
0.00
0.00
0.00
0.00
0.00
0.00
0.00
0.00
0.00
0.00
0.00
0.00
0.00
0.00
0.00
0.00
0.00
0.00
0.00
0.00
0.00
0.00
0.00
0.00
0.00
0.00
0.00
0.00
0.00
0.00
0.00
0.00
0.00
0.00
0.00
0.00
0.00
0.00
0.00
0.00
0.00
0.00
0.00
0.00
0.00
0.00
0.00
0.00
0.00
0.00
0.00
0.00
0.00
0.00
0.00
0.00
0.00
0.00
0.00
0.00
0.00
0.00
0.00
0.00
0.00
499.93
0.00
0.00
0.00
0.00
147.86
0.00
0.00
0.00
0.00
0.00
162.74
0.00
0.00
0.00
0.00
0.00
86.53
0.00
0.00
0.00
0.00
0.00
211.21
0.00
0.00
0.00
0.00
0.00
137.20
0.00
0.00
0.00
0.00
518.73
219.91
0.00
0.00
0.00
0.00
0.00
126.46
0.00
0.00
0.00
0.00
989.13
28.63
0.00
0.00
0.00
0.00
0.00
0.00
0.00
0.00
0.00
0.00
0.00
0.00
0.00
0.00
0.00
0.00
0.00
0.00
0.00
0.00
0.00
0.00
0.00
0.00
0.00
0.00
0.00
0.00
0.00
0.00
0.00
0.00
0.00
0.00
0.00
0.00
0.00
0.00
0.00
0.00
0.00
0.00
0.00
0.00
0.00
0.00
0.00
0.00
0.00
0.00
0.00
0.00
0.00
0.00
0.00
0.00
0.00
0.00
0.00
0.00
0.00
0.00
0.00
0.00
0.00
0.00
0.00
0.00
0.00
0.00
0.00
0.00
0.00
0.00
0.00
0.00
0.00
0.00
360.62
0.00
0.00
0.00
0.00
0.00
396.91
0.00
0.00
0.00
0.00
0.00
211.04
0.00
0.00
107.71
590.81
0.00
515.11
0.00
0.00
0.00
0.00
0.00
334.60
0.00
0.00
0.00
0.00
0.00
536.32
0.00
0.00
0.00
0.00
86.71
308.42
0.00
0.00
0.00
1044.12
0.00
69.83
0.00
0.00
109.78
0.00
0.00
0.00
0.00
0.00
0.00
0.00
0.00
0.00
0.00
0.00
0.00
0.00
0.00
0.00
0.00
0.00
0.00
0.00
0.00
0.00
0.00
0.00
0.00
0.00
0.00
0.00
0.00
0.00
0.00
0.00
0.00
0.00
0.00
0.00
0.00
0.00
0.00
0.00
0.00
0.00
0.00
0.00
0.00
0.00
0.00
0.00
0.00
0.00
0.00
0.00
0.00
0.00
0.00
0.00
0.00
0.00
0.00
0.00
0.00
0.00
0.00
0.00
0.00
0.00
0.00
0.00
0.00
0.00
0.00
0.00
0.00
0.00
0.00
0.00
381.92
0.00
0.00
0.00
0.00
0.00
420.36
0.00
0.00
0.00
0.00
0.00
223.51
0.00
0.00
0.00
0.00
0.00
545.54
0.00
1041.84
0.00
0.00
0.00
354.37
581.22
0.00
0.00
0.00
0.00
568.01
0.00
0.00
0.00
0.00
0.00
326.64
0.00
0.00
0.00
0.00
0.00
73.95
0.00
433.29
0.00
0.00
0.00
0.00
0.00
0.00
0.00
0.00
0.00
0.00
0.00
0.00
0.00
0.00
0.00
0.00
0.00
0.00
0.00
0.00
0.00
0.00
0.00
0.00
0.00
0.00
0.00
0.00
0.00
0.00
0.00
0.00
0.00
0.00
0.00
0.00
0.00
0.00
0.00
0.00
0.00
0.00
0.00
0.00
0.00
0.00
0.00
0.00
0.00
0.00
0.00
0.00
0.00
0.00
0.00
0.00
0.00
0.00
0.00
0.00
0.00
0.00
0.00
0.00
0.00
0.00
0.00
0.00
0.00
0.00
0.00
0.00
0.00
0.00
487.93
0.00
379.11
159.15
0.00
0.00
0.00
0.00
417.27
0.00
0.00
0.00
0.00
0.00
221.86
809.67
0.00
0.00
0.00
15.81
541.53
0.00
0.00
0.00
0.00
0.00
351.77
0.00
0.00
779.40
0.00
0.00
563.83
0.00
0.00
0.00
0.00
0.00
324.23
743.80
0.00
0.00
0.00
193.44
73.41
0.00
0.00
0.00
0.00
0.00
0.00
0.00
0.00
0.00
0.00
0.00
0.00
0.00
0.00
0.00
0.00
0.00
0.00
0.00
0.00
0.00
0.00
0.00
0.00
0.00
0.00
0.00
0.00
0.00
0.00
0.00
0.00
0.00
0.00
0.00
0.00
0.00
0.00
0.00
0.00
0.00
0.00
0.00
0.00
0.00
0.00
0.00
0.00
0.00
0.00
0.00
0.00
0.00
0.00
0.00
0.00
0.00
0.00
0.00
0.00
0.00
0.00
0.00
0.00
0.00
0.00
0.00
0.00
0.00
0.00
0.00
0.00
0.00
0.00
0.00
0.00
25.50
0.00
166.15
0.00
0.00
0.00
0.00
0.00
182.87
0.00
0.00
0.00
0.00
0.00
97.23
0.00
0.00
0.00
0.00
368.04
237.33
0.00
0.00
0.00
0.00
0.00
154.16
0.00
0.00
0.00
0.00
0.00
247.10
0.00
0.00
154.66
0.00
0.00
142.10
0.00
0.00
0.00
0.00
0.00
32.17
0.00
0.00
0.00
0.00
0.00
0.00
0.00
0.00
0.00
0.00
0.00
0.00
0.00
0.00
0.00
0.00
0.00
0.00
0.00
0.00
0.00
0.00
0.00
0.00
0.00
0.00
0.00
0.00
0.00
0.00
0.00
0.00
0.00
0.00
0.00
0.00
0.00
0.00
0.00
0.00
0.00
0.00
0.00
0.00
0.00
0.00
0.00
0.00
0.00
0.00
0.00
0.00
0.00
0.00
0.00
0.00
0.00
0.00
0.00
0.00
0.00
0.00
0.00
0.00
0.00
0.00
0.00
0.00
0.00
0.00
0.00
0.00
0.00
0.00
0.00
0.00
0.00
0.00
192.13
0.00
0.00
0.00
0.00
0.00
140.40
0.00
0.00
0.00
0.00
0.00
225.03
0.00
0.00
0.00
167.44
0.00
174.79
0.00
449.25
0.00
0.00
0.00
230.93
0.00
0.00
0.00
0.00
0.00
167.50
0.00
0.00
0.00
0.00
0.00
101.10
0.00
0.00
0.00
0.00
0.00
0.00
0.00
0.00
0.00
0.00
0.00
0.00
0.00
0.00
0.00
0.00
0.00
0.00
0.00
0.00
0.00
0.00
0.00
0.00
0.00
0.00
0.00
0.00
0.00
0.00
0.00
0.00
0.00
0.00
0.00
0.00
0.00
0.00
0.00
0.00
0.00
0.00
0.00
0.00
0.00
0.00
0.00
0.00
0.00
0.00
0.00
0.00
0.00
0.00
0.00
0.00
0.00
0.00
0.00
0.00
0.00
0.00
0.00
0.00
0.00
0.00
0.00
0.00
0.00
0.00
0.00
0.00
0.00
0.00
0.00
0.00
0.00
0.00
0.00
369.57
0.00
0.00
0.00
0.00
283.07
0.00
0.00
0.00
0.00
0.00
206.86
0.00
0.00
0.00
0.00
0.00
331.54
25.28
0.00
0.00
0.00
0.00
257.53
0.00
0.00
0.00
0.00
0.00
340.24
0.00
0.00
0.00
511.92
0.00
246.79
0.00
0.00
0.00
0.00
0.00
148.96
0.00
0.00
0.00
0.00
0.00
0.00
0.00
0.00
0.00
0.00
0.00
0.00
0.00
0.00
0.00
0.00
0.00
0.00
0.00
0.00
0.00
0.00
0.00
0.00
0.00
0.00
0.00
0.00
0.00
0.00
0.00
0.00
0.00
0.00
0.00
0.00
0.00
0.00
0.00
0.00
0.00
0.00
0.00
0.00
0.00
0.00
0.00
0.00
0.00
0.00
0.00
0.00
0.00
0.00
0.00
0.00
0.00
0.00
0.00
0.00
0.00
0.00
0.00
0.00
0.00
0.00
0.00
0.00
0.00
0.00
0.00
0.00
0.00
0.00
0.00
0.00
0.00
0.00
0.00
0.00
0.00
0.00
0.00
0.00
690.38
0.00
0.00
0.00
0.00
0.00
504.51
0.00
0.00
0.00
0.00
0.00
808.58
0.00
0.00
0.00
0.00
0.00
628.07
0.00
0.00
0.00
0.00
0.00
829.79
0.00
0.00
0.00
0.00
0.00
601.89
0.00
0.00
0.00
117.03
0.00
363.30
0.00
0.00
0.00
0.00
0.00
0.00
0.00
0.00
0.00
0.00
0.00
0.00
0.00
0.00
0.00
0.00
0.00
0.00
0.00
0.00
0.00
0.00
0.00
0.00
0.00
0.00
0.00
0.00
0.00
0.00
0.00
0.00
0.00
0.00
0.00
0.00
0.00
0.00
0.00
0.00
0.00
0.00
0.00
0.00
0.00
0.00
0.00
0.00
0.00
0.00
0.00
0.00
0.00
0.00
0.00
0.00
0.00
0.00
0.00
0.00
0.00
0.00
0.00
0.00
0.00
0.00
0.00
0.00
0.00
0.00
0.00
0.00
0.00
0.00
0.00
0.00
0.00
0.00
0.00
0.00
0.00
0.00
0.00
0.00
731.17
0.00
0.00
0.00
0.00
0.00
534.31
0.00
0.00
377.86
0.00
0.00
856.35
0.00
670.58
0.00
0.00
0.00
665.18
0.00
0.00
0.00
0.00
0.00
878.82
0.00
0.00
0.00
0.00
0.00
637.44
0.00
0.00
0.00
0.00
0.00
384.76
0.00
551.02
0.00
0.00
0.00
0.00
0.00
0.00
0.00
0.00
0.00
0.00
0.00
0.00
0.00
0.00
0.00
0.00
0.00
0.00
0.00
0.00
0.00
0.00
0.00
0.00
0.00
0.00
0.00
0.00
0.00
0.00
0.00
0.00
0.00
0.00
0.00
0.00
0.00
0.00
0.00
0.00
0.00
0.00
0.00
0.00
0.00
0.00
0.00
0.00
0.00
0.00
0.00
0.00
0.00
0.00
0.00
0.00
0.00
0.00
0.00
0.00
0.00
0.00
0.00
0.00
0.00
0.00
0.00
0.00
0.00
0.00
0.00
0.00
0.00
0.00
0.00
0.00
0.00
0.00
0.00
0.00
0.00
0.00
725.79
0.00
0.00
0.00
0.00
0.00
530.38
704.32
0.00
0.00
0.00
0.00
850.05
0.00
426.27
0.00
0.00
0.00
660.29
0.00
0.00
0.00
566.75
0.00
872.35
0.00
0.00
0.00
0.00
0.00
632.75
835.66
0.00
0.00
0.00
0.00
381.93
0.00
0.00
0.00
0.00
0.00
0.00
0.00
0.00
0.00
0.00
0.00
0.00
0.00
0.00
0.00
0.00
0.00
0.00
0.00
0.00
0.00
0.00
0.00
0.00
0.00
0.00
0.00
0.00
0.00
0.00
0.00
0.00
0.00
0.00
0.00
0.00
0.00
0.00
0.00
0.00
0.00
0.00
0.00
0.00
0.00
0.00
0.00
0.00
0.00
0.00
0.00
0.00
0.00
0.00
0.00
0.00
0.00
0.00
0.00
0.00
0.00
0.00
0.00
0.00
0.00
0.00
0.00
0.00
0.00
0.00
0.00
0.00
0.00
0.00
0.00
0.00
0.00
0.00
0.00
604.31
0.00
0.00
0.00
0.00
318.08
0.00
0.00
0.00
0.00
0.00
232.44
0.00
0.00
0.00
0.00
0.00
372.54
0.00
0.00
0.00
1000.64
0.00
289.37
0.00
0.00
0.00
0.00
0.00
382.31
0.00
0.00
0.00
0.00
0.00
277.31
0.00
0.00
0.00
989.42
0.00
167.38
0.00
0.00
0.00
0.00
0.00
0.00
0.00
0.00
0.00
0.00
0.00
0.00
0.00
0.00
0.00
0.00
0.00
0.00
0.00
0.00
0.00
0.00
0.00
0.00
0.00
0.00
0.00
0.00
0.00
0.00
0.00
0.00
0.00
0.00
0.00
0.00
0.00
0.00
0.00
0.00
0.00
0.00
0.00
0.00
0.00
0.00
0.00
0.00
0.00
0.00
0.00
0.00
0.00
0.00
0.00
0.00
0.00
0.00
0.00
0.00
0.00
0.00
0.00
0.00
0.00
0.00
0.00
0.00
0.00
0.00
0.00
0.00
0.00
0.00
0.00
0.00
0.00
0.00
0.00
0.00
0.00
0.00
0.00
0.00
150.50
0.00
0.00
0.00
0.00
0.00
235.13
0.00
202.08
0.00
0.00
0.00
184.89
0.00
70.33
205.36
0.00
0.00
241.03
0.00
0.00
0.00
0.00
0.00
177.60
0.00
0.00
0.00
0.00
0.00
111.21
0.00
0.00
0.00
0.00
0.00
0.00
0.00
0.00
0.00
0.00
0.00
0.00
0.00
0.00
0.00
0.00
0.00
0.00
0.00
0.00
0.00
0.00
0.00
0.00
0.00
0.00
0.00
0.00
0.00
0.00
0.00
0.00
0.00
0.00
0.00
0.00
0.00
0.00
0.00
0.00
0.00
0.00
0.00
0.00
0.00
0.00
0.00
0.00
0.00
0.00
0.00
0.00
0.00
0.00
0.00
0.00
0.00
0.00
0.00
0.00
0.00
0.00
0.00
0.00
0.00
0.00
0.00
0.00
0.00
0.00
0.00
0.00
0.00
0.00
0.00
0.00
0.00
0.00
0.00
0.00
0.00
0.00
0.00
0.00
0.00
0.00
0.00
0.00
0.00
0.00
221.74
0.00
0.00
559.62
0.00
0.00
346.42
0.00
0.00
0.00
0.00
0.00
272.41
0.00
0.00
0.00
0.00
0.00
355.12
0.00
0.00
0.00
1028.57
0.00
261.67
0.00
0.00
0.00
0.00
0.00
163.84
0.00
0.00
0.00
0.00
0.00
0.00
0.00
0.00
0.00
0.00
0.00
0.00
0.00
0.00
0.00
0.00
0.00
0.00
0.00
0.00
0.00
0.00
0.00
0.00
0.00
0.00
0.00
0.00
0.00
0.00
0.00
0.00
0.00
0.00
0.00
0.00
0.00
0.00
0.00
0.00
0.00
0.00
0.00
0.00
0.00
0.00
0.00
0.00
0.00
0.00
0.00
0.00
0.00
0.00
0.00
0.00
0.00
0.00
0.00
0.00
0.00
0.00
0.00
0.00
0.00
0.00
0.00
0.00
0.00
0.00
0.00
0.00
0.00
0.00
0.00
0.00
0.00
0.00
0.00
0.00
0.00
0.00
0.00
0.00
0.00
0.00
0.00
0.00
0.00
0.00
540.80
0.00
0.00
0.00
0.00
0.00
844.88
0.00
0.00
0.00
773.71
0.00
664.37
0.00
0.00
0.00
0.00
0.00
866.09
0.00
0.00
0.00
0.00
0.00
638.18
0.00
854.67
0.00
150.64
0.00
399.59
0.00
0.00
0.00
0.00
0.00
0.00
0.00
0.00
0.00
0.00
0.00
0.00
0.00
0.00
0.00
0.00
0.00
0.00
0.00
0.00
0.00
0.00
0.00
0.00
0.00
0.00
0.00
0.00
0.00
0.00
0.00
0.00
0.00
0.00
0.00
0.00
0.00
0.00
0.00
0.00
0.00
0.00
0.00
0.00
0.00
0.00
0.00
0.00
0.00
0.00
0.00
0.00
0.00
0.00
0.00
0.00
0.00
0.00
0.00
0.00
0.00
0.00
0.00
0.00
0.00
0.00
0.00
0.00
0.00
0.00
0.00
0.00
0.00
0.00
0.00
0.00
0.00
0.00
0.00
0.00
0.00
0.00
0.00
0.00
0.00
0.00
0.00
0.00
0.00
0.00
572.75
0.00
0.00
0.00
0.00
0.00
894.79
0.00
0.00
0.00
0.00
0.00
703.62
0.00
0.00
0.00
0.00
0.00
917.26
0.00
0.00
0.00
0.00
0.00
675.88
0.00
0.00
0.00
0.00
0.00
423.20
0.00
0.00
0.00
0.00
0.00
0.00
0.00
0.00
0.00
0.00
0.00
0.00
0.00
0.00
0.00
0.00
0.00
0.00
0.00
0.00
0.00
0.00
0.00
0.00
0.00
0.00
0.00
0.00
0.00
0.00
0.00
0.00
0.00
0.00
0.00
0.00
0.00
0.00
0.00
0.00
0.00
0.00
0.00
0.00
0.00
0.00
0.00
0.00
0.00
0.00
0.00
0.00
0.00
0.00
0.00
0.00
0.00
0.00
0.00
0.00
0.00
0.00
0.00
0.00
0.00
0.00
0.00
0.00
0.00
0.00
0.00
0.00
0.00
0.00
0.00
0.00
0.00
0.00
0.00
0.00
0.00
0.00
0.00
0.00
0.00
367.11
0.00
0.00
0.00
0.00
568.54
0.00
477.79
0.00
0.00
0.00
888.21
0.00
0.00
0.00
0.00
0.00
698.44
0.00
0.00
0.00
0.00
0.00
910.51
0.00
226.42
0.00
0.00
0.00
670.91
0.00
0.00
0.00
0.00
0.00
420.09
0.00
0.00
0.00
0.00
0.00
0.00
0.00
0.00
0.00
0.00
0.00
0.00
0.00
0.00
0.00
0.00
0.00
0.00
0.00
0.00
0.00
0.00
0.00
0.00
0.00
0.00
0.00
0.00
0.00
0.00
0.00
0.00
0.00
0.00
0.00
0.00
0.00
0.00
0.00
0.00
0.00
0.00
0.00
0.00
0.00
0.00
0.00
0.00
0.00
0.00
0.00
0.00
0.00
0.00
0.00
0.00
0.00
0.00
0.00
0.00
0.00
0.00
0.00
0.00
0.00
0.00
0.00
0.00
0.00
0.00
0.00
0.00
0.00
0.00
0.00
0.00
0.00
0.00
0.00
0.00
0.00
0.00
0.00
0.00
0.00
0.00
0.00
0.00
0.00
0.00
249.16
0.00
0.00
0.00
0.00
0.00
389.26
0.00
0.00
0.00
0.00
604.27
306.09
0.00
0.00
29.26
0.00
0.00
399.03
0.00
0.00
0.00
0.00
0.00
294.03
0.00
0.00
0.00
0.00
0.00
184.10
0.00
0.00
0.00
0.00
0.00
0.00
0.00
0.00
0.00
0.00
0.00
0.00
0.00
0.00
0.00
0.00
0.00
0.00
0.00
0.00
0.00
0.00
0.00
0.00
0.00
0.00
0.00
0.00
0.00
0.00
0.00
0.00
0.00
0.00
0.00
0.00
0.00
0.00
0.00
0.00
0.00
0.00
0.00
0.00
0.00
0.00
0.00
0.00
0.00
0.00
0.00
0.00
0.00
0.00
0.00
0.00
0.00
0.00
0.00
0.00
0.00
0.00
0.00
0.00
0.00
0.00
0.00
0.00
0.00
0.00
0.00
0.00
0.00
0.00
0.00
0.00
0.00
0.00
0.00
0.00
0.00
0.00
0.00
0.00
0.00
0.00
0.00
0.00
0.00
0.00
183.40
0.00
0.00
0.00
0.00
269.42
133.16
0.00
0.00
0.00
0.00
0.00
189.30
0.00
0.00
0.00
0.00
0.00
125.88
0.00
0.00
0.00
0.00
0.00
59.48
0.00
0.00
0.00
0.00
0.00
0.00
0.00
0.00
0.00
0.00
0.00
0.00
0.00
0.00
0.00
0.00
0.00
0.00
0.00
0.00
0.00
0.00
0.00
0.00
0.00
0.00
0.00
0.00
0.00
0.00
0.00
0.00
0.00
0.00
0.00
0.00
0.00
0.00
0.00
0.00
0.00
0.00
0.00
0.00
0.00
0.00
0.00
0.00
0.00
0.00
0.00
0.00
0.00
0.00
0.00
0.00
0.00
0.00
0.00
0.00
0.00
0.00
0.00
0.00
0.00
0.00
0.00
0.00
0.00
0.00
0.00
0.00
0.00
0.00
0.00
0.00
0.00
0.00
0.00
0.00
0.00
0.00
0.00
0.00
0.00
0.00
0.00
0.00
0.00
0.00
0.00
0.00
0.00
0.00
0.00
0.00
270.21
0.00
627.19
0.00
564.39
0.00
196.19
0.00
0.00
0.00
0.00
0.00
278.90
0.00
0.00
0.00
242.66
0.00
185.46
0.00
0.00
0.00
0.00
0.00
87.63
0.00
235.47
0.00
0.00
0.00
0.00
0.00
0.00
0.00
0.00
0.00
0.00
0.00
0.00
0.00
0.00
0.00
0.00
0.00
0.00
0.00
0.00
0.00
0.00
0.00
0.00
0.00
0.00
0.00
0.00
0.00
0.00
0.00
0.00
0.00
0.00
0.00
0.00
0.00
0.00
0.00
0.00
0.00
0.00
0.00
0.00
0.00
0.00
0.00
0.00
0.00
0.00
0.00
0.00
0.00
0.00
0.00
0.00
0.00
0.00
0.00
0.00
0.00
0.00
0.00
0.00
0.00
0.00
0.00
0.00
0.00
0.00
0.00
0.00
0.00
0.00
0.00
0.00
0.00
0.00
0.00
0.00
0.00
0.00
0.00
0.00
0.00
0.00
0.00
0.00
0.00
0.00
0.00
0.00
0.00
0.00
659.00
0.00
0.00
1033.90
0.00
0.00
478.50
0.00
0.00
0.00
0.00
0.00
680.22
0.00
0.00
0.00
0.00
0.00
452.31
0.00
445.75
780.17
0.00
0.00
213.72
0.00
0.00
0.00
0.00
0.00
0.00
0.00
0.00
0.00
0.00
0.00
0.00
0.00
0.00
0.00
0.00
0.00
0.00
0.00
0.00
0.00
0.00
0.00
0.00
0.00
0.00
0.00
0.00
0.00
0.00
0.00
0.00
0.00
0.00
0.00
0.00
0.00
0.00
0.00
0.00
0.00
0.00
0.00
0.00
0.00
0.00
0.00
0.00
0.00
0.00
0.00
0.00
0.00
0.00
0.00
0.00
0.00
0.00
0.00
0.00
0.00
0.00
0.00
0.00
0.00
0.00
0.00
0.00
0.00
0.00
0.00
0.00
0.00
0.00
0.00
0.00
0.00
0.00
0.00
0.00
0.00
0.00
0.00
0.00
0.00
0.00
0.00
0.00
0.00
0.00
0.00
911.66
0.00
0.00
0.00
0.00
697.93
0.00
0.00
0.00
0.00
0.00
506.76
0.00
0.00
0.00
0.00
0.00
720.40
500.40
0.00
0.00
0.00
0.00
479.03
0.00
0.00
0.00
128.76
0.00
226.34
0.00
0.00
0.00
0.00
0.00
0.00
0.00
0.00
0.00
0.00
0.00
0.00
0.00
0.00
0.00
0.00
0.00
0.00
0.00
0.00
0.00
0.00
0.00
0.00
0.00
0.00
0.00
0.00
0.00
0.00
0.00
0.00
0.00
0.00
0.00
0.00
0.00
0.00
0.00
0.00
0.00
0.00
0.00
0.00
0.00
0.00
0.00
0.00
0.00
0.00
0.00
0.00
0.00
0.00
0.00
0.00
0.00
0.00
0.00
0.00
0.00
0.00
0.00
0.00
0.00
0.00
0.00
0.00
0.00
0.00
0.00
0.00
0.00
0.00
0.00
0.00
0.00
0.00
0.00
0.00
0.00
0.00
0.00
0.00
0.00
0.00
0.00
0.00
0.00
0.00
0.00
0.00
0.00
0.00
0.00
0.00
692.80
0.00
0.00
0.00
0.00
0.00
503.04
140.11
0.00
0.00
0.00
0.00
715.10
542.86
0.00
0.00
0.00
0.00
475.50
0.00
0.00
0.00
962.80
0.00
224.68
0.00
0.00
0.00
0.00
0.00
0.00
0.00
0.00
0.00
0.00
0.00
0.00
0.00
0.00
0.00
0.00
0.00
0.00
0.00
0.00
0.00
0.00
0.00
0.00
0.00
0.00
0.00
0.00
0.00
0.00
0.00
0.00
0.00
0.00
0.00
0.00
0.00
0.00
0.00
0.00
0.00
0.00
0.00
0.00
0.00
0.00
0.00
0.00
0.00
0.00
0.00
0.00
0.00
0.00
0.00
0.00
0.00
0.00
0.00
0.00
0.00
0.00
0.00
0.00
0.00
0.00
0.00
0.00
0.00
0.00
0.00
0.00
0.00
0.00
0.00
0.00
0.00
0.00
0.00
0.00
0.00
0.00
0.00
0.00
0.00
0.00
0.00
0.00
0.00
0.00
0.00
0.00
0.00
0.00
0.00
798.09
303.62
0.00
0.00
902.40
0.00
0.00
220.46
0.00
927.91
0.00
0.00
0.00
313.39
0.00
0.00
0.00
0.00
0.00
208.39
836.06
0.00
0.00
0.00
0.00
98.47
0.00
0.00
0.00
0.00
0.00
0.00
0.00
0.00
0.00
0.00
0.00
0.00
0.00
0.00
0.00
0.00
0.00
0.00
0.00
0.00
0.00
0.00
0.00
0.00
0.00
0.00
0.00
0.00
0.00
0.00
0.00
0.00
0.00
0.00
0.00
0.00
0.00
0.00
0.00
0.00
0.00
0.00
0.00
0.00
0.00
0.00
0.00
0.00
0.00
0.00
0.00
0.00
0.00
0.00
0.00
0.00
0.00
0.00
0.00
0.00
0.00
0.00
0.00
0.00
0.00
0.00
0.00
0.00
0.00
0.00
0.00
0.00
0.00
0.00
0.00
0.00
0.00
0.00
0.00
0.00
0.00
0.00
0.00
0.00
0.00
0.00
0.00
0.00
0.00
0.00
0.00
0.00
0.00
0.00
0.00
0.00
217.79
0.00
0.00
0.00
0.00
0.00
273.92
0.00
0.00
0.00
0.00
0.00
210.50
0.00
928.03
0.00
0.00
0.00
144.10
0.00
0.00
0.00
0.00
658.68
0.00
0.00
0.00
0.00
0.00
0.00
0.00
0.00
0.00
0.00
0.00
0.00
0.00
0.00
0.00
0.00
0.00
0.00
0.00
0.00
0.00
0.00
0.00
0.00
0.00
0.00
0.00
0.00
0.00
0.00
0.00
0.00
0.00
0.00
0.00
0.00
0.00
0.00
0.00
0.00
0.00
0.00
0.00
0.00
0.00
0.00
0.00
0.00
0.00
0.00
0.00
0.00
0.00
0.00
0.00
0.00
0.00
0.00
0.00
0.00
0.00
0.00
0.00
0.00
0.00
0.00
0.00
0.00
0.00
0.00
0.00
0.00
0.00
0.00
0.00
0.00
0.00
0.00
0.00
0.00
0.00
0.00
0.00
0.00
0.00
0.00
0.00
0.00
0.00
0.00
0.00
0.00
0.00
0.00
0.00
0.00
0.00
320.87
59.62
0.00
0.00
0.00
0.00
403.58
0.00
124.79
0.00
0.00
0.00
310.13
190.16
0.00
0.00
0.00
0.00
212.31
0.00
0.00
0.00
0.00
0.00
0.00
0.00
0.00
0.00
0.00
0.00
0.00
0.00
0.00
0.00
0.00
0.00
0.00
0.00
0.00
0.00
0.00
0.00
0.00
0.00
0.00
0.00
0.00
0.00
0.00
0.00
0.00
0.00
0.00
0.00
0.00
0.00
0.00
0.00
0.00
0.00
0.00
0.00
0.00
0.00
0.00
0.00
0.00
0.00
0.00
0.00
0.00
0.00
0.00
0.00
0.00
0.00
0.00
0.00
0.00
0.00
0.00
0.00
0.00
0.00
0.00
0.00
0.00
0.00
0.00
0.00
0.00
0.00
0.00
0.00
0.00
0.00
0.00
0.00
0.00
0.00
0.00
0.00
0.00
0.00
0.00
0.00
0.00
0.00
0.00
0.00
0.00
0.00
0.00
0.00
0.00
0.00
0.00
0.00
0.00
0.00
0.00
782.57
289.97
0.00
0.00
0.00
1037.11
984.29
0.00
735.83
0.00
0.00
0.00
756.38
0.00
0.00
0.00
0.00
0.00
517.79
0.00
0.00
0.00
0.00
0.00
0.00
0.00
0.00
0.00
0.00
0.00
0.00
0.00
0.00
0.00
0.00
0.00
0.00
0.00
0.00
0.00
0.00
0.00
0.00
0.00
0.00
0.00
0.00
0.00
0.00
0.00
0.00
0.00
0.00
0.00
0.00
0.00
0.00
0.00
0.00
0.00
0.00
0.00
0.00
0.00
0.00
0.00
0.00
0.00
0.00
0.00
0.00
0.00
0.00
0.00
0.00
0.00
0.00
0.00
0.00
0.00
0.00
0.00
0.00
0.00
0.00
0.00
0.00
0.00
0.00
0.00
0.00
0.00
0.00
0.00
0.00
0.00
0.00
0.00
0.00
0.00
0.00
0.00
0.00
0.00
0.00
0.00
0.00
0.00
0.00
0.00
0.00
0.00
0.00
0.00
0.00
0.00
0.00
0.00
0.00
0.00
583.74
828.80
0.00
0.00
0.00
0.00
0.00
1042.44
0.00
0.00
0.00
0.00
0.00
801.06
0.00
187.96
0.00
0.00
0.00
548.38
0.00
0.00
0.00
0.00
0.00
0.00
0.00
0.00
0.00
0.00
0.00
0.00
0.00
0.00
0.00
0.00
0.00
0.00
0.00
0.00
0.00
0.00
0.00
0.00
0.00
0.00
0.00
0.00
0.00
0.00
0.00
0.00
0.00
0.00
0.00
0.00
0.00
0.00
0.00
0.00
0.00
0.00
0.00
0.00
0.00
0.00
0.00
0.00
0.00
0.00
0.00
0.00
0.00
0.00
0.00
0.00
0.00
0.00
0.00
0.00
0.00
0.00
0.00
0.00
0.00
0.00
0.00
0.00
0.00
0.00
0.00
0.00
0.00
0.00
0.00
0.00
0.00
0.00
0.00
0.00
0.00
0.00
0.00
0.00
0.00
0.00
0.00
0.00
0.00
0.00
0.00
0.00
0.00
0.00
0.00
0.00
0.00
0.00
0.00
0.00
0.00
0.00
822.70
0.00
0.00
407.11
0.00
0.00
1034.77
0.00
0.00
0.00
0.00
0.00
795.17
0.00
0.00
0.00
0.00
0.00
544.35
0.00
0.00
0.00
0.00
0.00
0.00
0.00
0.00
0.00
0.00
0.00
0.00
0.00
0.00
0.00
0.00
0.00
0.00
0.00
0.00
0.00
0.00
0.00
0.00
0.00
0.00
0.00
0.00
0.00
0.00
0.00
0.00
0.00
0.00
0.00
0.00
0.00
0.00
0.00
0.00
0.00
0.00
0.00
0.00
0.00
0.00
0.00
0.00
0.00
0.00
0.00
0.00
0.00
0.00
0.00
0.00
0.00
0.00
0.00
0.00
0.00
0.00
0.00
0.00
0.00
0.00
0.00
0.00
0.00
0.00
0.00
0.00
0.00
0.00
0.00
0.00
0.00
0.00
0.00
0.00
0.00
0.00
0.00
0.00
0.00
0.00
0.00
0.00
0.00
0.00
0.00
0.00
0.00
0.00
0.00
0.00
0.00
0.00
0.00
439.52
0.00
0.00
360.55
0.00
0.00
0.00
0.00
283.60
453.49
0.00
0.00
0.00
0.00
86.51
348.49
0.00
0.00
0.00
0.00
0.00
238.56
0.00
0.00
0.00
0.00
0.00
0.00
0.00
0.00
0.00
0.00
0.00
0.00
0.00
0.00
0.00
0.00
0.00
0.00
0.00
0.00
0.00
0.00
0.00
0.00
0.00
0.00
0.00
0.00
0.00
0.00
0.00
0.00
0.00
0.00
0.00
0.00
0.00
0.00
0.00
0.00
0.00
0.00
0.00
0.00
0.00
0.00
0.00
0.00
0.00
0.00
0.00
0.00
0.00
0.00
0.00
0.00
0.00
0.00
0.00
0.00
0.00
0.00
0.00
0.00
0.00
0.00
0.00
0.00
0.00
0.00
0.00
0.00
0.00
0.00
0.00
0.00
0.00
0.00
0.00
0.00
0.00
0.00
0.00
0.00
0.00
0.00
0.00
0.00
0.00
0.00
0.00
0.00
0.00
0.00
0.00
0.00
0.00
0.00
0.00
0.00
146.26
0.00
223.69
0.00
0.00
0.00
144.21
0.00
160.26
0.00
0.00
0.00
0.00
0.00
93.86
0.00
0.00
0.00
0.00
0.00
0.00
0.00
0.00
0.00
0.00
0.00
0.00
0.00
0.00
0.00
0.00
0.00
0.00
0.00
0.00
0.00
0.00
0.00
0.00
0.00
0.00
0.00
0.00
0.00
0.00
0.00
0.00
0.00
0.00
0.00
0.00
0.00
0.00
0.00
0.00
0.00
0.00
0.00
0.00
0.00
0.00
0.00
0.00
0.00
0.00
0.00
0.00
0.00
0.00
0.00
0.00
0.00
0.00
0.00
0.00
0.00
0.00
0.00
0.00
0.00
0.00
0.00
0.00
0.00
0.00
0.00
0.00
0.00
0.00
0.00
0.00
0.00
0.00
0.00
0.00
0.00
0.00
0.00
0.00
0.00
0.00
0.00
0.00
0.00
0.00
0.00
0.00
0.00
0.00
0.00
0.00
0.00
0.00
0.00
0.00
0.00
0.00
0.00
0.00
0.00
0.00
0.00
0.00
329.57
332.82
510.93
0.00
0.00
0.00
236.12
0.00
0.00
0.00
0.00
0.00
138.29
0.00
509.35
0.00
0.00
0.00
0.00
0.00
0.00
0.00
0.00
0.00
0.00
0.00
0.00
0.00
0.00
0.00
0.00
0.00
0.00
0.00
0.00
0.00
0.00
0.00
0.00
0.00
0.00
0.00
0.00
0.00
0.00
0.00
0.00
0.00
0.00
0.00
0.00
0.00
0.00
0.00
0.00
0.00
0.00
0.00
0.00
0.00
0.00
0.00
0.00
0.00
0.00
0.00
0.00
0.00
0.00
0.00
0.00
0.00
0.00
0.00
0.00
0.00
0.00
0.00
0.00
0.00
0.00
0.00
0.00
0.00
0.00
0.00
0.00
0.00
0.00
0.00
0.00
0.00
0.00
0.00
0.00
0.00
0.00
0.00
0.00
0.00
0.00
0.00
0.00
0.00
0.00
0.00
0.00
0.00
0.00
0.00
0.00
0.00
0.00
0.00
0.00
0.00
0.00
0.00
721.70
0.00
0.00
803.78
550.48
0.00
0.00
0.00
0.00
575.87
0.00
0.00
0.00
0.00
0.00
337.28
0.00
0.00
0.00
0.00
0.00
0.00
0.00
0.00
0.00
0.00
0.00
0.00
0.00
0.00
0.00
0.00
0.00
0.00
0.00
0.00
0.00
0.00
0.00
0.00
0.00
0.00
0.00
0.00
0.00
0.00
0.00
0.00
0.00
0.00
0.00
0.00
0.00
0.00
0.00
0.00
0.00
0.00
0.00
0.00
0.00
0.00
0.00
0.00
0.00
0.00
0.00
0.00
0.00
0.00
0.00
0.00
0.00
0.00
0.00
0.00
0.00
0.00
0.00
0.00
0.00
0.00
0.00
0.00
0.00
0.00
0.00
0.00
0.00
0.00
0.00
0.00
0.00
0.00
0.00
0.00
0.00
0.00
0.00
0.00
0.00
0.00
0.00
0.00
0.00
0.00
0.00
0.00
0.00
0.00
0.00
0.00
0.00
0.00
0.00
0.00
0.00
0.00
0.00
0.00
0.00
935.03
0.00
0.00
851.27
0.00
1071.92
543.29
0.00
457.60
609.89
0.00
0.00
0.00
0.00
0.00
357.21
0.00
0.00
0.00
0.00
0.00
0.00
0.00
0.00
0.00
0.00
0.00
0.00
0.00
0.00
0.00
0.00
0.00
0.00
0.00
0.00
0.00
0.00
0.00
0.00
0.00
0.00
0.00
0.00
0.00
0.00
0.00
0.00
0.00
0.00
0.00
0.00
0.00
0.00
0.00
0.00
0.00
0.00
0.00
0.00
0.00
0.00
0.00
0.00
0.00
0.00
0.00
0.00
0.00
0.00
0.00
0.00
0.00
0.00
0.00
0.00
0.00
0.00
0.00
0.00
0.00
0.00
0.00
0.00
0.00
0.00
0.00
0.00
0.00
0.00
0.00
0.00
0.00
0.00
0.00
0.00
0.00
0.00
0.00
0.00
0.00
0.00
0.00
0.00
0.00
0.00
0.00
0.00
0.00
0.00
0.00
0.00
0.00
0.00
0.00
0.00
0.00
0.00
0.00
0.00
0.00
0.00
116.19
0.00
845.00
0.00
0.00
0.00
0.00
0.00
605.41
0.00
712.36
0.00
0.00
0.00
354.58
0.00
0.00
0.00
0.00
0.00
0.00
0.00
0.00
0.00
0.00
0.00
0.00
0.00
0.00
0.00
0.00
0.00
0.00
0.00
0.00
0.00
0.00
0.00
0.00
0.00
0.00
0.00
0.00
0.00
0.00
0.00
0.00
0.00
0.00
0.00
0.00
0.00
0.00
0.00
0.00
0.00
0.00
0.00
0.00
0.00
0.00
0.00
0.00
0.00
0.00
0.00
0.00
0.00
0.00
0.00
0.00
0.00
0.00
0.00
0.00
0.00
0.00
0.00
0.00
0.00
0.00
0.00
0.00
0.00
0.00
0.00
0.00
0.00
0.00
0.00
0.00
0.00
0.00
0.00
0.00
0.00
0.00
0.00
0.00
0.00
0.00
0.00
0.00
0.00
0.00
0.00
0.00
0.00
0.00
0.00
0.00
0.00
0.00
0.00
0.00
0.00
0.00
0.00
0.00
0.00
0.00
0.00
0.00
370.32
0.00
0.00
0.00
1028.40
0.00
265.32
0.00
0.00
0.00
1026.71
0.00
155.40
0.00
0.00
0.00
0.00
0.00
0.00
0.00
0.00
0.00
0.00
0.00
0.00
0.00
0.00
0.00
0.00
0.00
0.00
0.00
0.00
0.00
0.00
0.00
0.00
0.00
0.00
0.00
0.00
0.00
0.00
0.00
0.00
0.00
0.00
0.00
0.00
0.00
0.00
0.00
0.00
0.00
0.00
0.00
0.00
0.00
0.00
0.00
0.00
0.00
0.00
0.00
0.00
0.00
0.00
0.00
0.00
0.00
0.00
0.00
0.00
0.00
0.00
0.00
0.00
0.00
0.00
0.00
0.00
0.00
0.00
0.00
0.00
0.00
0.00
0.00
0.00
0.00
0.00
0.00
0.00
0.00
0.00
0.00
0.00
0.00
0.00
0.00
0.00
0.00
0.00
0.00
0.00
0.00
0.00
0.00
0.00
0.00
0.00
0.00
0.00
0.00
0.00
0.00
0.00
0.00
0.00
0.00
0.00
216.40
0.00
0.00
838.02
0.00
0.00
150.00
0.00
0.00
0.00
0.00
0.00
0.00
0.00
0.00
0.00
0.00
0.00
0.00
0.00
0.00
0.00
0.00
0.00
0.00
0.00
0.00
0.00
0.00
0.00
0.00
0.00
0.00
0.00
0.00
0.00
0.00
0.00
0.00
0.00
0.00
0.00
0.00
0.00
0.00
0.00
0.00
0.00
0.00
0.00
0.00
0.00
0.00
0.00
0.00
0.00
0.00
0.00
0.00
0.00
0.00
0.00
0.00
0.00
0.00
0.00
0.00
0.00
0.00
0.00
0.00
0.00
0.00
0.00
0.00
0.00
0.00
0.00
0.00
0.00
0.00
0.00
0.00
0.00
0.00
0.00
0.00
0.00
0.00
0.00
0.00
0.00
0.00
0.00
0.00
0.00
0.00
0.00
0.00
0.00
0.00
0.00
0.00
0.00
0.00
0.00
0.00
0.00
0.00
0.00
0.00
0.00
0.00
0.00
0.00
0.00
0.00
1031.06
0.00
0.00
0.00
318.83
0.00
0.00
0.00
0.00
0.00
221.00
0.00
83.75
0.00
0.00
0.00
0.00
0.00
0.00
0.00
0.00
0.00
0.00
0.00
0.00
0.00
0.00
0.00
0.00
0.00
0.00
0.00
0.00
0.00
0.00
0.00
0.00
0.00
0.00
0.00
0.00
0.00
0.00
0.00
0.00
0.00
0.00
0.00
0.00
0.00
0.00
0.00
0.00
0.00
0.00
0.00
0.00
0.00
0.00
0.00
0.00
0.00
0.00
0.00
0.00
0.00
0.00
0.00
0.00
0.00
0.00
0.00
0.00
0.00
0.00
0.00
0.00
0.00
0.00
0.00
0.00
0.00
0.00
0.00
0.00
0.00
0.00
0.00
0.00
0.00
0.00
0.00
0.00
0.00
0.00
0.00
0.00
0.00
0.00
0.00
0.00
0.00
0.00
0.00
0.00
0.00
0.00
0.00
0.00
0.00
0.00
0.00
0.00
0.00
0.00
0.00
0.00
0.00
0.00
0.00
0.00
0.00
0.00
0.00
0.00
777.59
0.00
0.00
0.00
0.00
0.00
539.00
0.00
0.00
132.75
0.00
0.00
0.00
0.00
0.00
0.00
0.00
0.00
0.00
0.00
0.00
0.00
0.00
0.00
0.00
0.00
0.00
0.00
0.00
0.00
0.00
0.00
0.00
0.00
0.00
0.00
0.00
0.00
0.00
0.00
0.00
0.00
0.00
0.00
0.00
0.00
0.00
0.00
0.00
0.00
0.00
0.00
0.00
0.00
0.00
0.00
0.00
0.00
0.00
0.00
0.00
0.00
0.00
0.00
0.00
0.00
0.00
0.00
0.00
0.00
0.00
0.00
0.00
0.00
0.00
0.00
0.00
0.00
0.00
0.00
0.00
0.00
0.00
0.00
0.00
0.00
0.00
0.00
0.00
0.00
0.00
0.00
0.00
0.00
0.00
0.00
0.00
0.00
0.00
0.00
0.00
0.00
0.00
0.00
0.00
0.00
0.00
0.00
0.00
0.00
0.00
0.00
0.00
0.00
0.00
0.00
0.00
0.00
0.00
0.00
0.00
823.53
0.00
0.00
461.64
0.00
0.00
570.85
0.00
206.52
0.00
0.00
0.00
0.00
0.00
0.00
0.00
0.00
0.00
0.00
0.00
0.00
0.00
0.00
0.00
0.00
0.00
0.00
0.00
0.00
0.00
0.00
0.00
0.00
0.00
0.00
0.00
0.00
0.00
0.00
0.00
0.00
0.00
0.00
0.00
0.00
0.00
0.00
0.00
0.00
0.00
0.00
0.00
0.00
0.00
0.00
0.00
0.00
0.00
0.00
0.00
0.00
0.00
0.00
0.00
0.00
0.00
0.00
0.00
0.00
0.00
0.00
0.00
0.00
0.00
0.00
0.00
0.00
0.00
0.00
0.00
0.00
0.00
0.00
0.00
0.00
0.00
0.00
0.00
0.00
0.00
0.00
0.00
0.00
0.00
0.00
0.00
0.00
0.00
0.00
0.00
0.00
0.00
0.00
0.00
0.00
0.00
0.00
0.00
0.00
0.00
0.00
0.00
0.00
0.00
0.00
0.00
0.00
515.67
907.88
0.00
0.00
817.47
682.53
29.11
0.00
187.68
0.00
566.65
0.00
0.00
0.00
0.00
0.00
0.00
0.00
0.00
0.00
0.00
0.00
0.00
0.00
0.00
0.00
0.00
0.00
0.00
0.00
0.00
0.00
0.00
0.00
0.00
0.00
0.00
0.00
0.00
0.00
0.00
0.00
0.00
0.00
0.00
0.00
0.00
0.00
0.00
0.00
0.00
0.00
0.00
0.00
0.00
0.00
0.00
0.00
0.00
0.00
0.00
0.00
0.00
0.00
0.00
0.00
0.00
0.00
0.00
0.00
0.00
0.00
0.00
0.00
0.00
0.00
0.00
0.00
0.00
0.00
0.00
0.00
0.00
0.00
0.00
0.00
0.00
0.00
0.00
0.00
0.00
0.00
0.00
0.00
0.00
0.00
0.00
0.00
0.00
0.00
0.00
0.00
0.00
0.00
0.00
0.00
0.00
0.00
0.00
0.00
0.00
0.00
0.00
0.00
0.00
0.00
0.00
0.00
0.00
0.00
0.00
0.00
826.59
0.00
0.00
358.26
0.00
0.00
0.00
0.00
0.00
248.33
0.00
0.00
0.00
0.00
0.00
0.00
0.00
0.00
0.00
0.00
0.00
0.00
0.00
0.00
0.00
0.00
0.00
0.00
0.00
0.00
0.00
0.00
0.00
0.00
0.00
0.00
0.00
0.00
0.00
0.00
0.00
0.00
0.00
0.00
0.00
0.00
0.00
0.00
0.00
0.00
0.00
0.00
0.00
0.00
0.00
0.00
0.00
0.00
0.00
0.00
0.00
0.00
0.00
0.00
0.00
0.00
0.00
0.00
0.00
0.00
0.00
0.00
0.00
0.00
0.00
0.00
0.00
0.00
0.00
0.00
0.00
0.00
0.00
0.00
0.00
0.00
0.00
0.00
0.00
0.00
0.00
0.00
0.00
0.00
0.00
0.00
0.00
0.00
0.00
0.00
0.00
0.00
0.00
0.00
0.00
0.00
0.00
0.00
0.00
0.00
0.00
0.00
0.00
0.00
0.00
0.00
0.00
0.00
0.00
0.00
0.00
0.00
0.00
0.00
86.58
0.00
0.00
0.00
0.00
0.00
0.00
0.00
0.00
0.00
0.00
0.00
0.00
0.00
0.00
0.00
0.00
0.00
0.00
0.00
0.00
0.00
0.00
0.00
0.00
0.00
0.00
0.00
0.00
0.00
0.00
0.00
0.00
0.00
0.00
0.00
0.00
0.00
0.00
0.00
0.00
0.00
0.00
0.00
0.00
0.00
0.00
0.00
0.00
0.00
0.00
0.00
0.00
0.00
0.00
0.00
0.00
0.00
0.00
0.00
0.00
0.00
0.00
0.00
0.00
0.00
0.00
0.00
0.00
0.00
0.00
0.00
0.00
0.00
0.00
0.00
0.00
0.00
0.00
0.00
0.00
0.00
0.00
0.00
0.00
0.00
0.00
0.00
0.00
0.00
0.00
0.00
0.00
0.00
0.00
0.00
0.00
0.00
0.00
0.00
0.00
0.00
0.00
0.00
0.00
0.00
0.00
0.00
0.00
0.00
0.00
0.00
0.00
0.00
0.00
0.00
0.00
0.00
0.00
0.00
0.00
127.56
0.00
0.00
0.00
0.00
0.00
0.00
0.00
0.00
0.00
0.00
0.00
0.00
0.00
0.00
0.00
0.00
0.00
0.00
0.00
0.00
0.00
0.00
0.00
0.00
0.00
0.00
0.00
0.00
0.00
0.00
0.00
0.00
0.00
0.00
0.00
0.00
0.00
0.00
0.00
0.00
0.00
0.00
0.00
0.00
0.00
0.00
0.00
0.00
0.00
0.00
0.00
0.00
0.00
0.00
0.00
0.00
0.00
0.00
0.00
0.00
0.00
0.00
0.00
0.00
0.00
0.00
0.00
0.00
0.00
0.00
0.00
0.00
0.00
0.00
0.00
0.00
0.00
0.00
0.00
0.00
0.00
0.00
0.00
0.00
0.00
0.00
0.00
0.00
0.00
0.00
0.00
0.00
0.00
0.00
0.00
0.00
0.00
0.00
0.00
0.00
0.00
0.00
0.00
0.00
0.00
0.00
0.00
0.00
0.00
0.00
0.00
0.00
0.00
0.00
0.00
0.00
0.00
0.00
0.00
0.00
311.09
0.00
0.00
0.00
0.00
0.00
0.00
0.00
0.00
0.00
0.00
0.00
0.00
0.00
0.00
0.00
0.00
0.00
0.00
0.00
0.00
0.00
0.00
0.00
0.00
0.00
0.00
0.00
0.00
0.00
0.00
0.00
0.00
0.00
0.00
0.00
0.00
0.00
0.00
0.00
0.00
0.00
0.00
0.00
0.00
0.00
0.00
0.00
0.00
0.00
0.00
0.00
0.00
0.00
0.00
0.00
0.00
0.00
0.00
0.00
0.00
0.00
0.00
0.00
0.00
0.00
0.00
0.00
0.00
0.00
0.00
0.00
0.00
0.00
0.00
0.00
0.00
0.00
0.00
0.00
0.00
0.00
0.00
0.00
0.00
0.00
0.00
0.00
0.00
0.00
0.00
0.00
0.00
0.00
0.00
0.00
0.00
0.00
0.00
0.00
0.00
0.00
0.00
0.00
0.00
0.00
0.00
0.00
0.00
0.00
0.00
0.00
0.00
0.00
0.00
0.00
0.00
0.00
0.00
0.00
0.00
329.47
0.00
0.00
0.00
0.00
0.00
0.00
0.00
0.00
0.00
0.00
0.00
0.00
0.00
0.00
0.00
0.00
0.00
0.00
0.00
0.00
0.00
0.00
0.00
0.00
0.00
0.00
0.00
0.00
0.00
0.00
0.00
0.00
0.00
0.00
0.00
0.00
0.00
0.00
0.00
0.00
0.00
0.00
0.00
0.00
0.00
0.00
0.00
0.00
0.00
0.00
0.00
0.00
0.00
0.00
0.00
0.00
0.00
0.00
0.00
0.00
0.00
0.00
0.00
0.00
0.00
0.00
0.00
0.00
0.00
0.00
0.00
0.00
0.00
0.00
0.00
0.00
0.00
0.00
0.00
0.00
0.00
0.00
0.00
0.00
0.00
0.00
0.00
0.00
0.00
0.00
0.00
0.00
0.00
0.00
0.00
0.00
0.00
0.00
0.00
0.00
0.00
0.00
0.00
0.00
0.00
0.00
0.00
0.00
0.00
0.00
0.00
0.00
0.00
0.00
0.00
0.00
0.00
0.00
0.00
0.00
327.05
0.00
0.00
0.00
0.00
0.00
0.00
0.00
0.00
0.00
0.00
0.00
0.00
0.00
0.00
0.00
0.00
0.00
0.00
0.00
0.00
0.00
0.00
0.00
0.00
0.00
0.00
0.00
0.00
0.00
0.00
0.00
0.00
0.00
0.00
0.00
0.00
0.00
0.00
0.00
0.00
0.00
0.00
0.00
0.00
0.00
0.00
0.00
0.00
0.00
0.00
0.00
0.00
0.00
0.00
0.00
0.00
0.00
0.00
0.00
0.00
0.00
0.00
0.00
0.00
0.00
0.00
0.00
0.00
0.00
0.00
0.00
0.00
0.00
0.00
0.00
0.00
0.00
0.00
0.00
0.00
0.00
0.00
0.00
0.00
0.00
0.00
0.00
0.00
0.00
0.00
0.00
0.00
0.00
0.00
0.00
0.00
0.00
0.00
0.00
0.00
0.00
0.00
0.00
0.00
0.00
0.00
0.00
0.00
0.00
0.00
0.00
0.00
0.00
0.00
0.00
0.00
0.00
0.00
0.00
0.00
143.33
0.00
0.00
0.00
0.00
0.00
0.00
0.00
0.00
0.00
0.00
0.00
0.00
0.00
0.00
0.00
0.00
0.00
0.00
0.00
0.00
0.00
0.00
0.00
0.00
0.00
0.00
0.00
0.00
0.00
0.00
0.00
0.00
0.00
0.00
0.00
0.00
0.00
0.00
0.00
0.00
0.00
0.00
0.00
0.00
0.00
0.00
0.00
0.00
0.00
0.00
0.00
0.00
0.00
0.00
0.00
0.00
0.00
0.00
0.00
0.00
0.00
0.00
0.00
0.00
0.00
0.00
0.00
0.00
0.00
0.00
0.00
0.00
0.00
0.00
0.00
0.00
0.00
0.00
0.00
0.00
0.00
0.00
0.00
0.00
0.00
0.00
0.00
0.00
0.00
0.00
0.00
0.00
0.00
0.00
0.00
0.00
0.00
0.00
0.00
0.00
0.00
0.00
0.00
0.00
0.00
0.00
0.00
0.00
0.00
0.00
0.00
0.00
0.00
0.00
0.00
0.00
0.00
0.00
0.00
0.00
0.00
0.00
0.00
0.00
0.00
0.00
0.00
0.00
0.00
0.00
0.00
0.00
0.00
0.00
0.00
0.00
0.00
0.00
0.00
0.00
0.00
0.00
0.00
0.00
0.00
0.00
0.00
0.00
0.00
0.00
0.00
0.00
0.00
0.00
0.00
0.00
0.00
0.00
0.00
0.00
0.00
0.00
0.00
0.00
0.00
0.00
0.00
0.00
0.00
0.00
0.00
0.00
0.00
0.00
0.00
0.00
0.00
0.00
0.00
0.00
0.00
0.00
0.00
0.00
0.00
0.00
0.00
0.00
0.00
0.00
0.00
0.00
0.00
0.00
0.00
0.00
0.00
0.00
0.00
0.00
0.00
0.00
0.00
0.00
0.00
0.00
0.00
0.00
0.00
0.00
0.00
0.00
0.00
0.00
0.00
0.00
0.00
0.00
0.00
0.00
0.00
0.00
0.00
0.00
0.00
0.00
0.00
0.00
0.00
0.00
0.00
0.00
0.00
0.00
0.00
0.00
0.00
0.00
0.00
523.68
0.00
0.00
0.00
0.00
0.00
0.00
0.00
0.00
0.00
0.00
0.00
0.00
0.00
0.00
0.00
0.00
0.00
0.00
0.00
0.00
0.00
0.00
0.00
0.00
0.00
0.00
0.00
0.00
0.00
0.00
0.00
0.00
0.00
0.00
0.00
0.00
0.00
0.00
0.00
0.00
0.00
0.00
0.00
0.00
0.00
0.00
0.00
0.00
0.00
0.00
0.00
0.00
0.00
0.00
0.00
0.00
0.00
0.00
0.00
0.00
0.00
0.00
0.00
0.00
0.00
0.00
0.00
0.00
0.00
0.00
0.00
0.00
0.00
0.00
0.00
0.00
0.00
0.00
0.00
0.00
0.00
0.00
0.00
0.00
0.00
0.00
0.00
0.00
0.00
0.00
0.00
0.00
0.00
0.00
0.00
0.00
0.00
0.00
0.00
0.00
0.00
0.00
0.00
0.00
0.00
0.00
0.00
0.00
0.00
0.00
0.00
0.00
0.00
0.00
0.00
0.00
0.00
0.00
0.00
0.00
0.00
0.00
0.00
0.00
0.00
0.00
0.00
0.00
0.00
0.00
0.00
0.00
0.00
0.00
0.00
0.00
0.00
0.00
0.00
0.00
0.00
0.00
0.00
0.00
0.00
0.00
0.00
0.00
0.00
0.00
0.00
0.00
0.00
0.00
0.00
0.00
0.00
0.00
0.00
0.00
0.00
0.00
0.00
0.00
0.00
0.00
0.00
0.00
0.00
0.00
0.00
0.00
0.00
0.00
0.00
0.00
0.00
0.00
0.00
0.00
0.00
0.00
0.00
0.00
0.00
0.00
0.00
0.00
0.00
0.00
0.00
0.00
0.00
0.00
0.00
0.00
0.00
0.00
0.00
0.00
0.00
0.00
0.00
0.00
0.00
0.00
0.00
0.00
0.00
0.00
0.00
0.00
0.00
0.00
0.00
0.00
0.00
0.00
0.00
0.00
0.00
0.00
0.00
0.00
0.00
0.00
0.00
0.00
0.00
0.00
0.00
0.00
0.00
0.00
0.00
0.00
0.00
0.00
0.00
0.00
0.00
0.00
0.00
0.00
0.00
0.00
0.00
0.00
0.00
0.00
0.00
0.00
0.00
0.00
0.00
0.00
0.00
0.00
0.00
0.00
0.00
0.00
0.00
0.00
0.00
0.00
0.00
0.00
0.00
0.00
0.00
0.00
0.00
0.00
0.00
0.00
0.00
0.00
0.00
0.00
0.00
0.00
0.00
0.00
0.00
0.00
0.00
0.00
0.00
0.00
0.00
0.00
0.00
0.00
0.00
0.00
0.00
0.00
0.00
0.00
0.00
0.00
0.00
0.00
0.00
0.00
0.00
0.00
0.00
0.00
0.00
0.00
0.00
0.00
0.00
0.00
0.00
0.00
0.00
0.00
0.00
0.00
0.00
0.00
0.00
0.00
0.00
0.00
0.00
0.00
0.00
0.00
0.00
0.00
0.00
0.00
0.00
0.00
0.00
0.00
0.00
0.00
0.00
0.00
0.00
0.00
0.00
0.00
0.00
0.00
0.00
0.00
0.00
0.00
0.00
0.00
0.00
0.00
0.00
0.00
0.00
0.00
0.00
0.00
0.00
0.00
0.00
0.00
0.00
0.00
0.00
0.00
0.00
0.00
0.00
0.00
0.00
0.00
0.00
0.00
0.00
0.00
0.00
0.00
0.00
0.00
0.00
0.00
0.00
0.00
0.00
0.00
0.00
0.00
0.00
0.00
0.00
0.00
0.00
0.00
0.00
0.00
0.00
0.00
0.00
0.00
0.00
0.00
0.00
0.00
0.00
0.00
0.00
0.00
0.00
0.00
0.00
0.00
0.00
0.00
0.00
0.00
0.00
0.00
0.00
0.00
0.00
0.00
0.00
0.00
0.00
0.00
0.00
0.00
0.00
0.00
0.00
0.00
0.00
0.00
0.00
0.00
0.00
0.00
0.00
0.00
0.00
0.00
0.00
0.00
0.00
0.00
0.00
0.00
0.00
0.00
0.00
0.00
0.00
0.00
0.00
0.00
0.00
0.00
0.00
0.00
0.00
0.00
0.00
0.00
0.00
0.00
0.00
0.00
0.00
0.00
0.00
0.00
0.00
0.00
