0.00
0.00
0.00
602.04
0.00
0.00
658.03
780.01
141.48
583.93
0.00
166.27
575.40
985.21
0.00
823.41
0.00
0.00
840.46
240.83
116.78
774.66
0.00
0.00
641.54
122.63
0.00
445.45
0.00
0.00
475.36
0.00
0.00
376.30
266.49
0.00
669.77
0.00
0.00
706.06
0.00
0.00
520.19
0.00
0.00
824.26
153.14
0.00
643.76
0.00
0.00
845.48
0.00
0.00
617.57
0.00
0.00
378.98
271.54
0.00
413.85
0.00
0.00
447.51
0.00
0.00
0.00
0.00
0.00
1026.90
637.61
0.00
719.73
696.90
885.17
0.00
618.43
0.00
0.00
609.39
0.00
0.00
872.06
0.00
0.00
890.11
0.00
0.00
820.42
0.00
0.00
679.44
233.53
868.48
471.76
579.63
0.00
503.44
0.00
0.00
398.53
0.00
0.00
709.34
0.00
0.00
747.78
0.00
0.00
550.92
0.00
0.00
872.96
309.48
0.00
681.79
457.68
0.00
895.42
0.00
0.00
654.05
0.00
0.00
401.37
0.00
0.00
438.30
0.00
0.00
473.95
0.00
0.00
0.00
0.00
0.00
0.00
632.92
731.49
0.00
691.77
0.00
0.00
613.88
0.00
0.00
604.91
0.00
0.00
865.64
0.00
0.00
883.56
882.94
0.00
814.39
0.00
0.00
674.44
206.91
0.00
468.29
0.00
0.00
499.74
607.47
0.00
395.60
0.00
0.00
704.12
0.00
586.97
742.28
393.17
0.00
546.87
0.00
0.00
866.54
0.00
0.00
676.77
0.00
0.00
888.84
0.00
0.00
649.24
673.60
0.00
398.41
0.00
0.00
435.07
0.00
0.00
470.46
0.00
0.00
0.00
0.00
0.00
0.00
574.62
0.00
0.00
500.52
0.00
0.00
491.99
0.00
0.00
740.00
0.00
0.00
757.04
0.00
0.00
691.25
0.00
492.46
558.13
0.00
0.00
362.04
0.00
841.46
391.94
0.00
0.00
292.89
0.00
0.00
586.36
0.00
0.00
622.65
0.00
0.00
436.78
539.03
0.00
740.85
0.00
0.00
560.34
0.00
0.00
762.06
0.00
0.00
534.16
0.00
166.81
295.57
0.00
0.00
330.44
0.00
0.00
364.10
0.00
0.00
0.00
0.00
0.00
0.00
0.00
0.00
986.43
608.56
0.00
0.00
530.09
403.86
0.00
521.05
0.00
0.00
783.72
695.88
0.00
801.77
728.52
0.00
732.09
761.76
0.00
591.10
0.00
699.24
383.42
0.00
0.00
415.10
662.54
0.00
310.19
0.00
803.19
621.00
0.00
697.56
659.44
0.00
0.00
462.58
0.00
0.00
784.62
0.00
759.24
593.45
0.00
0.00
807.09
612.99
0.00
565.71
0.00
0.00
313.03
0.00
0.00
349.96
0.00
1057.12
385.61
0.00
0.00
0.00
0.00
0.00
0.00
0.00
0.00
0.00
604.09
0.00
0.00
526.19
0.00
0.00
517.22
0.00
0.00
777.96
213.45
0.00
795.87
0.00
1024.65
726.70
0.00
0.00
586.75
0.00
0.00
380.60
0.00
0.00
412.05
0.00
0.00
307.91
0.00
414.05
616.43
0.00
0.00
654.59
664.52
0.00
459.18
0.00
0.00
778.85
0.00
0.00
589.08
0.00
0.00
801.15
0.00
0.00
561.55
0.00
0.00
310.73
0.00
0.00
347.38
477.33
0.00
382.77
0.00
0.00
0.00
0.00
0.00
0.00
0.00
0.00
0.00
556.51
0.00
0.00
547.97
666.45
0.00
795.99
569.80
0.00
813.03
0.00
620.40
747.23
0.00
341.62
614.11
0.00
0.00
418.02
0.00
0.00
447.93
0.00
0.00
348.88
0.00
0.00
642.34
328.05
0.00
678.64
1031.64
218.61
492.77
0.00
0.00
796.84
0.00
0.00
616.33
0.00
0.00
818.05
0.00
0.00
590.14
534.75
0.00
351.55
0.00
190.24
386.42
222.40
0.00
420.09
0.00
0.00
0.00
0.00
0.00
0.00
0.00
0.00
0.00
0.00
238.20
0.00
589.39
0.00
560.34
580.35
171.00
0.00
843.01
0.00
0.00
861.06
0.00
0.00
791.38
0.00
0.00
650.39
0.00
0.00
442.72
0.00
0.00
474.39
448.41
201.06
369.49
0.00
0.00
680.29
532.80
0.00
718.73
0.00
348.70
521.88
0.00
0.00
843.91
0.00
0.00
652.74
0.00
0.00
866.38
0.00
0.00
625.01
0.00
0.00
372.32
0.00
0.00
409.25
0.00
472.66
444.90
0.00
0.00
0.00
0.00
0.00
0.00
0.00
0.00
0.00
0.00
1025.68
0.00
585.05
0.00
0.00
576.08
0.00
1023.25
836.81
0.00
0.00
854.73
867.43
0.00
785.56
0.00
110.27
645.61
0.00
0.00
439.46
0.00
0.00
470.90
0.00
0.00
366.77
1005.70
0.00
675.29
0.00
0.00
713.45
967.45
1059.93
518.04
0.00
1008.20
837.71
0.00
0.00
647.94
0.00
0.00
860.01
0.00
0.00
620.41
0.00
0.00
369.58
0.00
0.00
406.24
0.00
0.00
441.63
0.00
0.00
0.00
0.00
0.00
0.00
0.00
0.00
0.00
0.00
0.00
0.00
473.88
653.39
0.00
721.90
0.00
0.00
738.94
0.00
0.00
673.14
0.00
651.14
540.02
0.00
0.00
343.93
0.00
0.00
373.84
0.00
0.00
274.78
0.00
337.08
568.25
0.00
0.00
604.55
124.96
550.03
418.67
0.00
0.00
722.75
0.00
0.00
542.24
0.00
0.00
743.96
0.00
0.00
516.05
0.00
0.00
277.46
0.00
0.00
312.33
263.51
0.00
345.99
0.00
494.33
0.00
0.00
0.00
0.00
0.00
0.00
0.00
0.00
0.00
0.00
0.00
0.00
0.00
501.88
845.10
0.00
764.55
0.00
0.00
782.59
0.00
0.00
712.91
0.00
0.00
571.92
0.00
0.00
364.25
0.00
0.00
395.92
0.00
0.00
291.02
0.00
511.68
601.82
0.00
0.00
640.26
553.39
0.00
443.41
0.00
642.18
765.44
280.89
0.00
574.27
712.93
0.00
787.91
0.00
0.00
546.54
0.00
596.27
293.85
748.75
0.00
330.78
0.00
0.00
366.43
0.00
0.00
0.00
0.00
0.00
0.00
0.00
0.00
0.00
0.00
0.00
0.00
0.00
0.00
934.40
498.19
0.00
295.46
758.92
0.00
0.00
776.84
260.87
893.96
707.67
0.00
0.00
567.72
0.00
919.86
361.57
329.17
137.77
393.01
0.00
0.00
288.88
0.00
0.00
597.40
0.00
0.00
635.55
0.00
0.00
440.15
0.00
0.00
759.81
0.00
0.00
570.05
0.00
0.00
782.12
0.00
0.00
542.52
0.00
0.00
291.69
286.83
0.00
328.35
0.00
0.00
363.74
0.00
0.00
0.00
0.00
0.00
0.00
0.00
0.00
0.00
0.00
0.00
0.00
0.00
0.00
0.00
713.36
0.00
0.00
730.40
846.34
0.00
664.61
926.90
0.00
531.49
0.00
0.00
335.40
0.00
0.00
365.30
0.00
0.00
266.25
0.00
0.00
559.72
676.07
1068.15
596.01
0.00
0.00
410.14
0.00
0.00
714.21
0.00
0.00
533.70
0.00
366.37
735.42
0.00
1011.06
507.52
0.00
0.00
268.93
0.00
0.00
303.79
0.00
0.00
337.46
662.59
0.00
0.00
0.00
0.00
0.00
0.00
0.00
0.00
0.00
0.00
0.00
0.00
0.00
0.00
0.00
0.00
0.00
755.51
0.00
0.00
773.55
0.00
0.00
703.87
0.00
1064.28
562.89
0.00
0.00
355.21
0.00
0.00
386.89
0.00
911.51
281.98
0.00
0.00
592.78
0.00
0.00
631.22
1027.56
0.00
434.37
0.00
0.00
756.40
0.00
0.00
565.23
772.77
0.00
778.87
0.00
0.00
537.50
0.00
0.00
284.81
134.67
0.00
321.74
0.00
0.00
357.40
0.00
0.00
0.00
0.00
0.00
0.00
0.00
0.00
0.00
0.00
0.00
0.00
0.00
0.00
0.00
0.00
0.00
0.00
749.95
0.00
0.00
767.87
0.00
0.00
698.69
0.00
0.00
558.75
0.00
0.00
352.60
0.00
208.69
384.04
0.00
0.00
279.90
778.64
441.88
588.42
0.00
0.00
626.58
185.83
0.00
431.17
0.00
0.00
750.84
719.21
545.59
561.08
137.83
0.00
773.14
801.09
216.39
533.55
0.00
0.00
282.72
0.00
0.00
319.38
0.00
0.00
354.77
0.00
0.00
0.00
0.00
0.00
0.00
0.00
0.00
0.00
0.00
0.00
0.00
0.00
0.00
0.00
0.00
0.00
359.74
978.42
733.03
0.00
912.62
0.00
534.53
779.50
0.00
87.50
583.41
0.00
0.00
613.32
0.00
142.39
514.26
141.26
0.00
807.73
0.00
0.00
844.03
0.00
0.00
658.15
0.00
0.00
962.23
719.93
0.00
781.72
0.00
0.00
983.44
0.00
0.00
755.53
0.00
83.32
516.94
0.00
0.00
551.81
989.97
0.00
585.47
852.32
519.19
0.00
0.00
0.00
0.00
0.00
0.00
0.00
0.00
0.00
0.00
0.00
0.00
0.00
0.00
0.00
0.00
0.00
0.00
0.00
1036.22
0.00
0.00
966.54
0.00
0.00
825.55
0.00
0.00
617.88
1068.51
0.00
649.55
0.00
0.00
544.64
0.00
0.00
855.45
0.00
0.00
893.89
0.00
892.01
697.04
0.00
0.00
1019.07
0.00
0.00
827.90
0.00
66.83
1041.54
0.00
0.00
800.17
758.63
0.00
547.48
0.00
412.45
584.41
0.00
0.00
620.06
0.00
0.00
0.00
0.00
0.00
0.00
0.00
0.00
0.00
0.00
0.00
0.00
0.00
0.00
0.00
0.00
0.00
0.00
0.00
0.00
0.00
1028.60
0.00
0.00
959.43
0.00
766.51
819.48
0.00
0.00
613.33
0.00
0.00
644.77
0.00
474.25
540.64
0.00
928.73
849.16
0.00
0.00
887.32
0.00
0.00
691.91
0.00
0.00
1011.58
89.16
0.00
821.81
0.00
1035.88
1033.88
113.12
0.00
794.28
0.00
0.00
543.45
0.00
0.00
580.11
742.77
0.00
615.50
0.00
0.00
0.00
0.00
0.00
0.00
0.00
0.00
0.00
0.00
0.00
0.00
0.00
0.00
0.00
0.00
0.00
0.00
0.00
0.00
0.00
929.66
1074.00
265.57
796.54
0.00
951.75
600.45
0.00
0.00
630.36
0.00
0.00
531.30
777.10
0.00
824.77
0.00
0.00
861.07
0.00
0.00
675.19
964.82
1057.42
979.27
0.00
0.00
798.76
0.00
0.00
1000.48
0.00
0.00
772.57
0.00
0.00
533.98
527.16
0.00
568.85
0.00
963.65
602.51
0.00
0.00
0.00
0.00
0.00
0.00
0.00
0.00
0.00
0.00
0.00
0.00
0.00
0.00
0.00
0.00
0.00
0.00
0.00
0.00
0.00
0.00
0.00
0.00
984.59
0.00
0.00
843.60
987.62
0.00
635.92
0.00
0.00
667.60
0.00
0.00
562.69
0.00
0.00
873.50
0.00
0.00
911.94
0.00
919.58
715.08
217.12
535.44
1037.12
0.00
0.00
845.95
0.00
0.00
1059.59
0.00
0.00
818.21
0.00
0.00
565.53
0.00
0.00
602.46
0.00
745.93
638.11
0.00
0.00
0.00
0.00
0.00
0.00
0.00
0.00
0.00
0.00
0.00
0.00
0.00
0.00
0.00
0.00
0.00
0.00
0.00
0.00
0.00
0.00
0.00
0.00
977.34
977.32
0.00
837.40
0.00
0.00
631.25
0.00
0.00
662.69
0.00
0.00
558.55
0.00
0.00
867.07
0.00
0.00
905.23
0.00
0.00
709.82
0.00
0.00
1029.49
0.00
0.00
839.73
553.22
0.00
1051.79
0.00
0.00
812.20
0.00
0.00
561.37
0.00
0.00
598.03
0.00
226.92
633.42
0.00
0.00
0.00
0.00
0.00
0.00
0.00
0.00
0.00
0.00
0.00
0.00
0.00
0.00
0.00
0.00
0.00
0.00
0.00
0.00
0.00
0.00
0.00
539.22
730.75
642.68
0.00
534.66
433.06
0.00
564.56
0.00
73.19
465.51
0.00
766.48
758.98
0.00
0.00
795.27
720.71
196.53
609.40
0.00
0.00
913.47
0.00
0.00
732.96
639.89
282.86
934.68
0.00
0.00
706.78
0.00
0.00
468.19
0.00
0.00
503.05
0.00
908.44
536.72
0.00
0.00
0.00
0.00
0.00
0.00
0.00
0.00
0.00
0.00
0.00
0.00
0.00
0.00
0.00
0.00
0.00
0.00
0.00
0.00
0.00
0.00
0.00
0.00
0.00
0.00
470.41
773.92
83.29
0.00
566.24
503.51
280.30
597.92
0.00
0.00
493.01
430.72
0.00
803.82
0.00
0.00
842.26
0.00
0.00
645.40
0.00
0.00
967.44
0.00
105.72
776.27
0.00
0.00
989.90
0.00
0.00
748.53
0.00
0.00
495.85
0.00
0.00
532.77
0.00
0.00
568.43
0.00
0.00
0.00
0.00
0.00
0.00
0.00
0.00
0.00
0.00
0.00
0.00
0.00
0.00
0.00
0.00
0.00
0.00
0.00
0.00
0.00
0.00
0.00
0.00
0.00
0.00
0.00
768.23
0.00
0.00
562.08
0.00
0.00
593.52
0.00
0.00
489.38
676.99
0.00
797.90
0.00
0.00
836.06
998.45
0.00
640.65
0.00
0.00
960.32
0.00
0.00
770.56
0.00
520.53
982.62
333.18
0.00
743.03
0.00
0.00
492.20
0.00
0.00
528.86
153.35
0.00
564.25
0.00
0.00
0.00
0.00
0.00
0.00
0.00
0.00
0.00
0.00
0.00
0.00
0.00
0.00
0.00
0.00
0.00
0.00
0.00
0.00
0.00
0.00
0.00
0.00
0.00
0.00
0.00
401.53
0.00
67.05
431.44
0.00
0.00
332.39
270.02
0.00
625.86
230.76
0.00
662.15
0.00
0.00
476.28
0.00
0.00
780.35
0.00
0.00
599.84
0.00
0.00
801.56
779.94
0.00
573.65
0.00
0.00
335.07
0.00
0.00
369.93
0.00
0.00
403.60
0.00
0.00
0.00
0.00
0.00
0.00
0.00
0.00
0.00
0.00
0.00
0.00
0.00
0.00
0.00
0.00
0.00
0.00
0.00
0.00
0.00
0.00
0.00
0.00
0.00
0.00
0.00
0.00
0.00
809.12
425.26
0.00
891.41
456.93
0.00
0.00
352.02
152.48
0.00
662.83
0.00
0.00
701.27
0.00
614.73
504.41
0.00
0.00
826.45
0.00
0.00
635.28
0.00
0.00
848.92
1014.04
0.00
607.54
0.00
0.00
354.86
0.00
0.00
391.79
730.11
0.00
427.44
0.00
0.00
0.00
0.00
0.00
0.00
0.00
0.00
0.00
0.00
0.00
0.00
0.00
0.00
0.00
0.00
0.00
0.00
0.00
0.00
0.00
0.00
0.00
0.00
0.00
0.00
0.00
0.00
1003.68
0.00
422.13
0.00
0.00
453.57
0.00
0.00
349.43
0.00
0.00
657.95
0.00
0.00
696.11
0.00
0.00
500.70
0.00
0.00
820.37
0.00
0.00
630.61
0.00
0.00
842.67
0.00
1039.89
603.08
0.00
0.00
352.25
0.00
0.00
388.91
223.42
0.00
424.30
0.00
0.00
0.00
0.00
0.00
0.00
0.00
0.00
0.00
0.00
0.00
0.00
0.00
0.00
0.00
0.00
0.00
0.00
0.00
0.00
0.00
0.00
0.00
0.00
0.00
0.00
0.00
0.00
0.00
291.19
235.35
325.18
0.00
136.30
0.00
0.00
429.76
0.00
532.60
466.06
898.48
0.00
280.19
665.59
0.00
584.26
943.42
0.00
403.75
0.00
0.00
605.47
0.00
0.00
377.56
0.00
0.00
138.97
0.00
0.00
173.84
0.00
782.64
207.51
0.00
0.00
0.00
0.00
0.00
0.00
0.00
0.00
0.00
0.00
0.00
0.00
0.00
0.00
0.00
0.00
0.00
0.00
0.00
0.00
0.00
0.00
0.00
0.00
0.00
0.00
0.00
0.00
0.00
0.00
0.00
0.00
0.00
249.26
956.82
0.00
144.35
0.00
0.00
455.15
0.00
0.00
493.59
0.00
0.00
296.74
527.67
0.00
618.77
566.84
343.10
427.60
0.00
0.00
641.24
981.84
90.24
399.87
0.00
0.00
147.18
0.00
0.00
184.11
0.00
0.00
219.77
0.00
0.00
0.00
0.00
0.00
0.00
0.00
0.00
0.00
0.00
0.00
0.00
0.00
0.00
0.00
0.00
0.00
0.00
0.00
0.00
0.00
0.00
0.00
0.00
0.00
0.00
0.00
0.00
0.00
0.00
0.00
0.00
0.00
247.42
0.00
0.00
143.29
0.00
0.00
451.81
0.00
0.00
489.96
0.00
0.00
294.56
0.00
0.00
614.22
0.00
0.00
424.46
0.00
0.00
636.53
0.00
1034.84
396.93
0.00
0.00
146.10
290.69
0.00
182.76
0.00
885.58
218.15
0.00
0.00
0.00
0.00
0.00
0.00
0.00
0.00
0.00
0.00
0.00
0.00
0.00
0.00
0.00
0.00
0.00
0.00
0.00
0.00
0.00
0.00
0.00
0.00
0.00
0.00
0.00
0.00
0.00
0.00
0.00
0.00
0.00
166.20
0.00
0.00
459.67
0.00
0.00
495.97
679.96
0.00
310.10
141.23
390.44
614.17
0.00
0.00
433.66
0.00
417.00
635.38
268.25
0.00
407.47
0.00
0.00
168.88
980.74
0.00
203.75
678.81
0.00
237.42
624.01
0.00
0.00
0.00
0.00
0.00
0.00
0.00
0.00
0.00
0.00
0.00
0.00
0.00
0.00
0.00
0.00
0.00
0.00
0.00
0.00
0.00
0.00
0.00
0.00
0.00
0.00
0.00
0.00
0.00
0.00
0.00
0.00
0.00
838.54
0.00
176.02
0.00
0.00
486.83
0.00
0.00
525.27
998.59
0.00
328.42
0.00
0.00
650.45
1008.73
0.00
459.28
0.00
0.00
672.92
0.00
0.00
431.54
0.00
0.00
178.86
0.00
0.00
215.79
0.00
0.00
251.44
0.00
0.00
0.00
0.00
0.00
0.00
0.00
0.00
0.00
0.00
0.00
0.00
0.00
0.00
0.00
0.00
0.00
0.00
0.00
0.00
0.00
0.00
0.00
0.00
0.00
0.00
0.00
0.00
0.00
0.00
0.00
0.00
0.00
0.00
0.00
0.00
174.73
0.00
0.00
483.25
0.00
0.00
521.41
0.00
0.00
326.00
256.10
0.00
645.67
0.00
0.00
455.90
414.82
0.00
667.97
0.00
286.78
428.37
0.00
0.00
177.54
0.00
0.00
214.20
0.00
0.00
249.59
0.00
0.00
0.00
0.00
0.00
0.00
0.00
0.00
0.00
0.00
0.00
0.00
0.00
0.00
0.00
0.00
0.00
0.00
0.00
0.00
0.00
0.00
0.00
0.00
0.00
0.00
0.00
0.00
0.00
0.00
0.00
0.00
0.00
0.00
0.00
0.00
360.62
0.00
0.00
396.91
0.00
1040.07
211.04
717.78
947.55
515.11
0.00
0.00
334.60
0.00
0.00
536.32
0.00
0.00
308.42
0.00
0.00
69.83
0.00
0.00
104.70
0.00
0.00
138.36
890.83
0.00
0.00
0.00
0.00
0.00
0.00
0.00
0.00
0.00
0.00
0.00
0.00
0.00
0.00
0.00
0.00
0.00
0.00
0.00
0.00
0.00
0.00
0.00
0.00
0.00
0.00
0.00
0.00
0.00
0.00
0.00
0.00
0.00
0.00
0.00
0.00
0.00
846.45
381.92
679.88
273.69
420.36
781.54
0.00
223.51
954.43
0.00
545.54
886.83
889.32
354.37
0.00
0.00
568.01
0.00
0.00
326.64
0.00
0.00
73.95
0.00
460.28
110.88
0.00
0.00
146.53
0.00
0.00
0.00
0.00
0.00
0.00
0.00
0.00
0.00
0.00
0.00
0.00
0.00
0.00
0.00
0.00
0.00
0.00
0.00
0.00
0.00
0.00
0.00
0.00
0.00
0.00
0.00
0.00
0.00
0.00
0.00
0.00
0.00
0.00
0.00
0.00
0.00
354.01
0.00
379.11
0.00
0.00
417.27
0.00
0.00
221.86
0.00
0.00
541.53
0.00
975.94
351.77
0.00
0.00
563.83
0.00
632.64
324.23
0.00
169.66
73.41
0.00
0.00
110.07
0.00
0.00
145.46
0.00
0.00
0.00
0.00
0.00
0.00
0.00
0.00
0.00
0.00
0.00
0.00
0.00
0.00
0.00
0.00
0.00
0.00
0.00
0.00
0.00
0.00
0.00
0.00
0.00
0.00
0.00
0.00
0.00
0.00
0.00
0.00
0.00
0.00
0.00
0.00
0.00
0.00
0.00
690.38
258.41
0.00
504.51
0.00
0.00
808.58
0.00
0.00
628.07
0.00
0.00
829.79
0.00
0.00
601.89
0.00
0.00
363.30
0.00
0.00
398.16
0.00
0.00
431.83
0.00
0.00
0.00
0.00
0.00
0.00
0.00
0.00
0.00
0.00
0.00
0.00
0.00
0.00
0.00
0.00
0.00
0.00
0.00
0.00
0.00
0.00
0.00
0.00
0.00
0.00
0.00
0.00
0.00
0.00
0.00
0.00
0.00
0.00
0.00
0.00
0.00
0.00
0.00
0.00
0.00
0.00
731.17
0.00
0.00
534.31
0.00
0.00
856.35
0.00
0.00
665.18
0.00
194.14
878.82
0.00
0.00
637.44
0.00
0.00
384.76
0.00
0.00
421.69
0.00
0.00
457.34
0.00
0.00
0.00
0.00
0.00
0.00
0.00
0.00
0.00
0.00
0.00
0.00
0.00
0.00
0.00
0.00
0.00
0.00
0.00
0.00
0.00
0.00
0.00
0.00
0.00
0.00
0.00
0.00
0.00
0.00
0.00
0.00
0.00
0.00
0.00
0.00
0.00
0.00
0.00
0.00
421.65
1002.24
725.79
959.38
0.00
530.38
0.00
0.00
850.05
0.00
0.00
660.29
0.00
0.00
872.35
0.00
0.00
632.75
0.00
0.00
381.93
545.37
0.00
418.59
798.91
0.00
453.98
0.00
0.00
0.00
0.00
0.00
0.00
0.00
0.00
0.00
0.00
0.00
0.00
0.00
0.00
0.00
0.00
0.00
0.00
0.00
0.00
0.00
0.00
0.00
0.00
0.00
0.00
0.00
0.00
0.00
0.00
0.00
0.00
0.00
0.00
0.00
0.00
0.00
0.00
0.00
0.00
0.00
0.00
540.80
0.00
0.00
844.88
0.00
674.20
664.37
0.00
0.00
866.09
690.86
0.00
638.18
0.00
0.00
399.59
0.00
0.00
434.46
300.93
0.00
468.12
0.00
0.00
0.00
0.00
0.00
0.00
0.00
0.00
0.00
0.00
0.00
0.00
0.00
0.00
0.00
0.00
0.00
0.00
0.00
0.00
0.00
0.00
0.00
0.00
0.00
0.00
0.00
0.00
0.00
0.00
0.00
0.00
0.00
0.00
0.00
0.00
0.00
0.00
0.00
0.00
0.00
0.00
0.00
0.00
0.00
572.75
0.00
0.00
894.79
0.00
0.00
703.62
0.00
0.00
917.26
335.42
0.00
675.88
0.00
0.00
423.20
571.27
0.00
460.13
731.40
0.00
495.78
554.09
0.00
0.00
0.00
0.00
0.00
0.00
0.00
0.00
0.00
0.00
0.00
0.00
0.00
0.00
0.00
0.00
0.00
0.00
0.00
0.00
0.00
0.00
0.00
0.00
0.00
0.00
0.00
0.00
0.00
0.00
0.00
0.00
0.00
0.00
0.00
0.00
0.00
0.00
0.00
0.00
0.00
0.00
464.61
0.00
568.54
768.33
0.00
888.21
0.00
1050.82
698.44
597.25
0.00
910.51
0.00
0.00
670.91
0.00
0.00
420.09
0.00
0.00
456.74
0.00
0.00
492.13
0.00
0.00
0.00
0.00
0.00
0.00
0.00
0.00
0.00
0.00
0.00
0.00
0.00
0.00
0.00
0.00
0.00
0.00
0.00
0.00
0.00
0.00
0.00
0.00
0.00
0.00
0.00
0.00
0.00
0.00
0.00
0.00
0.00
0.00
0.00
0.00
0.00
0.00
0.00
0.00
0.00
0.00
0.00
0.00
0.00
659.00
0.00
0.00
478.50
868.51
0.00
680.22
0.00
0.00
452.31
0.00
0.00
213.72
0.00
0.00
248.59
0.00
0.00
282.25
0.00
0.00
0.00
0.00
0.00
0.00
0.00
0.00
0.00
0.00
0.00
0.00
0.00
0.00
0.00
0.00
0.00
0.00
0.00
0.00
0.00
0.00
0.00
0.00
0.00
0.00
0.00
0.00
0.00
0.00
0.00
0.00
0.00
0.00
0.00
0.00
0.00
0.00
0.00
0.00
0.00
0.00
0.00
0.00
0.00
0.00
0.00
0.00
697.93
0.00
0.00
506.76
0.00
0.00
720.40
0.00
0.00
479.03
0.00
0.00
226.34
0.00
0.00
263.27
213.33
0.00
298.92
0.00
0.00
0.00
0.00
0.00
0.00
0.00
0.00
0.00
0.00
0.00
0.00
0.00
0.00
0.00
0.00
0.00
0.00
0.00
0.00
0.00
0.00
0.00
0.00
0.00
0.00
0.00
0.00
0.00
0.00
0.00
0.00
0.00
0.00
0.00
0.00
0.00
0.00
0.00
0.00
0.00
0.00
0.00
0.00
0.00
0.00
0.00
966.69
692.80
635.94
0.00
503.04
0.00
0.00
715.10
0.00
0.00
475.50
0.00
0.00
224.68
820.22
693.26
261.34
0.00
0.00
296.73
0.00
0.00
0.00
0.00
0.00
0.00
0.00
0.00
0.00
0.00
0.00
0.00
0.00
0.00
0.00
0.00
0.00
0.00
0.00
0.00
0.00
0.00
0.00
0.00
0.00
0.00
0.00
0.00
0.00
0.00
0.00
0.00
0.00
0.00
0.00
0.00
0.00
0.00
0.00
0.00
0.00
0.00
0.00
0.00
0.00
0.00
0.00
1023.60
782.57
91.74
0.00
984.29
0.00
0.00
756.38
0.00
0.00
517.79
0.00
0.00
552.66
318.16
0.00
586.32
0.00
0.00
0.00
0.00
0.00
0.00
0.00
0.00
0.00
0.00
0.00
0.00
0.00
0.00
0.00
0.00
0.00
0.00
0.00
0.00
0.00
0.00
0.00
0.00
0.00
0.00
0.00
0.00
0.00
0.00
0.00
0.00
0.00
0.00
0.00
0.00
0.00
0.00
0.00
0.00
0.00
0.00
0.00
0.00
0.00
0.00
0.00
0.00
0.00
848.91
237.29
828.80
0.00
0.00
1042.44
0.00
0.00
801.06
0.00
915.35
548.38
0.00
0.00
585.31
0.00
0.00
620.96
0.00
0.00
0.00
0.00
0.00
0.00
0.00
0.00
0.00
0.00
0.00
0.00
0.00
0.00
0.00
0.00
0.00
0.00
0.00
0.00
0.00
0.00
0.00
0.00
0.00
0.00
0.00
0.00
0.00
0.00
0.00
0.00
0.00
0.00
0.00
0.00
0.00
0.00
0.00
0.00
0.00
0.00
0.00
0.00
0.00
0.00
0.00
0.00
0.00
0.00
0.00
822.70
0.00
0.00
1034.77
1058.28
0.00
795.17
0.00
0.00
544.35
0.00
0.00
581.00
0.00
0.00
616.39
0.00
0.00
0.00
0.00
0.00
0.00
0.00
0.00
0.00
0.00
0.00
0.00
0.00
0.00
0.00
0.00
0.00
0.00
0.00
0.00
0.00
0.00
0.00
0.00
0.00
0.00
0.00
0.00
0.00
0.00
0.00
0.00
0.00
0.00
0.00
0.00
0.00
0.00
0.00
0.00
0.00
0.00
0.00
0.00
0.00
0.00
0.00
0.00
0.00
0.00
0.00
803.78
0.00
0.00
575.87
0.00
63.27
337.28
0.00
0.00
372.15
0.00
0.00
405.82
0.00
274.26
0.00
0.00
0.00
0.00
0.00
0.00
0.00
0.00
0.00
0.00
0.00
0.00
0.00
0.00
0.00
0.00
0.00
0.00
0.00
0.00
0.00
0.00
0.00
0.00
0.00
0.00
0.00
0.00
0.00
0.00
0.00
0.00
0.00
0.00
0.00
0.00
0.00
0.00
0.00
0.00
0.00
0.00
0.00
0.00
0.00
0.00
0.00
0.00
0.00
0.00
0.00
0.00
851.27
0.00
0.00
609.89
0.00
171.44
357.21
0.00
0.00
394.14
0.00
0.00
429.79
0.00
0.00
0.00
0.00
0.00
0.00
0.00
0.00
0.00
0.00
0.00
0.00
0.00
0.00
0.00
0.00
0.00
0.00
0.00
0.00
0.00
0.00
0.00
0.00
0.00
0.00
0.00
0.00
0.00
0.00
0.00
0.00
0.00
0.00
0.00
0.00
0.00
0.00
0.00
0.00
0.00
0.00
0.00
0.00
0.00
0.00
0.00
0.00
0.00
0.00
0.00
0.00
235.81
0.00
845.00
0.00
0.00
605.41
0.00
0.00
354.58
0.00
912.27
391.24
0.00
0.00
426.63
0.00
0.00
0.00
0.00
0.00
0.00
0.00
0.00
0.00
0.00
0.00
0.00
0.00
0.00
0.00
0.00
0.00
0.00
0.00
0.00
0.00
0.00
0.00
0.00
0.00
0.00
0.00
0.00
0.00
0.00
0.00
0.00
0.00
0.00
0.00
0.00
0.00
0.00
0.00
0.00
0.00
0.00
0.00
0.00
0.00
0.00
0.00
0.00
0.00
0.00
0.00
0.00
230.19
0.00
777.59
0.00
0.00
539.00
0.00
0.00
573.87
0.00
0.00
607.54
883.31
901.61
0.00
0.00
0.00
0.00
0.00
0.00
0.00
0.00
0.00
0.00
0.00
0.00
0.00
0.00
0.00
0.00
0.00
0.00
0.00
0.00
0.00
0.00
0.00
0.00
0.00
0.00
0.00
0.00
0.00
0.00
0.00
0.00
0.00
0.00
0.00
0.00
0.00
0.00
0.00
0.00
0.00
0.00
0.00
0.00
0.00
0.00
0.00
0.00
0.00
0.00
0.00
0.00
0.00
0.00
0.00
823.53
0.00
898.52
570.85
0.00
303.33
607.77
0.00
0.00
643.43
0.00
0.00
0.00
0.00
0.00
0.00
0.00
0.00
0.00
0.00
0.00
0.00
0.00
0.00
0.00
0.00
0.00
0.00
0.00
0.00
0.00
0.00
0.00
0.00
0.00
0.00
0.00
0.00
0.00
0.00
0.00
0.00
0.00
0.00
0.00
0.00
0.00
0.00
0.00
0.00
0.00
0.00
0.00
0.00
0.00
0.00
0.00
0.00
0.00
0.00
0.00
0.00
0.00
0.00
0.00
547.15
0.00
817.47
0.00
0.00
566.65
0.00
385.50
603.30
0.00
0.00
638.69
0.00
0.00
0.00
0.00
0.00
0.00
0.00
0.00
0.00
0.00
0.00
0.00
0.00
0.00
0.00
0.00
0.00
0.00
0.00
0.00
0.00
0.00
0.00
0.00
0.00
0.00
0.00
0.00
0.00
0.00
0.00
0.00
0.00
0.00
0.00
0.00
0.00
0.00
0.00
0.00
0.00
0.00
0.00
0.00
0.00
0.00
0.00
0.00
0.00
0.00
0.00
0.00
0.00
0.00
0.00
0.00
1031.36
311.09
0.00
0.00
345.96
0.00
0.00
379.63
135.66
0.00
0.00
0.00
0.00
0.00
0.00
0.00
0.00
0.00
0.00
0.00
0.00
0.00
0.00
0.00
0.00
0.00
0.00
0.00
0.00
0.00
0.00
0.00
0.00
0.00
0.00
0.00
0.00
0.00
0.00
0.00
0.00
0.00
0.00
0.00
0.00
0.00
0.00
0.00
0.00
0.00
0.00
0.00
0.00
0.00
0.00
0.00
0.00
0.00
0.00
0.00
0.00
0.00
0.00
0.00
0.00
0.00
630.24
0.00
329.47
0.00
0.00
366.40
0.00
0.00
402.05
0.00
0.00
0.00
0.00
0.00
0.00
0.00
0.00
0.00
0.00
0.00
0.00
0.00
0.00
0.00
0.00
0.00
0.00
0.00
0.00
0.00
0.00
0.00
0.00
0.00
0.00
0.00
0.00
0.00
0.00
0.00
0.00
0.00
0.00
0.00
0.00
0.00
0.00
0.00
0.00
0.00
0.00
0.00
0.00
0.00
0.00
0.00
0.00
0.00
0.00
0.00
0.00
0.00
0.00
0.00
0.00
0.00
0.00
612.55
64.53
327.05
101.67
0.00
363.71
0.00
0.00
399.10
0.00
0.00
0.00
0.00
0.00
0.00
0.00
0.00
0.00
0.00
0.00
0.00
0.00
0.00
0.00
0.00
0.00
0.00
0.00
0.00
0.00
0.00
0.00
0.00
0.00
0.00
0.00
0.00
0.00
0.00
0.00
0.00
0.00
0.00
0.00
0.00
0.00
0.00
0.00
0.00
0.00
0.00
0.00
0.00
0.00
0.00
0.00
0.00
0.00
0.00
0.00
0.00
0.00
0.00
0.00
0.00
0.00
0.00
0.00
0.00
107.37
0.00
0.00
141.04
0.00
0.00
0.00
0.00
0.00
0.00
0.00
0.00
0.00
0.00
0.00
0.00
0.00
0.00
0.00
0.00
0.00
0.00
0.00
0.00
0.00
0.00
0.00
0.00
0.00
0.00
0.00
0.00
0.00
0.00
0.00
0.00
0.00
0.00
0.00
0.00
0.00
0.00
0.00
0.00
0.00
0.00
0.00
0.00
0.00
0.00
0.00
0.00
0.00
0.00
0.00
0.00
0.00
0.00
0.00
0.00
0.00
0.00
0.00
0.00
0.00
0.00
0.00
113.72
0.00
0.00
149.37
144.77
0.00
0.00
0.00
0.00
0.00
0.00
0.00
0.00
0.00
0.00
0.00
0.00
0.00
0.00
0.00
0.00
0.00
0.00
0.00
0.00
0.00
0.00
0.00
0.00
0.00
0.00
0.00
0.00
0.00
0.00
0.00
0.00
0.00
0.00
0.00
0.00
0.00
0.00
0.00
0.00
0.00
0.00
0.00
0.00
0.00
0.00
0.00
0.00
0.00
0.00
0.00
0.00
0.00
0.00
0.00
0.00
0.00
0.00
0.00
0.00
0.00
0.00
112.88
199.34
0.00
148.27
0.00
0.00
0.00
0.00
0.00
0.00
0.00
0.00
0.00
0.00
0.00
0.00
0.00
0.00
0.00
0.00
0.00
0.00
0.00
0.00
0.00
0.00
0.00
0.00
0.00
0.00
0.00
0.00
0.00
0.00
0.00
0.00
0.00
0.00
0.00
0.00
0.00
0.00
0.00
0.00
0.00
0.00
0.00
0.00
0.00
0.00
0.00
0.00
0.00
0.00
0.00
0.00
0.00
0.00
0.00
0.00
0.00
0.00
0.00
0.00
0.00
792.39
0.00
175.91
919.22
0.00
0.00
0.00
0.00
0.00
0.00
0.00
0.00
0.00
0.00
0.00
0.00
0.00
0.00
0.00
0.00
0.00
0.00
0.00
0.00
0.00
0.00
0.00
0.00
0.00
0.00
0.00
0.00
0.00
0.00
0.00
0.00
0.00
0.00
0.00
0.00
0.00
0.00
0.00
0.00
0.00
0.00
0.00
0.00
0.00
0.00
0.00
0.00
0.00
0.00
0.00
0.00
0.00
0.00
0.00
0.00
0.00
0.00
0.00
0.00
0.00
0.00
0.00
0.00
0.00
186.30
451.33
0.00
0.00
0.00
0.00
0.00
0.00
0.00
0.00
0.00
0.00
0.00
0.00
0.00
0.00
0.00
0.00
0.00
0.00
0.00
0.00
0.00
0.00
0.00
0.00
0.00
0.00
0.00
0.00
0.00
0.00
0.00
0.00
0.00
0.00
0.00
0.00
0.00
0.00
0.00
0.00
0.00
0.00
0.00
0.00
0.00
0.00
0.00
0.00
0.00
0.00
0.00
0.00
0.00
0.00
0.00
0.00
0.00
0.00
0.00
0.00
0.00
0.00
0.00
0.00
0.00
184.93
0.00
0.00
0.00
0.00
0.00
0.00
0.00
0.00
0.00
0.00
0.00
0.00
0.00
0.00
0.00
0.00
0.00
0.00
0.00
0.00
0.00
0.00
0.00
0.00
0.00
0.00
0.00
0.00
0.00
0.00
0.00
0.00
0.00
0.00
0.00
0.00
0.00
0.00
0.00
0.00
0.00
0.00
0.00
0.00
0.00
0.00
0.00
0.00
0.00
0.00
0.00
0.00
0.00
0.00
0.00
0.00
0.00
0.00
0.00
0.00
0.00
0.00
0.00
0.00
0.00
490.30
0.00
0.00
0.00
0.00
0.00
0.00
0.00
0.00
0.00
0.00
0.00
0.00
0.00
0.00
0.00
0.00
0.00
0.00
0.00
0.00
0.00
0.00
0.00
0.00
0.00
0.00
0.00
0.00
0.00
0.00
0.00
0.00
0.00
0.00
0.00
0.00
0.00
0.00
0.00
0.00
0.00
0.00
0.00
0.00
0.00
0.00
0.00
0.00
0.00
0.00
0.00
0.00
0.00
0.00
0.00
0.00
0.00
0.00
0.00
0.00
0.00
0.00
0.00
0.00
0.00
0.00
0.00
0.00
0.00
0.00
0.00
0.00
0.00
0.00
0.00
0.00
0.00
0.00
0.00
0.00
0.00
0.00
0.00
0.00
0.00
0.00
0.00
0.00
0.00
0.00
0.00
0.00
0.00
0.00
0.00
0.00
0.00
0.00
0.00
0.00
0.00
0.00
0.00
0.00
0.00
0.00
0.00
0.00
0.00
0.00
0.00
0.00
0.00
0.00
0.00
0.00
0.00
0.00
0.00
0.00
0.00
0.00
0.00
0.00
0.00
0.00
0.00
0.00
0.00
0.00
0.00
0.00
