0.00
0.00
0.00
0.00
0.00
0.00
602.04
0.00
0.00
0.00
0.00
0.00
658.03
0.00
0.00
0.00
0.00
0.00
583.93
0.00
0.00
0.00
0.00
661.05
575.40
1203.13
0.00
978.70
0.00
0.00
823.41
0.00
0.00
0.00
0.00
0.00
840.46
640.48
0.00
0.00
1167.34
0.00
774.66
151.77
0.00
0.00
0.00
0.00
641.54
0.00
0.00
0.00
0.00
0.00
445.45
0.00
0.00
0.00
0.00
0.00
475.36
0.00
613.91
0.00
0.00
0.00
376.30
281.32
0.00
0.00
0.00
0.00
669.77
0.00
0.00
0.00
0.00
0.00
706.06
245.53
0.00
483.76
0.00
0.00
520.19
1268.80
0.00
0.00
0.00
0.00
824.26
0.00
0.00
0.00
0.00
0.00
643.76
0.00
898.25
0.00
543.77
0.00
845.48
0.00
0.00
0.00
0.00
0.00
617.57
770.85
0.00
0.00
0.00
0.00
378.98
0.00
0.00
0.00
0.00
0.00
413.85
0.00
0.00
40.54
0.00
0.00
447.51
0.00
0.00
0.00
0.00
0.00
0.00
0.00
0.00
0.00
0.00
0.00
0.00
637.61
0.00
0.00
0.00
0.00
0.00
696.90
0.00
0.00
253.59
0.00
0.00
618.43
0.00
0.00
0.00
0.00
0.00
609.39
0.00
0.00
0.00
0.00
0.00
872.06
0.00
0.00
0.00
0.00
0.00
890.11
0.00
0.00
0.00
0.00
0.00
820.42
0.00
0.00
0.00
0.00
0.00
679.44
0.00
0.00
0.00
0.00
861.12
471.76
0.00
0.00
0.00
0.00
0.00
503.44
0.00
0.00
0.00
0.00
0.00
398.53
0.00
1108.29
0.00
0.00
0.00
709.34
0.00
0.00
0.00
0.00
0.00
747.78
0.00
0.00
0.00
0.00
0.00
550.92
0.00
0.00
0.00
172.01
0.00
872.96
0.00
0.00
0.00
0.00
0.00
681.79
1006.46
417.29
942.47
0.00
625.57
895.42
0.00
1040.22
0.00
0.00
0.00
654.05
0.00
0.00
0.00
0.00
0.00
401.37
0.00
0.00
0.00
0.00
0.00
438.30
0.00
0.00
0.00
709.44
0.00
473.95
0.00
0.00
0.00
0.00
0.00
0.00
0.00
0.00
0.00
0.00
0.00
0.00
632.92
0.00
0.00
0.00
0.00
0.00
691.77
0.00
0.00
0.00
0.00
0.00
613.88
0.00
0.00
0.00
0.00
0.00
604.91
0.00
0.00
846.04
0.00
0.00
865.64
1037.73
0.00
0.00
0.00
1233.21
883.56
0.00
0.00
0.00
0.00
0.00
814.39
0.00
0.00
0.00
0.00
0.00
674.44
0.00
1406.92
0.00
0.00
0.00
468.29
0.00
0.00
0.00
0.00
0.00
499.74
0.00
0.00
0.00
0.00
0.00
395.60
0.00
0.00
0.00
0.00
0.00
704.12
0.00
0.00
0.00
0.00
1085.59
742.28
0.00
0.00
0.00
0.00
0.00
546.87
0.00
0.00
0.00
0.00
0.00
866.54
0.00
0.00
0.00
0.00
0.00
676.77
62.47
0.00
0.00
0.00
0.00
888.84
848.74
0.00
0.00
0.00
0.00
649.24
0.00
0.00
0.00
0.00
0.00
398.41
0.00
705.69
197.54
0.00
0.00
435.07
0.00
0.00
0.00
0.00
0.00
470.46
0.00
0.00
0.00
0.00
0.00
0.00
0.00
1310.66
0.00
0.00
0.00
0.00
277.38
0.00
0.00
0.00
0.00
0.00
303.17
0.00
0.00
0.00
0.00
0.00
269.04
0.00
0.00
0.00
0.00
0.00
265.10
0.00
0.00
0.00
0.00
0.00
379.37
0.00
0.00
0.00
0.00
240.99
387.22
451.45
0.00
0.00
0.00
0.00
356.91
0.00
0.00
0.00
0.00
0.00
295.57
0.00
0.00
0.00
0.00
0.00
205.23
0.00
0.00
0.00
0.00
0.00
219.01
0.00
0.00
485.63
1041.07
0.00
173.37
0.00
0.00
0.00
0.00
0.00
308.58
0.00
0.00
0.00
0.00
0.00
325.30
0.00
0.00
0.00
0.00
649.57
239.67
0.00
0.00
0.00
0.00
0.00
379.76
0.00
0.00
0.00
0.00
0.00
296.60
0.00
0.00
0.00
0.00
0.00
389.54
0.00
0.00
469.46
0.00
0.00
284.53
0.00
0.00
0.00
0.00
0.00
174.61
0.00
0.00
0.00
0.00
0.00
190.67
0.00
0.00
587.25
0.00
0.00
206.18
0.00
0.00
0.00
0.00
0.00
0.00
0.00
0.00
0.00
0.00
0.00
0.00
721.10
0.00
0.00
0.00
0.00
0.00
788.16
0.00
0.00
1287.10
0.00
0.00
699.41
161.99
816.01
0.00
0.00
850.28
689.19
0.00
0.00
0.00
0.00
0.00
986.25
0.00
0.00
0.00
0.00
0.00
1006.66
0.00
0.00
0.00
0.00
0.00
927.86
0.00
0.00
0.00
32.16
0.00
768.41
0.00
1049.52
0.00
0.00
0.00
533.54
0.00
0.00
0.00
0.00
0.00
569.36
0.00
0.00
0.00
0.00
0.00
450.72
0.00
0.00
0.00
1250.66
0.00
802.22
442.37
0.00
0.00
0.00
0.00
845.70
0.00
0.00
0.00
830.50
0.00
623.06
0.00
0.00
0.00
0.00
0.00
987.27
0.00
0.00
0.00
402.46
0.00
771.07
0.00
0.00
0.00
0.00
0.00
1012.68
0.00
0.00
0.00
1045.05
0.00
739.70
0.00
0.00
0.00
0.00
0.00
453.93
0.00
0.00
0.00
0.00
0.00
495.69
0.00
0.00
0.00
0.00
0.00
536.01
0.00
0.00
0.00
0.00
0.00
0.00
0.00
0.00
0.00
0.00
0.00
0.00
837.08
0.00
0.00
0.00
0.00
0.00
914.93
0.00
0.00
0.00
0.00
0.00
811.91
0.00
0.00
0.00
0.00
0.00
800.04
0.00
0.00
0.00
0.00
0.00
1144.88
0.00
0.00
0.00
0.00
0.00
1168.58
0.00
972.79
0.00
0.00
0.00
1077.09
0.00
0.00
0.00
0.00
0.00
892.00
0.00
609.54
0.00
0.00
0.00
619.35
446.44
0.00
0.00
0.00
0.00
660.94
0.00
0.00
0.00
0.00
0.00
523.21
0.00
0.00
0.00
0.00
0.00
931.25
0.00
0.00
0.00
0.00
0.00
981.72
0.00
0.00
0.00
0.00
0.00
723.28
0.00
0.00
0.00
0.00
0.00
1146.06
0.00
0.00
1095.72
0.00
0.00
895.08
0.00
485.48
0.00
0.00
0.00
1175.56
296.93
0.00
0.00
0.00
0.00
858.67
0.00
0.00
0.00
0.00
0.00
526.94
0.00
0.00
0.00
0.00
678.80
575.42
0.00
0.00
0.00
0.00
0.00
622.22
0.00
0.00
0.00
0.00
0.00
0.00
0.00
0.00
0.00
0.00
0.00
0.00
574.62
0.00
0.00
0.00
0.00
0.00
500.52
0.00
0.00
0.00
0.00
594.49
491.99
0.00
0.00
0.00
0.00
896.85
740.00
0.00
0.00
0.00
0.00
1398.86
757.04
0.00
0.00
0.00
0.00
0.00
691.25
0.00
0.00
0.00
0.00
0.00
558.13
0.00
0.00
0.00
0.00
0.00
362.04
512.64
0.00
0.00
709.62
284.67
391.94
0.00
370.03
0.00
0.00
0.00
292.89
0.00
0.00
0.00
0.00
1331.91
586.36
0.00
340.96
0.00
1239.89
0.00
622.65
0.00
0.00
0.00
0.00
0.00
436.78
0.00
0.00
0.00
0.00
0.00
740.85
0.00
0.00
0.00
0.00
765.55
560.34
0.00
0.00
0.00
0.00
262.85
762.06
0.00
0.00
0.00
0.00
0.00
534.16
0.00
0.00
0.00
687.26
0.00
295.57
0.00
0.00
0.00
0.00
715.78
330.44
0.00
0.00
0.00
0.00
0.00
364.10
0.00
0.00
544.12
0.00
123.52
0.00
0.00
0.00
0.00
0.00
0.00
0.00
0.00
0.00
0.00
0.00
0.00
0.00
608.56
0.00
0.00
46.16
0.00
0.00
530.09
0.00
0.00
0.00
0.00
0.00
521.05
0.00
0.00
0.00
0.00
0.00
783.72
707.79
0.00
0.00
0.00
225.04
801.77
0.00
0.00
863.47
0.00
0.00
732.09
0.00
0.00
0.00
0.00
0.00
591.10
0.00
0.00
0.00
0.00
0.00
383.42
0.00
0.00
0.00
0.00
0.00
415.10
0.00
0.00
0.00
0.00
0.00
310.19
390.30
0.00
0.00
0.00
0.00
621.00
0.00
0.00
0.00
0.00
0.00
659.44
0.00
0.00
942.12
1355.29
0.00
462.58
671.57
0.00
0.00
0.00
0.00
784.62
0.00
0.00
0.00
0.00
0.00
593.45
0.00
0.00
0.00
0.00
0.00
807.09
0.00
0.00
0.00
0.00
0.00
565.71
0.00
0.00
0.00
0.00
907.67
313.03
0.00
256.79
0.00
56.60
0.00
349.96
0.00
0.00
0.00
0.00
0.00
385.61
650.67
431.44
0.00
0.00
0.00
0.00
0.00
0.00
0.00
0.00
0.00
0.00
0.00
0.00
0.00
0.00
0.00
0.00
604.09
1155.89
0.00
0.00
0.00
0.00
526.19
0.00
0.00
0.00
233.61
0.00
517.22
1230.60
0.00
0.00
0.00
0.00
777.96
0.00
0.00
439.24
0.00
0.00
795.87
0.00
0.00
0.00
934.66
0.00
726.70
0.00
0.00
0.00
0.00
0.00
586.75
0.00
0.00
0.00
383.15
860.14
380.60
505.19
0.00
0.00
0.00
0.00
412.05
0.00
0.00
0.00
0.00
0.00
307.91
0.00
0.00
0.00
0.00
0.00
616.43
0.00
0.00
0.00
0.00
0.00
654.59
0.00
0.00
0.00
0.00
0.00
459.18
0.00
0.00
0.00
0.00
1373.04
778.85
0.00
0.00
0.00
0.00
0.00
589.08
0.00
0.00
0.00
790.47
0.00
801.15
0.00
0.00
0.00
0.00
0.00
561.55
0.00
0.00
0.00
928.28
0.00
310.73
0.00
0.00
0.00
811.18
819.98
347.38
0.00
0.00
0.00
0.00
0.00
382.77
0.00
0.00
783.39
0.00
0.00
0.00
0.00
0.00
0.00
0.00
0.00
0.00
0.00
0.00
0.00
0.00
0.00
0.00
264.74
0.00
0.00
0.00
0.00
0.00
230.61
0.00
0.00
0.00
0.00
0.00
226.67
0.00
0.00
0.00
0.00
0.00
340.94
0.00
637.09
0.00
0.00
0.00
348.79
1258.02
0.00
0.00
0.00
1189.61
318.48
0.00
0.00
0.00
0.00
0.00
257.15
0.00
0.00
0.00
0.00
0.00
166.80
657.84
0.00
0.00
0.00
0.00
180.58
0.00
378.38
0.00
0.00
0.00
134.94
0.00
0.00
0.00
0.00
0.00
270.15
0.00
0.00
0.00
0.00
0.00
286.87
0.00
0.00
0.00
0.00
0.00
201.24
0.00
0.00
0.00
0.00
0.00
341.33
992.55
0.00
0.00
0.00
0.00
258.17
0.00
0.00
1024.74
0.00
0.00
351.11
0.00
0.00
0.00
0.00
0.00
246.10
0.00
0.00
44.79
0.00
0.00
136.18
1205.71
0.00
0.00
0.00
0.00
152.24
844.18
0.00
0.00
0.00
0.00
167.75
0.00
0.00
0.00
0.00
0.00
0.00
0.00
0.00
0.00
0.00
0.00
0.00
0.00
0.00
0.00
0.00
0.00
0.00
688.25
0.00
670.01
0.00
0.00
0.00
599.51
0.00
0.00
525.24
0.00
0.00
589.29
0.00
0.00
406.62
0.00
0.00
886.35
0.00
0.00
0.00
0.00
0.00
906.76
0.00
0.00
0.00
1004.88
262.24
827.95
908.47
0.00
0.00
0.00
0.00
668.50
0.00
170.25
0.00
0.00
0.00
433.63
789.15
990.78
0.00
0.00
0.00
469.46
0.00
0.00
0.00
0.00
0.00
350.81
0.00
0.00
0.00
0.00
0.00
702.32
0.00
0.00
0.00
0.00
0.00
745.79
0.00
0.00
0.00
0.00
0.00
523.16
0.00
0.00
0.00
0.00
0.00
887.36
0.00
0.00
0.00
0.00
0.00
671.16
0.00
1364.51
0.00
210.90
0.00
912.77
272.98
0.00
0.00
0.00
0.00
639.79
0.00
0.00
0.00
0.00
0.00
354.02
708.15
0.00
0.00
0.00
332.39
395.78
0.00
0.00
0.00
0.00
0.00
436.10
0.00
0.00
0.00
0.00
0.00
0.00
0.00
0.00
0.00
0.00
0.00
0.00
0.00
0.00
0.00
0.00
0.00
0.00
798.95
0.00
0.00
0.00
0.00
838.26
695.93
0.00
0.00
0.00
0.00
0.00
684.07
0.00
0.00
0.00
0.00
0.00
1028.91
296.87
0.00
0.00
0.00
0.00
1052.60
0.00
0.00
1330.26
0.00
665.81
961.12
0.00
0.00
611.57
0.00
0.00
776.03
0.00
0.00
0.00
0.00
0.00
503.38
0.00
0.00
0.00
0.00
0.00
544.96
0.00
594.27
0.00
0.00
0.00
407.24
0.00
0.00
0.00
0.00
0.00
815.28
1055.73
0.00
0.00
0.00
0.00
865.75
0.00
0.00
0.00
0.00
0.00
607.30
0.00
0.00
0.00
0.00
0.00
1030.09
0.00
0.00
0.00
0.00
1261.27
779.11
0.00
992.27
0.00
0.00
0.00
1059.58
0.00
1316.18
0.00
0.00
0.00
742.70
0.00
0.00
0.00
0.00
0.00
410.96
74.01
0.00
0.00
0.00
0.00
459.44
152.05
0.00
0.00
0.00
0.00
506.25
0.00
0.00
0.00
0.00
0.00
0.00
0.00
0.00
0.00
0.00
0.00
0.00
0.00
0.00
0.00
777.95
0.00
0.00
556.51
0.00
0.00
0.00
0.00
0.00
547.97
0.00
0.00
0.00
0.00
0.00
795.99
0.00
0.00
0.00
0.00
0.00
813.03
0.00
0.00
0.00
1358.01
0.00
747.23
0.00
0.00
0.00
0.00
0.00
614.11
0.00
0.00
0.00
0.00
0.00
418.02
0.00
0.00
0.00
0.00
0.00
447.93
0.00
0.00
0.00
0.00
0.00
348.88
0.00
0.00
0.00
0.00
0.00
642.34
0.00
0.00
0.00
0.00
0.00
678.64
0.00
0.00
0.00
1048.20
0.00
492.77
0.00
0.00
0.00
0.00
966.99
796.84
0.00
1159.79
0.00
777.32
0.00
616.33
0.00
0.00
1179.51
0.00
0.00
818.05
0.00
0.00
0.00
0.00
0.00
590.14
0.00
0.00
762.12
0.00
0.00
351.55
0.00
0.00
1213.40
0.00
0.00
386.42
0.00
0.00
0.00
0.00
0.00
420.09
0.00
0.00
587.91
0.00
0.00
0.00
0.00
0.00
0.00
0.00
0.00
0.00
0.00
0.00
0.00
0.00
0.00
0.00
0.00
0.00
0.00
0.00
0.00
0.00
589.39
0.00
0.00
0.00
396.78
0.00
580.35
0.00
0.00
0.00
0.00
0.00
843.01
0.00
0.00
0.00
0.00
0.00
861.06
0.00
0.00
0.00
0.00
0.00
791.38
0.00
0.00
0.00
0.00
0.00
650.39
0.00
0.00
0.00
0.00
0.00
442.72
1329.80
0.00
0.00
1107.68
247.55
474.39
0.00
0.00
0.00
0.00
427.54
369.49
0.00
0.00
0.00
0.00
0.00
680.29
0.00
487.88
0.00
0.00
230.67
718.73
0.00
0.00
569.69
0.00
0.00
521.88
0.00
0.00
0.00
0.00
1283.29
843.91
0.00
0.00
0.00
0.00
0.00
652.74
0.00
0.00
219.18
0.00
0.00
866.38
0.00
0.00
0.00
0.00
0.00
625.01
0.00
0.00
0.00
0.00
0.00
372.32
0.00
0.00
0.00
0.00
0.00
409.25
0.00
0.00
0.00
1009.73
0.00
444.90
0.00
0.00
0.00
0.00
0.00
0.00
0.00
0.00
0.00
0.00
0.00
0.00
0.00
0.00
0.00
0.00
0.00
0.00
0.00
0.00
0.00
0.00
0.00
0.00
585.05
0.00
0.00
0.00
0.00
0.00
576.08
0.00
0.00
0.00
0.00
0.00
836.81
0.00
0.00
0.00
0.00
0.00
854.73
0.00
0.00
0.00
0.00
0.00
785.56
0.00
46.27
0.00
1177.57
0.00
645.61
0.00
0.00
0.00
0.00
0.00
439.46
0.00
0.00
0.00
0.00
0.00
470.90
0.00
0.00
0.00
0.00
0.00
366.77
580.71
0.00
0.00
0.00
0.00
675.29
0.00
0.00
0.00
0.00
0.00
713.45
0.00
1067.84
0.00
0.00
0.00
518.04
0.00
0.00
0.00
0.00
0.00
837.71
0.00
0.00
0.00
0.00
0.00
647.94
0.00
0.00
0.00
0.00
0.00
860.01
0.00
0.00
0.00
0.00
0.00
620.41
0.00
0.00
0.00
0.00
0.00
369.58
0.00
1353.45
0.00
0.00
0.00
406.24
0.00
0.00
0.00
0.00
0.00
441.63
0.00
0.00
0.00
0.00
0.00
0.00
0.00
0.00
0.00
0.00
0.00
0.00
0.00
0.00
0.00
0.00
0.00
0.00
0.00
717.40
0.00
0.00
0.00
0.00
256.40
256.47
0.00
0.00
0.00
0.00
252.47
0.00
0.00
0.00
0.00
0.00
366.74
0.00
0.00
0.00
0.00
0.00
374.59
0.00
0.00
0.00
0.00
0.00
344.27
1299.79
0.00
0.00
0.00
0.00
282.94
0.00
0.00
0.00
0.00
0.00
192.59
0.00
0.00
0.00
0.00
0.00
206.37
0.00
0.00
0.00
373.91
0.00
160.74
0.00
0.00
0.00
0.00
0.00
295.95
0.00
0.00
0.00
0.00
0.00
312.67
911.60
0.00
0.00
0.00
0.00
227.03
0.00
0.00
0.00
0.00
0.00
367.13
0.00
0.00
402.62
0.00
724.87
283.96
0.00
0.00
0.00
0.00
0.00
376.90
0.00
0.00
0.00
0.00
1317.87
271.90
462.39
0.00
0.00
0.00
0.00
161.97
0.00
547.72
0.00
0.00
0.00
178.04
0.00
0.00
1262.44
0.00
0.00
193.55
0.00
0.00
0.00
0.00
0.00
0.00
0.00
0.00
0.00
0.00
0.00
0.00
0.00
0.00
0.00
0.00
0.00
0.00
0.00
0.00
0.00
0.00
0.00
0.00
666.57
0.00
0.00
0.00
0.00
0.00
656.34
0.00
0.00
0.00
0.00
0.00
953.40
0.00
0.00
0.00
0.00
0.00
973.82
0.00
0.00
0.00
0.00
0.00
895.01
0.00
0.00
0.00
0.00
0.00
735.56
0.00
0.00
0.00
0.00
0.00
500.69
0.00
0.00
0.00
0.00
0.00
536.51
0.00
0.00
1115.81
0.00
0.00
417.87
0.00
0.00
0.00
0.00
0.00
769.37
0.00
0.00
0.00
0.00
0.00
812.85
0.00
261.06
1045.68
0.00
0.00
590.22
0.00
0.00
0.00
0.00
341.93
954.42
0.00
0.00
0.00
0.00
402.49
738.22
0.00
0.00
0.00
1360.58
0.00
979.83
0.00
0.00
0.00
1003.49
0.00
706.85
0.00
0.00
0.00
0.00
0.00
421.08
0.00
0.00
0.00
0.00
0.00
462.84
0.00
0.00
1157.18
0.00
0.00
503.16
1193.68
0.00
0.00
0.00
0.00
0.00
0.00
0.00
0.00
0.00
0.00
0.00
0.00
0.00
0.00
0.00
0.00
0.00
0.00
0.00
0.00
362.02
0.00
0.00
773.78
0.00
0.00
0.00
1383.02
1026.80
761.91
0.00
0.00
0.00
0.00
0.00
1106.75
0.00
0.00
0.00
0.00
0.00
1130.45
0.00
0.00
0.00
0.00
0.00
1038.96
0.00
0.00
0.00
0.00
0.00
853.87
0.00
0.00
134.81
0.00
0.00
581.22
0.00
0.00
0.00
0.00
0.00
622.81
0.00
321.07
0.00
0.00
0.00
485.08
0.00
0.00
0.00
0.00
0.00
893.12
0.00
0.00
0.00
619.87
0.00
943.59
1017.53
0.00
0.00
0.00
0.00
685.15
0.00
0.00
0.00
0.00
0.00
1107.93
0.00
0.00
0.00
0.00
1181.92
856.95
0.00
1104.13
0.00
0.00
0.00
1137.43
0.00
342.96
0.00
784.99
0.00
820.54
0.00
0.00
0.00
0.00
0.00
488.80
192.13
0.00
0.00
0.00
0.00
537.28
0.00
0.00
987.54
0.00
0.00
584.09
0.00
0.00
0.00
0.00
0.00
0.00
0.00
0.00
0.00
0.00
0.00
0.00
0.00
0.00
0.00
0.00
0.00
0.00
0.00
0.00
0.00
764.50
0.00
0.00
473.88
0.00
0.00
0.00
0.00
0.00
721.90
0.00
0.00
0.00
0.00
0.00
738.94
0.00
0.00
0.00
0.00
0.00
673.14
0.00
0.00
0.00
0.00
0.00
540.02
0.00
0.00
0.00
0.00
0.00
343.93
0.00
0.00
0.00
0.00
0.00
373.84
0.00
0.00
0.00
0.00
0.00
274.78
0.00
0.00
0.00
0.00
0.00
568.25
0.00
0.00
0.00
0.00
0.00
604.55
0.00
0.00
0.00
0.00
0.00
418.67
0.00
0.00
0.00
0.00
0.00
722.75
1386.15
0.00
0.00
0.00
0.00
542.24
0.00
0.00
0.00
0.00
0.00
743.96
0.00
0.00
0.00
0.00
0.00
516.05
0.00
0.00
0.00
0.00
0.00
277.46
0.00
0.00
0.00
0.00
0.00
312.33
0.00
0.00
0.00
0.00
0.00
345.99
0.00
0.00
0.00
1132.43
0.00
0.00
0.00
0.00
0.00
0.00
0.00
0.00
0.00
0.00
0.00
0.00
0.00
0.00
0.00
0.00
0.00
0.00
0.00
0.00
0.00
0.00
0.00
0.00
0.00
1249.21
501.88
0.00
0.00
0.00
0.00
0.00
764.55
0.00
0.00
0.00
0.00
0.00
782.59
0.00
0.00
0.00
0.00
0.00
712.91
0.00
857.13
0.00
0.00
0.00
571.92
0.00
0.00
0.00
0.00
0.00
364.25
0.00
0.00
0.00
0.00
0.00
395.92
0.00
0.00
0.00
0.00
0.00
291.02
0.00
0.00
0.00
0.00
0.00
601.82
0.00
105.35
0.00
0.00
418.17
640.26
0.00
615.06
0.00
0.00
0.00
443.41
0.00
0.00
0.00
0.00
0.00
765.44
0.00
0.00
0.00
0.00
0.00
574.27
0.00
851.38
0.00
0.00
224.01
787.91
0.00
0.00
0.00
0.00
0.00
546.54
0.00
0.00
0.00
0.00
0.00
293.85
0.00
0.00
781.32
0.00
0.00
330.78
0.00
0.00
0.00
618.74
0.00
366.43
745.65
0.00
0.00
593.57
0.00
0.00
0.00
0.00
0.00
0.00
0.00
0.00
0.00
0.00
0.00
0.00
0.00
0.00
0.00
0.00
0.00
0.00
0.00
0.00
0.00
0.00
0.00
0.00
0.00
0.00
498.19
0.00
0.00
0.00
0.00
0.00
758.92
0.00
0.00
0.00
0.00
0.00
776.84
0.00
0.00
0.00
0.00
0.00
707.67
0.00
0.00
0.00
484.70
0.00
567.72
0.00
0.00
0.00
0.00
0.00
361.57
0.00
0.00
0.00
0.00
681.66
393.01
0.00
0.00
0.00
0.00
0.00
288.88
0.00
0.00
0.00
0.00
0.00
597.40
0.00
0.00
0.00
0.00
0.00
635.55
0.00
0.00
0.00
0.00
0.00
440.15
0.00
0.00
0.00
0.00
0.00
759.81
479.36
0.00
0.00
0.00
0.00
570.05
0.00
0.00
0.00
0.00
0.00
782.12
0.00
0.00
0.00
990.22
0.00
542.52
0.00
0.00
0.00
0.00
0.00
291.69
0.00
0.00
56.58
0.00
0.00
328.35
0.00
0.00
0.00
0.00
0.00
363.74
0.00
1308.61
0.00
0.00
0.00
0.00
0.00
0.00
0.00
0.00
0.00
0.00
0.00
0.00
0.00
0.00
0.00
0.00
0.00
0.00
0.00
0.00
0.00
0.00
0.00
0.00
1147.66
0.00
0.00
0.00
218.33
0.00
0.00
0.00
0.00
0.00
332.60
0.00
1325.35
0.00
0.00
0.00
340.45
0.00
0.00
0.00
0.00
0.00
310.14
0.00
0.00
0.00
0.00
0.00
248.80
0.00
0.00
0.00
0.00
1019.28
158.46
0.00
0.00
0.00
0.00
696.44
172.24
0.00
0.00
0.00
0.00
0.00
126.60
0.00
0.00
0.00
0.00
0.00
261.81
0.00
0.00
0.00
0.00
0.00
278.53
0.00
0.00
0.00
0.00
0.00
192.90
0.00
0.00
0.00
0.00
836.42
332.99
0.00
0.00
0.00
0.00
0.00
249.83
0.00
0.00
0.00
0.00
0.00
342.76
0.00
0.00
0.00
0.00
0.00
237.76
0.00
0.00
0.00
0.00
0.00
127.83
0.00
0.00
0.00
0.00
0.00
143.90
0.00
0.00
0.00
0.00
0.00
159.41
0.00
0.00
0.00
0.00
0.00
0.00
0.00
0.00
0.00
0.00
0.00
0.00
0.00
0.00
0.00
0.00
0.00
0.00
0.00
0.00
0.00
0.00
0.00
0.00
0.00
0.00
0.00
0.00
0.00
0.00
567.60
0.00
0.00
0.00
0.00
0.00
864.66
0.00
0.00
0.00
0.00
0.00
885.07
0.00
0.00
0.00
0.00
0.00
806.26
0.00
0.00
0.00
0.00
0.00
646.82
0.00
0.00
0.00
0.00
0.00
411.95
892.04
597.04
0.00
0.00
0.00
447.77
0.00
0.00
0.00
0.00
0.00
329.12
0.00
0.00
0.00
0.00
555.07
680.63
0.00
0.00
0.00
1002.15
0.00
724.10
0.00
0.00
0.00
0.00
0.00
501.47
0.00
0.00
0.00
0.00
0.00
865.68
290.34
0.00
0.00
0.00
0.00
649.47
0.00
0.00
0.00
0.00
0.00
891.09
0.00
0.00
0.00
0.00
396.16
618.11
984.53
349.96
0.00
0.00
740.41
332.33
0.00
0.00
0.00
141.00
1005.28
374.10
0.00
0.00
0.00
0.00
0.00
414.42
0.00
0.00
0.00
0.00
0.00
0.00
0.00
0.00
0.00
0.00
0.00
0.00
0.00
0.00
0.00
0.00
0.00
0.00
0.00
0.00
0.00
0.00
0.00
0.00
0.00
0.00
875.66
0.00
974.56
0.00
658.89
0.00
0.00
0.00
0.00
0.00
1003.73
215.03
0.00
0.00
0.00
0.00
1027.43
0.00
0.00
0.00
0.00
1161.54
935.95
0.00
0.00
0.00
0.00
0.00
750.85
0.00
0.00
0.00
0.00
0.00
478.20
0.00
0.00
0.00
0.00
0.00
519.79
0.00
1013.31
0.00
0.00
1329.42
382.06
0.00
0.00
0.00
0.00
0.00
790.10
0.00
0.00
0.00
0.00
0.00
840.57
0.00
306.13
0.00
0.00
0.00
582.13
0.00
0.00
0.00
0.00
679.83
1004.91
0.00
0.00
1155.03
0.00
0.00
753.93
0.00
0.00
0.00
0.00
0.00
1034.41
0.00
0.00
0.00
733.27
0.00
717.52
0.00
110.22
0.00
1385.40
0.00
385.79
0.00
0.00
0.00
0.00
0.00
434.27
0.00
0.00
0.00
0.00
0.00
481.07
0.00
0.00
0.00
0.00
0.00
0.00
0.00
0.00
0.00
0.00
0.00
0.00
0.00
0.00
0.00
0.00
0.00
0.00
0.00
0.00
0.00
0.00
0.00
0.00
0.00
0.00
0.00
0.00
0.00
0.00
713.36
0.00
0.00
788.42
0.00
0.00
730.40
0.00
0.00
0.00
1359.46
0.00
664.61
0.00
0.00
0.00
0.00
0.00
531.49
0.00
0.00
631.43
0.00
0.00
335.40
0.00
0.00
0.00
0.00
0.00
365.30
0.00
0.00
0.00
0.00
0.00
266.25
0.00
0.00
0.00
0.00
0.00
559.72
0.00
0.00
0.00
0.00
0.00
596.01
0.00
0.00
0.00
0.00
0.00
410.14
1351.22
0.00
0.00
0.00
0.00
714.21
0.00
0.00
0.00
0.00
0.00
533.70
0.00
0.00
1352.99
0.00
0.00
735.42
0.00
0.00
0.00
0.00
821.71
507.52
0.00
0.00
960.75
101.93
0.00
268.93
0.00
0.00
0.00
0.00
0.00
303.79
0.00
0.00
0.00
0.00
0.00
337.46
0.00
732.71
0.00
0.00
0.00
0.00
0.00
0.00
0.00
0.00
0.00
0.00
0.00
0.00
0.00
0.00
0.00
0.00
0.00
0.00
0.00
0.00
0.00
0.00
0.00
0.00
0.00
0.00
0.00
0.00
0.00
117.24
157.86
0.00
0.00
0.00
755.51
0.00
0.00
0.00
0.00
0.00
773.55
0.00
0.00
0.00
580.63
0.00
703.87
0.00
0.00
0.00
0.00
264.44
562.89
0.00
0.00
0.00
0.00
0.00
355.21
0.00
0.00
0.00
0.00
419.85
386.89
0.00
0.00
0.00
0.00
0.00
281.98
0.00
868.12
0.00
0.00
1137.66
592.78
0.00
0.00
0.00
0.00
0.00
631.22
0.00
0.00
0.00
0.00
0.00
434.37
0.00
0.00
0.00
0.00
543.96
756.40
0.00
0.00
0.00
0.00
0.00
565.23
0.00
505.23
0.00
0.00
0.00
778.87
0.00
0.00
0.00
0.00
0.00
537.50
0.00
0.00
397.75
438.24
0.00
284.81
0.00
0.00
883.32
0.00
297.90
321.74
0.00
0.00
0.00
0.00
0.00
357.40
0.00
0.00
0.00
0.00
0.00
0.00
0.00
0.00
0.00
0.00
0.00
0.00
0.00
0.00
0.00
0.00
0.00
0.00
0.00
0.00
0.00
0.00
0.00
0.00
0.00
0.00
0.00
0.00
0.00
0.00
0.00
0.00
0.00
471.38
0.00
0.00
749.95
0.00
0.00
0.00
0.00
0.00
767.87
0.00
0.00
0.00
0.00
342.29
698.69
0.00
298.67
0.00
0.00
0.00
558.75
0.00
0.00
0.00
0.00
0.00
352.60
0.00
69.67
0.00
0.00
0.00
384.04
0.00
0.00
0.00
0.00
0.00
279.90
0.00
0.00
0.00
0.00
0.00
588.42
0.00
0.00
0.00
0.00
0.00
626.58
0.00
0.00
0.00
0.00
0.00
431.17
0.00
1199.48
0.00
0.00
0.00
750.84
0.00
0.00
0.00
0.00
0.00
561.08
0.00
0.00
0.00
0.00
0.00
773.14
0.00
0.00
0.00
1282.45
92.07
533.55
0.00
0.00
0.00
1103.00
0.00
282.72
688.77
0.00
0.00
0.00
0.00
319.38
0.00
468.45
0.00
0.00
0.00
354.77
0.00
0.00
0.00
0.00
0.00
0.00
0.00
0.00
0.00
0.00
0.00
0.00
0.00
0.00
0.00
0.00
0.00
0.00
0.00
0.00
0.00
0.00
0.00
0.00
0.00
0.00
0.00
0.00
0.00
0.00
0.00
0.00
0.00
0.00
0.00
0.00
328.67
0.00
0.00
0.00
0.00
0.00
336.52
0.00
0.00
0.00
0.00
0.00
306.20
0.00
0.00
0.00
0.00
0.00
244.87
0.00
0.00
0.00
0.00
219.52
154.53
0.00
0.00
0.00
0.00
0.00
168.31
0.00
0.00
0.00
0.00
915.86
122.67
0.00
0.00
232.17
0.00
0.00
257.88
0.00
0.00
0.00
0.00
0.00
274.60
0.00
0.00
0.00
0.00
0.00
188.96
0.00
0.00
0.00
0.00
0.00
329.06
0.00
0.00
827.28
0.00
0.00
245.89
0.00
0.00
0.00
239.82
0.00
338.83
0.00
0.00
0.00
0.00
0.00
233.83
0.00
0.00
0.00
0.00
0.00
123.90
0.00
0.00
0.00
0.00
714.06
139.97
139.05
0.00
0.00
0.00
1186.33
155.48
0.00
0.00
0.00
0.00
0.00
0.00
0.00
0.00
0.00
0.00
0.00
0.00
0.00
0.00
0.00
0.00
0.00
0.00
0.00
0.00
0.00
0.00
0.00
0.00
0.00
0.00
0.00
0.00
0.00
0.00
0.00
0.00
0.00
1074.13
0.00
0.00
854.44
0.00
0.00
0.00
0.00
753.29
874.85
0.00
1144.04
0.00
0.00
0.00
796.04
0.00
0.00
0.00
0.00
0.00
636.59
0.00
0.00
31.00
0.00
0.00
401.72
0.00
0.00
0.00
0.00
0.00
437.55
0.00
0.00
0.00
0.00
0.00
318.90
0.00
958.93
0.00
0.00
0.00
670.41
0.00
0.00
0.00
0.00
0.00
713.88
0.00
482.51
0.00
0.00
0.00
491.25
286.46
1006.95
39.20
0.00
1343.04
855.45
0.00
0.00
0.00
0.00
0.00
639.25
0.00
0.00
0.00
848.10
0.00
880.86
0.00
1252.54
918.16
0.00
0.00
607.88
0.00
0.00
0.00
0.00
0.00
322.11
0.00
0.00
0.00
0.00
0.00
363.87
0.00
0.00
0.00
0.00
0.00
404.20
0.00
0.00
0.00
0.00
0.00
0.00
0.00
0.00
0.00
0.00
0.00
0.00
0.00
0.00
0.00
0.00
0.00
0.00
0.00
0.00
0.00
0.00
0.00
0.00
0.00
0.00
0.00
0.00
0.00
0.00
0.00
1322.63
0.00
0.00
0.00
0.00
991.87
0.00
0.00
1139.33
0.00
0.00
1015.56
0.00
0.00
0.00
0.00
273.78
924.08
0.00
384.67
0.00
0.00
0.00
738.98
0.00
0.00
0.00
0.00
0.00
466.34
0.00
0.00
0.00
0.00
0.00
507.92
0.00
0.00
0.00
365.74
0.00
370.20
0.00
0.00
0.00
0.00
0.00
778.24
0.00
352.11
0.00
0.00
0.00
828.70
0.00
0.00
0.00
0.00
0.00
570.26
0.00
0.00
0.00
0.00
0.00
993.05
0.00
0.00
0.00
0.00
0.00
742.07
1154.45
0.00
0.00
0.00
0.00
1022.54
0.00
0.00
0.00
0.00
0.00
705.66
0.00
0.00
1264.27
0.00
0.00
373.92
0.00
0.00
0.00
0.00
638.43
422.40
0.00
0.00
0.00
0.00
0.00
469.21
0.00
0.00
0.00
0.00
0.00
0.00
0.00
0.00
0.00
0.00
0.00
0.00
0.00
0.00
0.00
0.00
0.00
0.00
0.00
0.00
0.00
0.00
0.00
0.00
0.00
0.00
0.00
0.00
0.00
0.00
0.00
0.00
1162.95
0.00
0.00
0.00
978.42
0.00
1325.42
1149.42
0.00
0.00
912.62
0.00
0.00
0.00
0.00
0.00
779.50
0.00
0.00
0.00
0.00
123.23
583.41
0.00
0.00
0.00
0.00
0.00
613.32
0.00
0.00
0.00
0.00
0.00
514.26
0.00
0.00
0.00
0.00
0.00
807.73
0.00
0.00
0.00
0.00
254.68
844.03
0.00
0.00
0.00
0.00
0.00
658.15
0.00
0.00
0.00
0.00
0.00
962.23
0.00
0.00
0.00
0.00
0.00
781.72
0.00
161.61
0.00
0.00
0.00
983.44
0.00
0.00
0.00
0.00
0.00
755.53
0.00
0.00
0.00
0.00
0.00
516.94
0.00
0.00
0.00
0.00
1242.45
551.81
0.00
0.00
0.00
0.00
0.00
585.47
0.00
0.00
0.00
0.00
0.00
0.00
0.00
0.00
0.00
0.00
0.00
0.00
0.00
0.00
0.00
0.00
0.00
0.00
0.00
0.00
0.00
0.00
0.00
0.00
0.00
0.00
0.00
0.00
0.00
0.00
0.00
0.00
0.00
0.00
0.00
0.00
0.00
0.00
0.00
0.00
0.00
0.00
1036.22
0.00
0.00
0.00
0.00
0.00
966.54
0.00
237.58
0.00
0.00
0.00
825.55
0.00
0.00
0.00
0.00
0.00
617.88
0.00
0.00
656.92
0.00
0.00
649.55
0.00
0.00
0.00
0.00
0.00
544.64
1125.81
0.00
0.00
1123.33
0.00
855.45
0.00
0.00
0.00
0.00
0.00
893.89
0.00
0.00
0.00
0.00
0.00
697.04
0.00
0.00
0.00
0.00
0.00
1019.07
0.00
0.00
0.00
293.93
0.00
827.90
0.00
0.00
0.00
90.43
0.00
1041.54
0.00
0.00
0.00
1404.46
0.00
800.17
0.00
0.00
0.00
0.00
0.00
547.48
0.00
0.00
0.00
0.00
0.00
584.41
0.00
0.00
0.00
0.00
0.00
620.06
0.00
0.00
0.00
0.00
0.00
0.00
0.00
0.00
0.00
0.00
0.00
0.00
0.00
0.00
0.00
0.00
0.00
0.00
0.00
0.00
0.00
0.00
0.00
0.00
0.00
0.00
0.00
0.00
0.00
0.00
0.00
0.00
0.00
0.00
0.00
0.00
0.00
0.00
0.00
0.00
0.00
0.00
1028.60
0.00
0.00
0.00
0.00
0.00
959.43
1077.88
0.00
519.29
0.00
0.00
819.48
0.00
0.00
0.00
0.00
345.67
613.33
1093.08
0.00
188.96
0.00
0.00
644.77
0.00
0.00
0.00
0.00
0.00
540.64
541.45
0.00
0.00
0.00
0.00
849.16
0.00
0.00
0.00
0.00
0.00
887.32
0.00
0.00
276.99
0.00
0.00
691.91
177.32
0.00
0.00
0.00
0.00
1011.58
1009.38
0.00
0.00
1177.18
0.00
821.81
0.00
0.00
0.00
0.00
0.00
1033.88
0.00
93.88
1095.34
0.00
0.00
794.28
217.86
1242.42
0.00
0.00
0.00
543.45
62.98
0.00
0.00
0.00
0.00
580.11
0.00
0.00
0.00
0.00
0.00
615.50
0.00
0.00
0.00
0.00
0.00
0.00
0.00
0.00
0.00
0.00
0.00
0.00
0.00
0.00
0.00
0.00
0.00
0.00
0.00
0.00
0.00
0.00
0.00
0.00
0.00
0.00
0.00
0.00
0.00
0.00
0.00
0.00
0.00
0.00
0.00
0.00
0.00
0.00
0.00
0.00
1388.82
1303.08
450.79
0.00
0.00
0.00
1116.57
0.00
420.47
0.00
0.00
0.00
0.00
0.00
359.14
0.00
0.00
0.00
0.00
0.00
268.79
0.00
0.00
0.00
0.00
0.00
282.57
0.00
0.00
0.00
0.00
53.88
236.94
0.00
1340.64
0.00
0.00
0.00
372.15
0.00
0.00
0.00
0.00
0.00
388.87
0.00
200.59
0.00
0.00
0.00
303.23
0.00
0.00
0.00
0.00
0.00
443.33
0.00
0.00
0.00
0.00
0.00
360.16
0.00
0.00
588.41
0.00
1167.50
453.10
636.37
862.98
0.00
0.00
0.00
348.09
0.00
0.00
0.00
832.77
0.00
238.17
0.00
763.92
0.00
0.00
0.00
254.23
0.00
0.00
881.25
0.00
0.00
269.74
0.00
0.00
0.00
0.00
0.00
0.00
0.00
0.00
0.00
0.00
0.00
0.00
0.00
0.00
0.00
0.00
0.00
0.00
0.00
0.00
0.00
0.00
0.00
0.00
0.00
0.00
0.00
0.00
0.00
0.00
0.00
0.00
0.00
0.00
0.00
0.00
0.00
0.00
0.00
0.00
426.32
397.31
1171.91
0.00
0.00
0.00
0.00
0.00
1093.10
0.00
0.00
0.00
0.00
748.42
933.66
0.00
0.00
0.00
0.00
0.00
698.79
0.00
0.00
0.00
0.00
0.00
734.61
0.00
0.00
0.00
0.00
0.00
615.96
0.00
0.00
0.00
0.00
0.00
967.47
0.00
0.00
0.00
0.00
0.00
1010.94
321.33
0.00
0.00
0.00
0.00
788.31
0.00
0.00
0.00
0.00
0.00
1152.52
0.00
0.00
0.00
0.00
0.00
936.31
0.00
0.00
0.00
0.00
0.00
1177.92
0.00
0.00
0.00
0.00
0.00
904.95
0.00
0.00
0.00
0.00
0.00
619.17
0.00
0.00
0.00
0.00
0.00
660.94
0.00
0.00
684.66
0.00
0.00
701.26
0.00
0.00
0.00
0.00
0.00
0.00
0.00
0.00
0.00
0.00
0.00
0.00
0.00
0.00
0.00
0.00
0.00
0.00
0.00
0.00
0.00
0.00
0.00
0.00
0.00
0.00
0.00
0.00
0.00
0.00
0.00
0.00
0.00
0.00
0.00
0.00
0.00
0.00
0.00
0.00
0.00
0.00
1360.40
0.00
0.00
0.00
0.00
0.00
1268.92
0.00
0.00
0.00
0.00
0.00
1083.83
0.00
0.00
0.00
0.00
0.00
811.18
0.00
0.00
0.00
0.00
0.00
852.77
0.00
0.00
0.00
0.00
0.00
715.04
0.00
0.00
0.00
0.00
0.00
1123.08
0.00
0.00
0.00
0.00
920.82
1173.55
1178.81
0.00
0.00
0.00
0.00
915.10
0.00
0.00
0.00
0.00
0.00
1337.89
0.00
566.69
0.00
0.00
769.90
1086.91
0.00
0.00
0.00
0.00
0.00
1367.38
0.00
0.00
0.00
0.00
0.00
1050.50
0.00
0.00
0.00
0.00
0.00
718.76
0.00
0.00
0.00
0.00
0.00
767.24
0.00
0.00
0.00
0.00
0.00
814.05
0.00
0.00
0.00
0.00
0.00
0.00
0.00
0.00
0.00
0.00
0.00
0.00
0.00
0.00
0.00
0.00
0.00
0.00
0.00
0.00
0.00
0.00
0.00
0.00
0.00
0.00
0.00
0.00
0.00
0.00
0.00
0.00
0.00
0.00
0.00
0.00
0.00
843.86
0.00
0.00
0.00
0.00
929.66
0.00
0.00
367.53
0.00
0.00
796.54
0.00
0.00
0.00
0.00
1381.41
600.45
0.00
0.00
0.00
0.00
0.00
630.36
0.00
0.00
0.00
0.00
0.00
531.30
0.00
0.00
0.00
0.00
0.00
824.77
0.00
155.52
0.00
0.00
0.00
861.07
0.00
0.00
0.00
0.00
0.00
675.19
0.00
0.00
0.00
0.00
0.00
979.27
0.00
0.00
0.00
0.00
1214.27
798.76
0.00
53.60
0.00
0.00
0.00
1000.48
0.00
0.00
0.00
0.00
0.00
772.57
389.05
0.00
0.00
0.00
0.00
533.98
0.00
0.00
0.00
1297.59
0.00
568.85
0.00
979.84
0.00
0.00
0.00
602.51
0.00
0.00
0.00
0.00
0.00
0.00
0.00
0.00
0.00
0.00
0.00
0.00
0.00
0.00
0.00
0.00
0.00
0.00
0.00
0.00
0.00
0.00
0.00
0.00
0.00
0.00
0.00
0.00
0.00
0.00
0.00
0.00
0.00
0.00
0.00
0.00
0.00
0.00
0.00
0.00
0.00
0.00
0.00
0.00
0.00
0.00
0.00
0.00
984.59
0.00
0.00
0.00
0.00
0.00
843.60
0.00
0.00
0.00
0.00
0.00
635.92
0.00
0.00
0.00
0.00
0.00
667.60
0.00
0.00
0.00
0.00
0.00
562.69
0.00
0.00
0.00
1059.03
0.00
873.50
0.00
0.00
0.00
0.00
0.00
911.94
0.00
0.00
0.00
1149.17
0.00
715.08
0.00
0.00
0.00
0.00
0.00
1037.12
0.00
0.00
0.00
0.00
0.00
845.95
0.00
1092.54
0.00
0.00
0.00
1059.59
0.00
0.00
0.00
0.00
0.00
818.21
0.00
0.00
0.00
0.00
0.00
565.53
0.00
0.00
0.00
0.00
0.00
602.46
0.00
0.00
0.00
0.00
967.10
638.11
0.00
0.00
0.00
0.00
0.00
0.00
0.00
0.00
0.00
0.00
0.00
0.00
0.00
0.00
0.00
0.00
0.00
0.00
0.00
0.00
0.00
0.00
0.00
0.00
0.00
0.00
0.00
0.00
0.00
0.00
0.00
0.00
0.00
0.00
0.00
0.00
0.00
0.00
0.00
0.00
0.00
0.00
0.00
0.00
0.00
1288.86
323.85
0.00
977.34
0.00
0.00
0.00
0.00
0.00
837.40
0.00
0.00
0.00
0.00
0.00
631.25
0.00
211.20
0.00
0.00
0.00
662.69
0.00
0.00
0.00
0.00
0.00
558.55
0.00
1121.63
0.00
0.00
0.00
867.07
0.00
0.00
0.00
0.00
0.00
905.23
723.31
0.00
0.00
0.00
0.00
709.82
0.00
0.00
0.00
0.00
0.00
1029.49
0.00
0.00
0.00
0.00
0.00
839.73
0.00
0.00
0.00
0.00
0.00
1051.79
0.00
0.00
0.00
0.00
0.00
812.20
0.00
449.72
259.33
93.50
0.00
561.37
0.00
0.00
660.48
0.00
0.00
598.03
0.00
0.00
0.00
0.00
0.00
633.42
1304.46
0.00
0.00
0.00
0.00
0.00
0.00
0.00
0.00
0.00
0.00
0.00
0.00
0.00
0.00
0.00
0.00
0.00
0.00
0.00
0.00
0.00
0.00
0.00
0.00
0.00
0.00
0.00
0.00
0.00
0.00
0.00
0.00
0.00
0.00
0.00
0.00
0.00
0.00
0.00
0.00
0.00
0.00
0.00
0.00
0.00
0.00
0.00
428.32
0.00
0.00
0.00
0.00
645.48
366.99
0.00
0.00
0.00
0.00
0.00
276.65
0.00
0.00
0.00
0.00
0.00
290.43
0.00
990.59
0.00
0.00
0.00
244.79
0.00
0.00
0.00
0.00
0.00
380.00
0.00
0.00
0.00
0.00
0.00
396.72
0.00
0.00
0.00
0.00
0.00
311.08
0.00
0.00
0.00
0.00
0.00
451.18
1222.12
0.00
0.00
0.00
0.00
368.01
0.00
0.00
0.00
1242.91
0.00
460.95
0.00
0.00
0.00
0.00
0.00
355.95
0.00
0.00
0.00
0.00
0.00
246.02
0.00
0.00
0.00
0.00
0.00
262.09
0.00
0.00
0.00
0.00
0.00
277.60
0.00
0.00
0.00
0.00
0.00
0.00
0.00
0.00
0.00
0.00
0.00
0.00
0.00
0.00
0.00
0.00
0.00
0.00
0.00
0.00
0.00
0.00
0.00
0.00
0.00
0.00
0.00
0.00
0.00
0.00
0.00
0.00
0.00
0.00
0.00
0.00
0.00
0.00
0.00
0.00
0.00
0.00
0.00
0.00
0.00
0.00
0.00
0.00
1113.52
0.00
0.00
0.00
0.00
616.80
954.07
0.00
0.00
0.00
0.00
0.00
719.20
408.39
0.00
0.00
0.00
0.00
755.02
0.00
979.53
0.00
976.51
0.00
636.38
0.00
592.09
0.00
0.00
0.00
987.88
0.00
0.00
0.00
0.00
0.00
1031.36
0.00
0.00
0.00
145.11
0.00
808.72
0.00
0.00
0.00
0.00
0.00
1172.93
0.00
0.00
0.00
747.94
0.00
956.72
0.00
0.00
0.00
762.26
1147.80
1198.34
0.00
0.00
0.00
0.00
0.00
925.36
0.00
0.00
0.00
0.00
0.00
639.58
0.00
0.00
0.00
0.00
0.00
681.35
0.00
534.90
0.00
0.00
0.00
721.67
1013.45
0.00
0.00
0.00
0.00
0.00
0.00
0.00
0.00
0.00
0.00
0.00
0.00
0.00
0.00
0.00
0.00
0.00
0.00
0.00
0.00
0.00
0.00
0.00
0.00
0.00
0.00
0.00
0.00
0.00
0.00
0.00
0.00
0.00
0.00
0.00
0.00
0.00
0.00
0.00
0.00
0.00
0.00
0.00
0.00
0.00
380.57
0.00
1292.62
0.00
0.00
0.00
0.00
0.00
1107.52
0.00
0.00
0.00
1364.07
0.00
834.87
0.00
0.00
0.00
600.03
0.00
876.46
0.00
0.00
0.00
0.00
0.00
738.73
0.00
0.00
0.00
0.00
0.00
1146.77
0.00
0.00
0.00
0.00
0.00
1197.24
0.00
0.00
0.00
0.00
0.00
938.80
0.00
0.00
0.00
0.00
0.00
1361.58
0.00
0.00
0.00
0.00
0.00
1110.61
0.00
0.00
0.00
0.00
0.00
1391.08
0.00
0.00
605.57
0.00
0.00
1074.19
0.00
0.00
760.54
0.00
0.00
742.46
0.00
0.00
0.00
0.00
0.00
790.94
0.00
0.00
0.00
0.00
0.00
837.74
0.00
0.00
0.00
0.00
0.00
0.00
0.00
0.00
0.00
0.00
0.00
0.00
0.00
0.00
0.00
0.00
0.00
0.00
0.00
0.00
0.00
0.00
0.00
0.00
0.00
0.00
0.00
0.00
0.00
0.00
0.00
0.00
0.00
0.00
0.00
0.00
0.00
0.00
0.00
0.00
0.00
0.00
0.00
0.00
0.00
0.00
0.00
0.00
730.75
0.00
0.00
572.24
0.00
0.00
534.66
0.00
0.00
0.00
0.00
0.00
564.56
0.00
0.00
0.00
0.00
0.00
465.51
0.00
0.00
401.80
0.00
0.00
758.98
0.00
0.00
0.00
0.00
0.00
795.27
0.00
0.00
0.00
0.00
0.00
609.40
0.00
0.00
0.00
0.00
0.00
913.47
0.00
1010.92
0.00
0.00
0.00
732.96
0.00
0.00
0.00
0.00
0.00
934.68
1297.44
0.00
0.00
701.88
0.00
706.78
0.00
0.00
792.05
0.00
0.00
468.19
0.00
0.00
0.00
0.00
0.00
503.05
1321.09
0.00
939.71
0.00
1115.16
536.72
0.00
0.00
0.00
0.00
0.00
0.00
0.00
0.00
0.00
0.00
0.00
0.00
0.00
0.00
0.00
0.00
0.00
0.00
0.00
0.00
0.00
0.00
0.00
0.00
0.00
0.00
0.00
0.00
0.00
0.00
0.00
0.00
0.00
0.00
0.00
0.00
0.00
0.00
0.00
0.00
0.00
0.00
0.00
0.00
0.00
0.00
0.00
0.00
0.00
0.00
0.00
0.00
0.00
0.00
773.92
0.00
0.00
0.00
0.00
0.00
566.24
0.00
0.00
217.22
0.00
0.00
597.92
0.00
0.00
0.00
0.00
0.00
493.01
0.00
0.00
0.00
0.00
0.00
803.82
1252.21
0.00
0.00
0.00
0.00
842.26
0.00
0.00
1091.35
0.00
0.00
645.40
0.00
0.00
0.00
0.00
0.00
967.44
0.00
0.00
0.00
0.00
0.00
776.27
0.00
0.00
0.00
0.00
0.00
989.90
0.00
0.00
0.00
0.00
0.00
748.53
0.00
0.00
0.00
0.00
0.00
495.85
0.00
0.00
833.38
0.00
0.00
532.77
0.00
0.00
0.00
0.00
0.00
568.43
0.00
0.00
0.00
0.00
0.00
0.00
0.00
0.00
0.00
0.00
0.00
0.00
0.00
0.00
0.00
0.00
0.00
0.00
0.00
0.00
0.00
0.00
0.00
0.00
0.00
0.00
0.00
0.00
0.00
0.00
0.00
0.00
0.00
0.00
0.00
0.00
0.00
0.00
0.00
0.00
0.00
0.00
0.00
0.00
0.00
0.00
0.00
0.00
0.00
0.00
0.00
0.00
0.00
0.00
768.23
0.00
0.00
0.00
0.00
0.00
562.08
0.00
0.00
0.00
0.00
0.00
593.52
0.00
0.00
0.00
0.00
0.00
489.38
292.08
0.00
0.00
0.00
0.00
797.90
0.00
405.74
0.00
0.00
438.08
836.06
0.00
0.00
0.00
91.19
0.00
640.65
0.00
0.00
0.00
0.00
0.00
960.32
0.00
0.00
0.00
1189.36
0.00
770.56
0.00
0.00
0.00
0.00
0.00
982.62
0.00
0.00
0.00
0.00
0.00
743.03
0.00
0.00
0.00
0.00
0.00
492.20
0.00
1349.90
444.18
0.00
0.00
528.86
0.00
0.00
0.00
0.00
0.00
564.25
0.00
0.00
0.00
0.00
0.00
0.00
0.00
0.00
0.00
0.00
0.00
0.00
0.00
0.00
0.00
0.00
0.00
0.00
0.00
0.00
0.00
0.00
0.00
0.00
0.00
0.00
0.00
0.00
0.00
0.00
0.00
0.00
0.00
0.00
0.00
0.00
0.00
0.00
0.00
0.00
0.00
0.00
0.00
0.00
0.00
0.00
0.00
0.00
0.00
812.29
0.00
0.00
0.00
0.00
336.68
0.00
1068.89
898.12
0.00
0.00
246.33
0.00
491.24
0.00
0.00
0.00
260.11
0.00
0.00
0.00
0.00
0.00
214.47
0.00
0.00
0.00
0.00
0.00
349.68
1050.12
0.00
0.00
0.00
0.00
366.41
0.00
0.00
1093.74
0.00
0.00
280.77
0.00
0.00
0.00
0.00
0.00
420.86
0.00
0.00
0.00
0.00
0.00
337.70
0.00
0.00
0.00
99.65
0.00
430.64
0.00
0.00
0.00
198.04
0.00
325.63
0.00
0.00
0.00
0.00
0.00
215.71
0.00
1359.87
0.00
0.00
0.00
231.77
0.00
0.00
0.00
0.00
0.00
247.28
1331.90
0.00
0.00
0.00
0.00
0.00
0.00
0.00
0.00
0.00
0.00
0.00
0.00
0.00
0.00
0.00
0.00
0.00
0.00
0.00
0.00
0.00
0.00
0.00
0.00
0.00
0.00
0.00
0.00
0.00
0.00
0.00
0.00
0.00
0.00
0.00
0.00
0.00
0.00
0.00
0.00
0.00
0.00
0.00
0.00
0.00
0.00
0.00
0.00
0.00
0.00
0.00
0.00
0.00
875.26
0.00
0.00
0.00
0.00
0.00
640.39
0.00
0.00
0.00
0.00
0.00
676.21
0.00
0.00
0.00
0.00
0.00
557.57
0.00
0.00
0.00
0.00
943.79
909.07
0.00
0.00
0.00
0.00
0.00
952.55
0.00
1360.83
0.00
0.00
0.00
729.91
0.00
0.00
0.00
0.00
1257.75
1094.12
0.00
0.00
0.00
0.00
0.00
877.92
0.00
645.23
0.00
0.00
0.00
1119.53
0.00
0.00
0.00
1281.33
0.00
846.55
0.00
0.00
0.00
0.00
0.00
560.78
0.00
0.00
0.00
0.00
0.00
602.54
0.00
0.00
0.00
0.00
0.00
642.86
0.00
0.00
0.00
0.00
0.00
0.00
0.00
0.00
0.00
0.00
0.00
0.00
0.00
0.00
0.00
0.00
0.00
0.00
0.00
0.00
0.00
0.00
0.00
0.00
0.00
0.00
0.00
0.00
0.00
0.00
0.00
0.00
0.00
0.00
0.00
0.00
0.00
0.00
0.00
0.00
0.00
0.00
0.00
0.00
0.00
0.00
0.00
0.00
0.00
0.00
0.00
0.00
0.00
0.00
1016.04
0.00
0.00
0.00
0.00
0.00
743.39
0.00
0.00
0.00
0.00
0.00
784.98
0.00
0.00
0.00
0.00
0.00
647.25
0.00
0.00
0.00
0.00
589.59
1055.29
0.00
0.00
0.00
0.00
0.00
1105.76
0.00
0.00
0.00
0.00
0.00
847.32
0.00
0.00
0.00
0.00
0.00
1270.10
0.00
0.00
0.00
0.00
0.00
1019.12
0.00
0.00
0.00
0.00
0.00
1299.60
735.22
1170.34
838.24
0.00
0.00
982.71
0.00
0.00
0.00
559.22
0.00
650.97
0.00
0.00
0.00
0.00
0.00
699.45
0.00
0.00
0.00
200.55
0.00
746.26
0.00
0.00
0.00
0.00
0.00
0.00
0.00
0.00
0.00
0.00
0.00
0.00
0.00
0.00
0.00
0.00
0.00
0.00
0.00
0.00
0.00
0.00
0.00
0.00
0.00
0.00
0.00
0.00
0.00
0.00
0.00
0.00
0.00
0.00
0.00
0.00
0.00
0.00
0.00
0.00
0.00
0.00
0.00
0.00
0.00
0.00
0.00
0.00
0.00
0.00
0.00
0.00
0.00
0.00
401.53
0.00
0.00
0.00
607.46
0.00
431.44
0.00
0.00
0.00
0.00
0.00
332.39
0.00
0.00
0.00
0.00
152.29
625.86
0.00
0.00
0.00
0.00
0.00
662.15
0.00
0.00
0.00
0.00
0.00
476.28
0.00
0.00
0.00
0.00
0.00
780.35
0.00
0.00
0.00
0.00
0.00
599.84
0.00
0.00
0.00
0.00
0.00
801.56
0.00
0.00
0.00
0.00
0.00
573.65
0.00
0.00
0.00
0.00
0.00
335.07
0.00
0.00
1257.91
0.00
0.00
369.93
0.00
1136.62
0.00
0.00
0.00
403.60
398.35
0.00
0.00
0.00
0.00
0.00
0.00
0.00
0.00
0.00
0.00
0.00
0.00
0.00
0.00
0.00
0.00
0.00
0.00
0.00
0.00
0.00
0.00
0.00
0.00
0.00
0.00
0.00
0.00
0.00
0.00
0.00
0.00
0.00
0.00
0.00
0.00
0.00
0.00
0.00
0.00
0.00
0.00
0.00
0.00
0.00
0.00
0.00
0.00
0.00
0.00
0.00
0.00
0.00
0.00
0.00
0.00
0.00
0.00
0.00
425.26
0.00
0.00
0.00
0.00
0.00
456.93
0.00
0.00
0.00
0.00
0.00
352.02
0.00
0.00
0.00
0.00
0.00
662.83
0.00
0.00
1396.74
0.00
43.56
701.27
0.00
0.00
0.00
0.00
0.00
504.41
0.00
0.00
0.00
0.00
0.00
826.45
0.00
0.00
0.00
0.00
0.00
635.28
0.00
0.00
0.00
0.00
0.00
848.92
0.00
0.00
0.00
0.00
1119.68
607.54
0.00
0.00
0.00
1375.08
0.00
354.86
0.00
0.00
0.00
0.00
1389.39
391.79
0.00
0.00
1168.72
0.00
450.52
427.44
0.00
0.00
222.13
296.56
0.00
0.00
0.00
0.00
0.00
0.00
0.00
0.00
0.00
0.00
0.00
0.00
0.00
0.00
0.00
0.00
0.00
0.00
0.00
0.00
0.00
0.00
0.00
0.00
0.00
0.00
0.00
0.00
0.00
0.00
0.00
0.00
0.00
0.00
0.00
0.00
0.00
0.00
0.00
0.00
0.00
0.00
0.00
0.00
0.00
0.00
0.00
0.00
0.00
0.00
0.00
0.00
0.00
293.31
0.00
392.57
422.13
0.00
0.00
0.00
0.00
0.00
453.57
0.00
0.00
801.18
0.00
0.00
349.43
0.00
0.00
0.00
131.62
0.00
657.95
0.00
0.00
338.32
0.00
0.00
696.11
0.00
0.00
0.00
0.00
46.32
500.70
0.00
436.84
0.00
0.00
0.00
820.37
947.88
817.72
0.00
0.00
0.00
630.61
0.00
0.00
0.00
0.00
0.00
842.67
0.00
0.00
0.00
0.00
0.00
603.08
0.00
0.00
0.00
0.00
0.00
352.25
0.00
1147.09
321.22
0.00
0.00
388.91
1280.53
0.00
0.00
0.00
0.00
424.30
0.00
0.00
0.00
0.00
0.00
0.00
0.00
0.00
0.00
0.00
0.00
0.00
0.00
0.00
0.00
0.00
0.00
0.00
0.00
0.00
0.00
0.00
0.00
0.00
0.00
0.00
0.00
0.00
0.00
0.00
0.00
0.00
0.00
0.00
0.00
0.00
0.00
0.00
0.00
0.00
0.00
0.00
0.00
0.00
0.00
0.00
0.00
0.00
0.00
0.00
0.00
0.00
0.00
0.00
0.00
0.00
583.06
0.00
0.00
0.00
185.00
0.00
0.00
0.00
0.00
0.00
198.78
0.00
1324.18
0.00
0.00
0.00
153.14
0.00
0.00
0.00
891.03
0.00
288.35
0.00
0.00
0.00
0.00
197.23
305.07
0.00
0.00
0.00
0.00
0.00
219.43
0.00
0.00
0.00
0.00
0.00
359.53
0.00
0.00
0.00
0.00
1213.68
276.36
0.00
0.00
0.00
0.00
0.00
369.30
0.00
128.95
0.00
0.00
0.00
264.30
0.00
0.00
0.00
135.86
0.00
154.37
0.00
0.00
0.00
0.00
0.00
170.44
0.00
148.59
575.81
0.00
0.00
185.95
0.00
0.00
0.00
0.00
0.00
0.00
0.00
0.00
0.00
0.00
0.00
0.00
0.00
0.00
0.00
0.00
0.00
0.00
0.00
0.00
0.00
0.00
0.00
0.00
0.00
0.00
0.00
0.00
0.00
0.00
0.00
0.00
0.00
0.00
0.00
0.00
0.00
0.00
0.00
0.00
0.00
0.00
0.00
0.00
0.00
0.00
0.00
0.00
0.00
0.00
0.00
0.00
0.00
0.00
0.00
0.00
0.00
0.00
0.00
1234.72
480.94
0.00
0.00
0.00
0.00
0.00
516.77
0.00
0.00
0.00
0.00
0.00
398.12
0.00
0.00
0.00
0.00
0.00
749.63
0.00
0.00
697.00
0.00
0.00
793.10
0.00
0.00
0.00
629.10
0.00
570.47
0.00
0.00
0.00
0.00
0.00
934.67
0.00
0.00
0.00
0.00
0.00
718.47
0.00
0.00
0.00
0.00
0.00
960.08
0.00
0.00
0.00
0.00
0.00
687.10
0.00
0.00
0.00
0.00
0.00
401.33
0.00
0.00
0.00
0.00
0.00
443.09
0.00
0.00
0.00
0.00
0.00
483.41
0.00
0.00
0.00
0.00
0.00
0.00
0.00
0.00
0.00
0.00
0.00
0.00
0.00
0.00
0.00
0.00
0.00
0.00
0.00
0.00
0.00
0.00
0.00
0.00
0.00
0.00
0.00
0.00
0.00
0.00
0.00
0.00
0.00
0.00
0.00
0.00
0.00
0.00
0.00
0.00
0.00
0.00
0.00
0.00
0.00
0.00
0.00
0.00
0.00
0.00
0.00
0.00
0.00
0.00
0.00
0.00
0.00
0.00
0.00
0.00
558.30
0.00
0.00
440.61
0.00
0.00
599.88
0.00
70.28
0.00
0.00
0.00
462.15
0.00
0.00
0.00
0.00
0.00
870.20
0.00
0.00
0.00
0.00
0.00
920.66
0.00
0.00
0.00
0.00
472.91
662.22
0.00
0.00
0.00
0.00
0.00
1085.01
0.00
0.00
0.00
0.00
0.00
834.03
0.00
0.00
0.00
0.00
0.00
1114.50
0.00
0.00
0.00
0.00
0.00
797.62
0.00
0.00
0.00
0.00
0.00
465.88
0.00
0.00
0.00
0.00
0.00
514.36
0.00
0.00
0.00
0.00
1153.29
561.17
0.00
0.00
0.00
0.00
0.00
0.00
0.00
0.00
0.00
0.00
0.00
0.00
0.00
0.00
0.00
0.00
0.00
0.00
0.00
0.00
0.00
0.00
0.00
0.00
0.00
0.00
0.00
0.00
0.00
0.00
0.00
0.00
0.00
0.00
0.00
0.00
0.00
0.00
0.00
0.00
0.00
0.00
0.00
0.00
0.00
0.00
0.00
0.00
0.00
0.00
0.00
0.00
0.00
0.00
0.00
0.00
0.00
0.00
0.00
0.00
235.35
0.00
0.00
0.00
0.00
0.00
136.30
0.00
0.00
0.00
0.00
0.00
429.76
0.00
0.00
0.00
0.00
0.00
466.06
0.00
0.00
0.00
0.00
0.00
280.19
0.00
0.00
0.00
0.00
0.00
584.26
0.00
0.00
0.00
0.00
0.00
403.75
0.00
0.00
0.00
0.00
0.00
605.47
1028.34
0.00
0.00
0.00
245.88
377.56
0.00
0.00
0.00
776.96
0.00
138.97
0.00
0.00
0.00
0.00
280.09
173.84
0.00
0.00
0.00
0.00
0.00
207.51
0.00
0.00
1321.09
0.00
0.00
0.00
0.00
0.00
0.00
0.00
0.00
0.00
0.00
0.00
0.00
0.00
0.00
0.00
0.00
0.00
0.00
0.00
0.00
0.00
0.00
0.00
0.00
0.00
0.00
0.00
0.00
0.00
0.00
0.00
0.00
0.00
0.00
0.00
0.00
0.00
0.00
0.00
0.00
0.00
0.00
0.00
0.00
0.00
0.00
0.00
0.00
0.00
0.00
0.00
0.00
0.00
0.00
0.00
0.00
0.00
0.00
0.00
0.00
0.00
0.00
0.00
249.26
0.00
0.00
0.00
0.00
0.00
144.35
0.00
0.00
0.00
0.00
0.00
455.15
0.00
0.00
0.00
0.00
0.00
493.59
0.00
0.00
103.86
0.00
0.00
296.74
0.00
0.00
0.00
0.00
0.00
618.77
0.00
1022.76
0.00
0.00
0.00
427.60
0.00
0.00
1109.52
0.00
0.00
641.24
840.50
0.00
0.00
0.00
0.00
399.87
0.00
0.00
0.00
0.00
0.00
147.18
0.00
0.00
0.00
0.00
0.00
184.11
0.00
0.00
0.00
0.00
0.00
219.77
0.00
0.00
0.00
0.00
0.00
0.00
0.00
0.00
0.00
0.00
0.00
0.00
0.00
0.00
0.00
0.00
0.00
0.00
0.00
0.00
0.00
0.00
0.00
0.00
0.00
0.00
0.00
0.00
0.00
0.00
0.00
0.00
0.00
0.00
0.00
0.00
0.00
0.00
0.00
0.00
0.00
0.00
0.00
0.00
0.00
0.00
0.00
0.00
0.00
0.00
0.00
0.00
0.00
0.00
0.00
0.00
0.00
0.00
0.00
0.00
0.00
0.00
0.00
0.00
0.00
0.00
247.42
399.49
0.00
0.00
0.00
0.00
143.29
0.00
0.00
0.00
0.00
0.00
451.81
1025.92
0.00
0.00
0.00
0.00
489.96
0.00
0.00
0.00
0.00
0.00
294.56
0.00
0.00
0.00
0.00
0.00
614.22
0.00
0.00
0.00
0.00
0.00
424.46
0.00
0.00
994.43
668.33
0.00
636.53
0.00
0.00
0.00
0.00
0.00
396.93
0.00
0.00
0.00
0.00
0.00
146.10
0.00
0.00
0.00
0.00
223.95
182.76
0.00
0.00
0.00
1105.48
0.00
218.15
0.00
0.00
499.40
0.00
0.00
0.00
0.00
0.00
0.00
0.00
0.00
0.00
0.00
0.00
0.00
0.00
0.00
0.00
0.00
0.00
0.00
0.00
0.00
0.00
0.00
0.00
0.00
0.00
0.00
0.00
0.00
0.00
0.00
0.00
0.00
0.00
0.00
0.00
0.00
0.00
0.00
0.00
0.00
0.00
0.00
0.00
0.00
0.00
0.00
0.00
0.00
0.00
0.00
0.00
0.00
0.00
0.00
0.00
0.00
0.00
0.00
0.00
0.00
0.00
0.00
0.00
108.43
0.00
0.00
0.00
0.00
0.00
62.80
0.00
0.00
0.00
0.00
0.00
198.01
0.00
0.00
0.00
0.00
0.00
214.73
0.00
633.24
0.00
0.00
0.00
129.09
173.75
0.00
0.00
0.00
0.00
269.18
0.00
0.00
0.00
0.00
0.00
186.02
0.00
0.00
0.00
0.00
0.00
278.96
0.00
296.26
0.00
0.00
0.00
173.95
798.58
0.00
280.70
0.00
0.00
64.03
0.00
0.00
0.00
0.00
0.00
80.09
0.00
0.00
139.11
0.00
0.00
95.60
0.00
124.86
0.00
0.00
0.00
0.00
0.00
0.00
0.00
0.00
0.00
0.00
0.00
0.00
0.00
0.00
0.00
0.00
0.00
0.00
0.00
0.00
0.00
0.00
0.00
0.00
0.00
0.00
0.00
0.00
0.00
0.00
0.00
0.00
0.00
0.00
0.00
0.00
0.00
0.00
0.00
0.00
0.00
0.00
0.00
0.00
0.00
0.00
0.00
0.00
0.00
0.00
0.00
0.00
0.00
0.00
0.00
0.00
0.00
0.00
0.00
0.00
0.00
0.00
0.00
0.00
281.90
0.00
0.00
498.77
0.00
0.00
163.25
0.00
0.00
0.00
0.00
0.00
514.76
407.01
0.00
0.00
0.00
1236.61
558.23
0.00
0.00
0.00
0.00
433.99
335.60
0.00
0.00
0.00
0.00
0.00
699.80
0.00
0.00
0.00
0.00
0.00
483.60
0.00
0.00
0.00
0.00
0.00
725.21
1006.58
0.00
0.00
0.00
0.00
452.23
0.00
0.00
0.00
0.00
0.00
166.46
0.00
0.00
0.00
1123.18
0.00
208.22
0.00
0.00
0.00
0.00
0.00
248.54
0.00
0.00
0.00
0.00
0.00
0.00
0.00
0.00
0.00
0.00
0.00
0.00
0.00
0.00
0.00
0.00
0.00
0.00
0.00
0.00
0.00
0.00
0.00
0.00
0.00
0.00
0.00
0.00
0.00
0.00
0.00
0.00
0.00
0.00
0.00
0.00
0.00
0.00
0.00
0.00
0.00
0.00
0.00
0.00
0.00
0.00
0.00
0.00
0.00
0.00
0.00
0.00
0.00
0.00
0.00
0.00
0.00
0.00
0.00
0.00
0.00
0.00
0.00
0.00
0.00
0.00
327.24
0.00
0.00
0.00
0.00
0.00
189.51
0.00
0.00
0.00
0.00
0.00
597.55
0.00
0.00
0.00
289.24
0.00
648.02
0.00
1210.98
0.00
0.00
0.00
389.57
0.00
0.00
0.00
0.00
0.00
812.36
0.00
0.00
0.00
0.00
0.00
561.38
0.00
0.00
0.00
0.00
0.00
841.85
549.68
0.00
0.00
0.00
0.00
524.97
0.00
0.00
0.00
0.00
0.00
193.23
0.00
0.00
0.00
0.00
0.00
241.71
81.69
0.00
0.00
0.00
0.00
288.52
0.00
0.00
0.00
0.00
0.00
0.00
0.00
0.00
0.00
0.00
0.00
0.00
0.00
0.00
0.00
0.00
0.00
0.00
0.00
0.00
0.00
0.00
0.00
0.00
0.00
0.00
0.00
0.00
0.00
0.00
0.00
0.00
0.00
0.00
0.00
0.00
0.00
0.00
0.00
0.00
0.00
0.00
0.00
0.00
0.00
0.00
0.00
0.00
0.00
0.00
0.00
0.00
0.00
0.00
0.00
0.00
0.00
0.00
0.00
0.00
0.00
0.00
0.00
0.00
0.00
0.00
166.20
0.00
0.00
0.00
38.73
0.00
459.67
0.00
0.00
0.00
0.00
0.00
495.97
0.00
0.00
0.00
0.00
0.00
310.10
0.00
0.00
0.00
0.00
0.00
614.17
0.00
0.00
0.00
0.00
0.00
433.66
0.00
0.00
0.00
0.00
0.00
635.38
0.00
0.00
0.00
0.00
0.00
407.47
0.00
0.00
0.00
0.00
0.00
168.88
0.00
0.00
0.00
0.00
0.00
203.75
0.00
0.00
206.91
0.00
0.00
237.42
0.00
0.00
0.00
0.00
0.00
0.00
0.00
0.00
0.00
0.00
0.00
0.00
0.00
0.00
0.00
0.00
0.00
0.00
0.00
0.00
0.00
0.00
0.00
0.00
0.00
0.00
0.00
0.00
0.00
0.00
0.00
0.00
0.00
0.00
0.00
0.00
0.00
0.00
0.00
0.00
0.00
0.00
0.00
0.00
0.00
0.00
0.00
0.00
0.00
0.00
0.00
0.00
0.00
0.00
0.00
0.00
0.00
0.00
0.00
0.00
0.00
0.00
0.00
0.00
0.00
0.00
0.00
0.00
0.00
0.00
0.00
0.00
176.02
0.00
0.00
0.00
0.00
1142.47
486.83
0.00
0.00
0.00
146.51
0.00
525.27
0.00
0.00
0.00
0.00
0.00
328.42
0.00
0.00
0.00
0.00
0.00
650.45
0.00
0.00
0.00
0.00
0.00
459.28
0.00
0.00
0.00
836.50
0.00
672.92
0.00
0.00
0.00
0.00
0.00
431.54
0.00
0.00
0.00
0.00
851.87
178.86
0.00
0.00
0.00
0.00
0.00
215.79
560.78
0.00
0.00
0.00
0.00
251.44
0.00
0.00
1164.27
0.00
0.00
0.00
0.00
0.00
0.00
0.00
0.00
0.00
0.00
0.00
0.00
0.00
0.00
0.00
0.00
0.00
0.00
0.00
0.00
0.00
0.00
0.00
0.00
0.00
0.00
0.00
0.00
0.00
0.00
0.00
0.00
0.00
0.00
0.00
0.00
0.00
0.00
0.00
0.00
0.00
0.00
0.00
0.00
0.00
0.00
0.00
0.00
0.00
0.00
0.00
0.00
0.00
0.00
0.00
0.00
0.00
0.00
0.00
0.00
0.00
0.00
0.00
0.00
0.00
0.00
0.00
0.00
0.00
174.73
518.97
0.00
0.00
0.00
0.00
483.25
0.00
1316.91
0.00
0.00
0.00
521.41
0.00
0.00
0.00
0.00
0.00
326.00
0.00
0.00
0.00
0.00
0.00
645.67
0.00
0.00
0.00
0.00
457.26
455.90
0.00
0.00
0.00
0.00
0.00
667.97
0.00
0.00
0.00
0.00
0.00
428.37
0.00
0.00
0.00
0.00
139.37
177.54
0.00
0.00
0.00
0.00
0.00
214.20
0.00
0.00
0.00
0.00
0.00
249.59
0.00
0.00
1105.18
0.00
0.00
0.00
0.00
0.00
0.00
0.00
0.00
0.00
0.00
0.00
0.00
0.00
0.00
0.00
0.00
0.00
0.00
0.00
0.00
0.00
0.00
0.00
0.00
0.00
0.00
0.00
0.00
0.00
0.00
0.00
0.00
0.00
0.00
0.00
0.00
0.00
0.00
0.00
0.00
0.00
0.00
0.00
0.00
0.00
0.00
0.00
0.00
0.00
0.00
0.00
0.00
0.00
0.00
0.00
0.00
0.00
0.00
0.00
0.00
0.00
0.00
0.00
0.00
0.00
0.00
0.00
0.00
105.60
76.58
690.53
0.00
0.00
0.00
0.00
211.79
0.00
0.00
0.00
0.00
0.00
228.51
0.00
0.00
0.00
0.00
0.00
142.87
0.00
0.00
0.00
0.00
0.00
282.96
0.00
0.00
0.00
0.00
0.00
199.80
276.70
0.00
0.00
0.00
0.00
292.74
0.00
0.00
0.00
0.00
0.00
187.73
0.00
0.00
0.00
0.00
0.00
77.81
0.00
379.11
0.00
0.00
0.00
93.87
0.00
0.00
0.00
0.00
0.00
109.38
0.00
0.00
0.00
0.00
0.00
0.00
0.00
0.00
0.00
0.00
0.00
0.00
0.00
0.00
0.00
0.00
0.00
0.00
0.00
0.00
0.00
0.00
0.00
0.00
0.00
0.00
0.00
0.00
0.00
0.00
0.00
0.00
0.00
0.00
0.00
0.00
0.00
0.00
0.00
0.00
0.00
0.00
0.00
0.00
0.00
0.00
0.00
0.00
0.00
0.00
0.00
0.00
0.00
0.00
0.00
0.00
0.00
0.00
0.00
0.00
0.00
0.00
0.00
0.00
0.00
0.00
0.00
0.00
0.00
0.00
0.00
0.00
199.07
0.00
0.00
0.00
0.00
0.00
550.58
0.00
0.00
0.00
182.91
0.00
594.05
0.00
0.00
0.00
0.00
0.00
371.42
0.00
0.00
0.00
0.00
0.00
735.63
0.00
1357.47
0.00
458.44
0.00
519.42
0.00
0.00
0.00
0.00
0.00
761.03
0.00
0.00
0.00
0.00
0.00
488.05
0.00
0.00
0.00
0.00
0.00
202.28
0.00
0.00
0.00
0.00
0.00
244.05
0.00
0.00
0.00
0.00
0.00
284.37
0.00
0.00
0.00
0.00
0.00
0.00
0.00
0.00
0.00
0.00
0.00
0.00
0.00
0.00
0.00
0.00
0.00
0.00
0.00
0.00
0.00
0.00
0.00
0.00
0.00
0.00
0.00
0.00
0.00
0.00
0.00
0.00
0.00
0.00
0.00
0.00
0.00
0.00
0.00
0.00
0.00
0.00
0.00
0.00
0.00
0.00
0.00
0.00
0.00
0.00
0.00
0.00
0.00
0.00
0.00
0.00
0.00
0.00
0.00
0.00
0.00
0.00
0.00
0.00
0.00
0.00
0.00
0.00
0.00
0.00
0.00
0.00
231.09
0.00
0.00
0.00
0.00
97.78
639.14
0.00
0.00
0.00
0.00
0.00
689.60
258.14
0.00
0.00
0.00
0.00
431.16
0.00
0.00
0.00
0.00
0.00
853.94
0.00
0.00
0.00
0.00
0.00
602.97
206.27
0.00
0.00
0.00
0.00
883.44
0.00
0.00
0.00
0.00
0.00
566.55
0.00
0.00
0.00
0.00
0.00
234.82
0.00
0.00
0.00
0.00
0.00
283.30
0.00
0.00
0.00
0.00
600.63
330.10
0.00
0.00
0.00
0.00
0.00
0.00
0.00
0.00
0.00
0.00
0.00
0.00
0.00
0.00
0.00
0.00
0.00
0.00
0.00
0.00
0.00
0.00
0.00
0.00
0.00
0.00
0.00
0.00
0.00
0.00
0.00
0.00
0.00
0.00
0.00
0.00
0.00
0.00
0.00
0.00
0.00
0.00
0.00
0.00
0.00
0.00
0.00
0.00
0.00
0.00
0.00
0.00
0.00
0.00
0.00
0.00
0.00
0.00
0.00
0.00
0.00
0.00
0.00
0.00
0.00
0.00
0.00
0.00
0.00
1399.93
0.00
0.00
360.62
0.00
0.00
0.00
0.00
0.00
396.91
0.00
0.00
0.00
0.00
0.00
211.04
0.00
0.00
0.00
0.00
0.00
515.11
0.00
0.00
0.00
0.00
100.34
334.60
0.00
0.00
0.00
0.00
0.00
536.32
0.00
0.00
0.00
0.00
0.00
308.42
0.00
0.00
0.00
0.00
0.00
69.83
0.00
0.00
0.00
0.00
0.00
104.70
0.00
0.00
0.00
0.00
0.00
138.36
0.00
810.96
0.00
834.28
0.00
0.00
0.00
0.00
0.00
0.00
0.00
0.00
0.00
0.00
0.00
0.00
0.00
0.00
0.00
0.00
0.00
0.00
0.00
0.00
0.00
0.00
0.00
0.00
0.00
0.00
0.00
0.00
0.00
0.00
0.00
0.00
0.00
0.00
0.00
0.00
0.00
0.00
0.00
0.00
0.00
0.00
0.00
0.00
0.00
0.00
0.00
0.00
0.00
0.00
0.00
0.00
0.00
0.00
0.00
0.00
0.00
0.00
0.00
0.00
0.00
0.00
0.00
0.00
0.00
0.00
0.00
0.00
0.00
0.00
0.00
0.00
0.00
0.00
381.92
0.00
0.00
0.00
164.11
0.00
420.36
0.00
0.00
0.00
0.00
0.00
223.51
0.00
914.53
0.00
0.00
0.00
545.54
0.00
0.00
0.00
0.00
0.00
354.37
0.00
417.91
0.00
0.00
0.00
568.01
0.00
0.00
0.00
0.00
0.00
326.64
0.00
0.00
0.00
0.00
0.00
73.95
520.33
1144.05
0.00
0.00
0.00
110.88
0.00
0.00
520.40
0.00
0.00
146.53
0.00
0.00
0.00
0.00
0.00
0.00
0.00
0.00
0.00
0.00
0.00
0.00
0.00
0.00
0.00
0.00
0.00
0.00
0.00
0.00
0.00
0.00
0.00
0.00
0.00
0.00
0.00
0.00
0.00
0.00
0.00
0.00
0.00
0.00
0.00
0.00
0.00
0.00
0.00
0.00
0.00
0.00
0.00
0.00
0.00
0.00
0.00
0.00
0.00
0.00
0.00
0.00
0.00
0.00
0.00
0.00
0.00
0.00
0.00
0.00
0.00
0.00
0.00
0.00
0.00
0.00
0.00
0.00
0.00
0.00
0.00
0.00
0.00
0.00
0.00
0.00
0.00
0.00
379.11
0.00
0.00
0.00
920.96
0.00
417.27
0.00
0.00
0.00
0.00
0.00
221.86
0.00
449.20
0.00
0.00
0.00
541.53
0.00
0.00
0.00
0.00
0.00
351.77
0.00
0.00
0.00
0.00
0.00
563.83
1215.85
0.00
0.00
0.00
0.00
324.23
628.61
0.00
0.00
0.00
0.00
73.41
0.00
0.00
0.00
1222.15
0.00
110.07
0.00
0.00
0.00
0.00
0.00
145.46
763.59
0.00
0.00
0.00
0.00
0.00
0.00
0.00
0.00
0.00
0.00
0.00
0.00
0.00
0.00
0.00
0.00
0.00
0.00
0.00
0.00
0.00
0.00
0.00
0.00
0.00
0.00
0.00
0.00
0.00
0.00
0.00
0.00
0.00
0.00
0.00
0.00
0.00
0.00
0.00
0.00
0.00
0.00
0.00
0.00
0.00
0.00
0.00
0.00
0.00
0.00
0.00
0.00
0.00
0.00
0.00
0.00
0.00
0.00
0.00
0.00
0.00
0.00
0.00
0.00
0.00
0.00
0.00
0.00
0.00
0.00
0.00
0.00
379.89
0.00
0.00
0.00
1298.68
166.15
0.00
0.00
0.00
0.00
0.00
182.87
0.00
0.00
0.00
576.22
0.00
97.23
0.00
0.00
0.00
0.00
0.00
237.33
0.00
0.00
0.00
0.00
0.00
154.16
0.00
0.00
0.00
0.00
0.00
247.10
0.00
0.00
0.00
0.00
1245.75
142.10
0.00
0.00
0.00
0.00
0.00
32.17
0.00
0.00
1232.48
0.00
0.00
48.24
0.00
0.00
0.00
783.76
0.00
63.75
0.00
0.00
0.00
0.00
0.00
0.00
0.00
0.00
0.00
0.00
0.00
0.00
0.00
0.00
0.00
0.00
0.00
0.00
0.00
0.00
0.00
0.00
0.00
0.00
0.00
0.00
0.00
0.00
0.00
0.00
0.00
0.00
0.00
0.00
0.00
0.00
0.00
0.00
0.00
0.00
0.00
0.00
0.00
0.00
0.00
0.00
0.00
0.00
0.00
0.00
0.00
0.00
0.00
0.00
0.00
0.00
0.00
0.00
0.00
0.00
0.00
0.00
0.00
0.00
0.00
0.00
0.00
0.00
0.00
0.00
0.00
0.00
0.00
0.00
0.00
750.13
0.00
0.00
431.93
0.00
246.34
0.00
0.00
0.00
475.41
0.00
0.00
0.00
0.00
0.00
252.78
0.00
0.00
0.00
0.00
0.00
616.98
336.84
0.00
0.00
0.00
46.27
400.78
0.00
1056.96
0.00
0.00
0.00
642.39
0.00
0.00
0.00
0.00
0.00
369.41
0.00
0.00
0.00
0.00
0.00
83.64
0.00
0.00
631.88
0.00
0.00
125.40
0.00
0.00
0.00
0.00
0.00
165.72
0.00
0.00
0.00
0.00
0.00
0.00
0.00
0.00
0.00
0.00
0.00
0.00
0.00
0.00
0.00
0.00
0.00
0.00
0.00
0.00
0.00
0.00
0.00
0.00
0.00
0.00
0.00
0.00
0.00
0.00
0.00
0.00
0.00
0.00
0.00
0.00
0.00
0.00
0.00
0.00
0.00
0.00
0.00
0.00
0.00
0.00
0.00
0.00
0.00
0.00
0.00
0.00
0.00
0.00
0.00
0.00
0.00
0.00
0.00
0.00
0.00
0.00
0.00
0.00
0.00
0.00
0.00
0.00
0.00
0.00
0.00
0.00
0.00
0.00
0.00
0.00
319.40
0.00
501.41
0.00
0.00
0.00
0.00
0.00
551.87
0.00
0.00
0.00
0.00
0.00
293.43
0.00
1300.02
0.00
0.00
0.00
716.22
0.00
0.00
0.00
0.00
0.00
465.24
0.00
0.00
0.00
0.00
0.00
745.71
0.00
0.00
436.46
0.00
0.00
428.83
0.00
0.00
0.00
0.00
1077.57
97.09
0.00
0.00
0.00
0.00
1390.52
145.57
0.00
0.00
0.00
0.00
0.00
192.38
0.00
0.00
0.00
0.00
0.00
0.00
0.00
0.00
0.00
0.00
0.00
0.00
0.00
0.00
0.00
0.00
0.00
0.00
0.00
0.00
0.00
0.00
0.00
0.00
0.00
0.00
0.00
0.00
0.00
0.00
0.00
0.00
0.00
0.00
0.00
0.00
0.00
0.00
0.00
0.00
0.00
0.00
0.00
0.00
0.00
0.00
0.00
0.00
0.00
0.00
0.00
0.00
0.00
0.00
0.00
0.00
0.00
0.00
0.00
0.00
0.00
0.00
0.00
0.00
0.00
0.00
0.00
0.00
0.00
0.00
0.00
0.00
0.00
0.00
0.00
0.00
80.00
0.00
690.38
0.00
0.00
0.00
319.90
0.00
504.51
0.00
0.00
0.00
0.00
0.00
808.58
0.00
0.00
0.00
0.00
0.00
628.07
0.00
0.00
0.00
0.00
0.00
829.79
743.02
1162.37
0.00
0.00
0.00
601.89
0.00
0.00
0.00
0.00
0.00
363.30
0.00
1307.72
0.00
0.00
0.00
398.16
0.00
279.77
0.00
0.00
231.16
431.83
0.00
0.00
0.00
0.00
0.00
0.00
0.00
0.00
0.00
0.00
0.00
0.00
0.00
0.00
0.00
0.00
0.00
0.00
0.00
0.00
0.00
0.00
0.00
0.00
0.00
0.00
0.00
0.00
0.00
0.00
0.00
0.00
0.00
0.00
0.00
0.00
0.00
0.00
0.00
0.00
0.00
0.00
0.00
0.00
0.00
0.00
0.00
0.00
0.00
0.00
0.00
0.00
0.00
0.00
0.00
0.00
0.00
0.00
0.00
0.00
0.00
0.00
0.00
0.00
0.00
0.00
0.00
0.00
0.00
0.00
0.00
0.00
0.00
0.00
0.00
0.00
0.00
0.00
0.00
0.00
0.00
0.00
0.00
0.00
731.17
0.00
0.00
0.00
0.00
1023.90
534.31
0.00
0.00
0.00
1141.53
1332.66
856.35
0.00
1133.61
0.00
0.00
0.00
665.18
0.00
0.00
0.00
0.00
0.00
878.82
0.00
0.00
470.08
0.00
0.00
637.44
0.00
0.00
0.00
0.00
0.00
384.76
208.19
0.00
0.00
0.00
0.00
421.69
0.00
0.00
0.00
0.00
0.00
457.34
0.00
0.00
0.00
104.90
0.00
0.00
0.00
0.00
0.00
0.00
0.00
0.00
0.00
0.00
0.00
0.00
0.00
0.00
0.00
0.00
0.00
0.00
0.00
0.00
0.00
0.00
0.00
0.00
0.00
0.00
0.00
0.00
0.00
0.00
0.00
0.00
0.00
0.00
0.00
0.00
0.00
0.00
0.00
0.00
0.00
0.00
0.00
0.00
0.00
0.00
0.00
0.00
0.00
0.00
0.00
0.00
0.00
0.00
0.00
0.00
0.00
0.00
0.00
0.00
0.00
0.00
0.00
0.00
0.00
0.00
0.00
0.00
0.00
0.00
0.00
0.00
0.00
0.00
0.00
0.00
0.00
0.00
0.00
1233.26
725.79
0.00
0.00
0.00
0.00
0.00
530.38
0.00
0.00
0.00
397.08
0.00
850.05
0.00
0.00
0.00
0.00
0.00
660.29
0.00
0.00
1215.96
0.00
0.00
872.35
0.00
0.00
0.00
0.00
0.00
632.75
0.00
0.00
1270.44
0.00
0.00
381.93
0.00
0.00
0.00
0.00
0.00
418.59
0.00
0.00
0.00
0.00
0.00
453.98
0.00
0.00
452.08
0.00
0.00
0.00
0.00
0.00
0.00
0.00
0.00
0.00
0.00
0.00
0.00
0.00
0.00
0.00
0.00
0.00
0.00
0.00
0.00
0.00
0.00
0.00
0.00
0.00
0.00
0.00
0.00
0.00
0.00
0.00
0.00
0.00
0.00
0.00
0.00
0.00
0.00
0.00
0.00
0.00
0.00
0.00
0.00
0.00
0.00
0.00
0.00
0.00
0.00
0.00
0.00
0.00
0.00
0.00
0.00
0.00
0.00
0.00
0.00
0.00
0.00
0.00
0.00
0.00
0.00
0.00
0.00
0.00
0.00
0.00
0.00
0.00
0.00
0.00
0.00
0.00
0.00
0.00
0.00
0.00
318.08
0.00
0.00
1053.36
0.00
0.00
232.44
0.00
320.53
0.00
605.08
890.63
372.54
0.00
0.00
1183.65
56.30
0.00
289.37
1031.68
0.00
0.00
0.00
0.00
382.31
659.26
0.00
0.00
0.00
0.00
277.31
0.00
0.00
0.00
0.00
0.00
167.38
0.00
0.00
0.00
0.00
0.00
183.45
0.00
0.00
0.00
0.00
0.00
198.96
0.00
0.00
0.00
0.00
0.00
0.00
0.00
0.00
0.00
0.00
0.00
0.00
0.00
0.00
0.00
0.00
0.00
0.00
0.00
0.00
0.00
0.00
0.00
0.00
0.00
0.00
0.00
0.00
0.00
0.00
0.00
0.00
0.00
0.00
0.00
0.00
0.00
0.00
0.00
0.00
0.00
0.00
0.00
0.00
0.00
0.00
0.00
0.00
0.00
0.00
0.00
0.00
0.00
0.00
0.00
0.00
0.00
0.00
0.00
0.00
0.00
0.00
0.00
0.00
0.00
0.00
0.00
0.00
0.00
0.00
0.00
0.00
0.00
0.00
0.00
0.00
0.00
0.00
0.00
0.00
0.00
0.00
0.00
0.00
826.91
0.00
0.00
0.00
0.00
0.00
604.28
0.00
0.00
0.00
0.00
0.00
968.49
0.00
0.00
0.00
0.00
0.00
752.28
0.00
0.00
0.00
0.00
0.00
993.89
0.00
0.00
0.00
0.00
0.00
720.92
0.00
0.00
0.00
0.00
0.00
435.14
0.00
0.00
0.00
0.00
879.41
476.91
0.00
0.00
0.00
0.00
0.00
517.23
0.00
0.00
0.00
0.00
0.00
0.00
0.00
0.00
0.00
0.00
0.00
0.00
0.00
0.00
0.00
0.00
0.00
0.00
0.00
0.00
0.00
0.00
0.00
0.00
0.00
0.00
0.00
0.00
0.00
0.00
0.00
0.00
0.00
0.00
0.00
0.00
0.00
0.00
0.00
0.00
0.00
0.00
0.00
0.00
0.00
0.00
0.00
0.00
0.00
0.00
0.00
0.00
0.00
0.00
0.00
0.00
0.00
0.00
0.00
0.00
0.00
0.00
0.00
0.00
0.00
0.00
0.00
0.00
0.00
0.00
0.00
0.00
0.00
0.00
0.00
0.00
0.00
0.00
0.00
0.00
0.00
0.00
0.00
0.00
959.92
0.00
429.98
0.00
824.82
0.00
701.47
0.00
1119.83
1077.05
0.00
0.00
1124.26
0.00
0.00
0.00
0.00
0.00
873.28
0.00
0.00
1119.28
0.00
0.00
1153.75
0.00
0.00
0.00
0.00
0.00
836.87
0.00
0.00
0.00
0.00
0.00
505.13
0.00
0.00
0.00
0.00
0.00
553.61
0.00
0.00
0.00
0.00
0.00
600.42
0.00
0.00
0.00
0.00
0.00
0.00
0.00
0.00
0.00
0.00
0.00
0.00
0.00
0.00
0.00
0.00
0.00
0.00
0.00
0.00
0.00
0.00
0.00
0.00
0.00
0.00
0.00
0.00
0.00
0.00
0.00
0.00
0.00
0.00
0.00
0.00
0.00
0.00
0.00
0.00
0.00
0.00
0.00
0.00
0.00
0.00
0.00
0.00
0.00
0.00
0.00
0.00
0.00
0.00
0.00
0.00
0.00
0.00
0.00
0.00
0.00
0.00
0.00
0.00
0.00
0.00
0.00
0.00
0.00
0.00
0.00
0.00
0.00
0.00
0.00
0.00
0.00
0.00
0.00
0.00
0.00
0.00
0.00
0.00
540.80
0.00
0.00
537.33
0.00
0.00
844.88
0.00
0.00
1260.34
0.00
0.00
664.37
0.00
0.00
1289.85
1080.63
780.32
866.09
0.00
0.00
0.00
0.00
0.00
638.18
0.00
0.00
0.00
0.00
0.00
399.59
0.00
1087.32
1354.72
0.00
0.00
434.46
0.00
0.00
1290.13
418.41
0.00
468.12
0.00
0.00
0.00
0.00
0.00
0.00
0.00
0.00
0.00
0.00
0.00
0.00
0.00
0.00
0.00
0.00
0.00
0.00
0.00
0.00
0.00
0.00
0.00
0.00
0.00
0.00
0.00
0.00
0.00
0.00
0.00
0.00
0.00
0.00
0.00
0.00
0.00
0.00
0.00
0.00
0.00
0.00
0.00
0.00
0.00
0.00
0.00
0.00
0.00
0.00
0.00
0.00
0.00
0.00
0.00
0.00
0.00
0.00
0.00
0.00
0.00
0.00
0.00
0.00
0.00
0.00
0.00
0.00
0.00
0.00
0.00
0.00
0.00
0.00
0.00
0.00
0.00
0.00
0.00
0.00
0.00
0.00
0.00
0.00
0.00
0.00
0.00
0.00
0.00
0.00
572.75
0.00
0.00
0.00
0.00
0.00
894.79
0.00
484.33
0.00
0.00
0.00
703.62
0.00
786.79
0.00
0.00
0.00
917.26
1081.97
0.00
0.00
0.00
0.00
675.88
0.00
0.00
1132.52
0.00
0.00
423.20
0.00
0.00
31.77
0.00
0.00
460.13
0.00
0.00
0.00
0.00
0.00
495.78
0.00
373.93
189.36
0.00
0.00
0.00
0.00
0.00
0.00
0.00
0.00
0.00
0.00
0.00
0.00
0.00
0.00
0.00
0.00
0.00
0.00
0.00
0.00
0.00
0.00
0.00
0.00
0.00
0.00
0.00
0.00
0.00
0.00
0.00
0.00
0.00
0.00
0.00
0.00
0.00
0.00
0.00
0.00
0.00
0.00
0.00
0.00
0.00
0.00
0.00
0.00
0.00
0.00
0.00
0.00
0.00
0.00
0.00
0.00
0.00
0.00
0.00
0.00
0.00
0.00
0.00
0.00
0.00
0.00
0.00
0.00
0.00
0.00
0.00
0.00
0.00
0.00
0.00
0.00
0.00
0.00
0.00
0.00
0.00
0.00
0.00
0.00
0.00
1118.84
0.00
568.54
0.00
0.00
78.59
0.00
0.00
888.21
0.00
187.45
0.00
0.00
0.00
698.44
0.00
0.00
0.00
0.00
0.00
910.51
0.00
0.00
0.00
0.00
0.00
670.91
0.00
0.00
0.00
0.00
0.00
420.09
0.00
0.00
0.00
0.00
0.00
456.74
0.00
0.00
0.00
0.00
0.00
492.13
0.00
0.00
0.00
0.00
0.00
0.00
0.00
0.00
0.00
0.00
0.00
0.00
0.00
0.00
0.00
0.00
0.00
0.00
0.00
0.00
0.00
0.00
0.00
0.00
0.00
0.00
0.00
0.00
0.00
0.00
0.00
0.00
0.00
0.00
0.00
0.00
0.00
0.00
0.00
0.00
0.00
0.00
0.00
0.00
0.00
0.00
0.00
0.00
0.00
0.00
0.00
0.00
0.00
0.00
0.00
0.00
0.00
0.00
0.00
0.00
0.00
0.00
0.00
0.00
0.00
0.00
0.00
0.00
0.00
0.00
0.00
0.00
0.00
0.00
0.00
0.00
0.00
0.00
0.00
0.00
0.00
0.00
0.00
0.00
0.00
0.00
0.00
0.00
0.00
0.00
249.16
0.00
0.00
0.00
0.00
0.00
389.26
0.00
0.00
0.00
0.00
0.00
306.09
0.00
0.00
0.00
0.00
0.00
399.03
0.00
1069.72
0.00
478.21
0.00
294.03
0.00
165.79
0.00
0.00
0.00
184.10
0.00
0.00
0.00
0.00
0.00
200.17
0.00
0.00
682.78
0.00
0.00
215.68
0.00
0.00
0.00
0.00
0.00
0.00
0.00
0.00
0.00
0.00
0.00
0.00
0.00
0.00
0.00
0.00
0.00
0.00
0.00
0.00
0.00
0.00
0.00
0.00
0.00
0.00
0.00
0.00
0.00
0.00
0.00
0.00
0.00
0.00
0.00
0.00
0.00
0.00
0.00
0.00
0.00
0.00
0.00
0.00
0.00
0.00
0.00
0.00
0.00
0.00
0.00
0.00
0.00
0.00
0.00
0.00
0.00
0.00
0.00
0.00
0.00
0.00
0.00
0.00
0.00
0.00
0.00
0.00
0.00
0.00
0.00
0.00
0.00
0.00
0.00
0.00
0.00
0.00
0.00
0.00
0.00
0.00
0.00
0.00
0.00
0.00
0.00
0.00
0.00
0.00
647.75
963.79
0.00
0.00
0.00
0.00
1011.96
0.00
0.00
0.00
0.00
0.00
795.76
0.00
0.00
0.00
0.00
0.00
1037.37
0.00
0.00
0.00
0.00
0.00
764.39
0.00
0.00
0.00
0.00
0.00
478.62
0.00
0.00
0.00
755.07
0.00
520.38
0.00
0.00
0.00
0.00
0.00
560.70
0.00
0.00
0.00
0.00
0.00
0.00
0.00
0.00
0.00
0.00
0.00
0.00
0.00
0.00
0.00
0.00
0.00
0.00
0.00
0.00
0.00
0.00
0.00
0.00
0.00
0.00
0.00
0.00
0.00
0.00
0.00
0.00
0.00
0.00
0.00
0.00
0.00
0.00
0.00
0.00
0.00
0.00
0.00
0.00
0.00
0.00
0.00
0.00
0.00
0.00
0.00
0.00
0.00
0.00
0.00
0.00
0.00
0.00
0.00
0.00
0.00
0.00
0.00
0.00
0.00
0.00
0.00
0.00
0.00
0.00
0.00
0.00
0.00
0.00
0.00
0.00
0.00
0.00
0.00
0.00
0.00
0.00
0.00
0.00
0.00
0.00
0.00
371.81
1129.84
0.00
751.94
0.00
0.00
972.79
0.00
0.00
1174.73
0.00
0.00
0.00
0.00
0.00
923.75
0.00
0.00
0.00
0.00
0.00
1204.22
0.00
0.00
0.00
0.00
0.00
887.33
0.00
0.00
0.00
0.00
0.00
555.60
0.00
0.00
0.00
1363.53
0.00
604.08
0.00
0.00
0.00
0.00
0.00
650.89
0.00
0.00
0.00
0.00
0.00
0.00
0.00
0.00
0.00
0.00
0.00
0.00
0.00
0.00
0.00
0.00
0.00
0.00
0.00
0.00
0.00
0.00
0.00
0.00
0.00
0.00
0.00
0.00
0.00
0.00
0.00
0.00
0.00
0.00
0.00
0.00
0.00
0.00
0.00
0.00
0.00
0.00
0.00
0.00
0.00
0.00
0.00
0.00
0.00
0.00
0.00
0.00
0.00
0.00
0.00
0.00
0.00
0.00
0.00
0.00
0.00
0.00
0.00
0.00
0.00
0.00
0.00
0.00
0.00
0.00
0.00
0.00
0.00
0.00
0.00
0.00
0.00
0.00
0.00
0.00
0.00
0.00
0.00
0.00
0.00
0.00
0.00
0.00
0.00
0.00
659.00
0.00
0.00
0.00
1242.10
0.00
478.50
0.00
1248.43
0.00
0.00
0.00
680.22
0.00
0.00
0.00
0.00
0.00
452.31
0.00
0.00
0.00
0.00
0.00
213.72
0.00
0.00
0.00
429.87
0.00
248.59
0.00
0.00
0.00
0.00
801.77
282.25
0.00
0.00
0.00
0.00
0.00
0.00
0.00
0.00
0.00
0.00
0.00
0.00
0.00
0.00
0.00
0.00
0.00
0.00
0.00
0.00
0.00
0.00
0.00
0.00
0.00
0.00
0.00
0.00
0.00
0.00
0.00
0.00
0.00
0.00
0.00
0.00
0.00
0.00
0.00
0.00
0.00
0.00
0.00
0.00
0.00
0.00
0.00
0.00
0.00
0.00
0.00
0.00
0.00
0.00
0.00
0.00
0.00
0.00
0.00
0.00
0.00
0.00
0.00
0.00
0.00
0.00
0.00
0.00
0.00
0.00
0.00
0.00
0.00
0.00
0.00
0.00
0.00
0.00
0.00
0.00
0.00
0.00
0.00
0.00
0.00
0.00
0.00
0.00
0.00
0.00
0.00
147.66
0.00
0.00
0.00
0.00
697.93
578.07
0.00
0.00
0.00
0.00
506.76
0.00
0.00
0.00
0.00
0.00
720.40
0.00
0.00
0.00
270.42
0.00
479.03
0.00
0.00
0.00
1331.57
0.00
226.34
0.00
0.00
0.00
0.00
0.00
263.27
0.00
0.00
0.00
1360.69
0.00
298.92
0.00
0.00
0.00
1045.42
0.00
0.00
0.00
0.00
0.00
0.00
0.00
0.00
0.00
0.00
0.00
0.00
0.00
0.00
0.00
0.00
0.00
0.00
0.00
0.00
0.00
0.00
0.00
0.00
0.00
0.00
0.00
0.00
0.00
0.00
0.00
0.00
0.00
0.00
0.00
0.00
0.00
0.00
0.00
0.00
0.00
0.00
0.00
0.00
0.00
0.00
0.00
0.00
0.00
0.00
0.00
0.00
0.00
0.00
0.00
0.00
0.00
0.00
0.00
0.00
0.00
0.00
0.00
0.00
0.00
0.00
0.00
0.00
0.00
0.00
0.00
0.00
0.00
0.00
0.00
0.00
0.00
0.00
0.00
0.00
0.00
0.00
0.00
0.00
0.00
0.00
0.00
0.00
0.00
0.00
0.00
0.00
692.80
0.00
0.00
0.00
0.00
0.00
503.04
0.00
0.00
0.00
0.00
0.00
715.10
0.00
0.00
0.00
0.00
0.00
475.50
686.24
0.00
0.00
0.00
0.00
224.68
0.00
0.00
0.00
0.00
0.00
261.34
0.00
0.00
0.00
0.00
0.00
296.73
0.00
1237.98
0.00
0.00
0.00
0.00
0.00
0.00
0.00
0.00
0.00
0.00
0.00
0.00
0.00
0.00
0.00
0.00
0.00
0.00
0.00
0.00
0.00
0.00
0.00
0.00
0.00
0.00
0.00
0.00
0.00
0.00
0.00
0.00
0.00
0.00
0.00
0.00
0.00
0.00
0.00
0.00
0.00
0.00
0.00
0.00
0.00
0.00
0.00
0.00
0.00
0.00
0.00
0.00
0.00
0.00
0.00
0.00
0.00
0.00
0.00
0.00
0.00
0.00
0.00
0.00
0.00
0.00
0.00
0.00
0.00
0.00
0.00
0.00
0.00
0.00
0.00
0.00
0.00
0.00
0.00
0.00
0.00
0.00
0.00
0.00
0.00
0.00
0.00
0.00
0.00
0.00
0.00
0.00
0.00
0.00
303.62
0.00
0.00
0.00
0.00
0.00
220.46
0.00
0.00
0.00
0.00
0.00
313.39
0.00
0.00
0.00
0.00
0.00
208.39
0.00
0.00
0.00
0.00
0.00
98.47
0.00
0.00
0.00
0.00
0.00
114.53
0.00
0.00
0.00
0.00
0.00
130.04
0.00
0.00
0.00
0.00
0.00
0.00
0.00
0.00
0.00
0.00
0.00
0.00
0.00
0.00
0.00
0.00
0.00
0.00
0.00
0.00
0.00
0.00
0.00
0.00
0.00
0.00
0.00
0.00
0.00
0.00
0.00
0.00
0.00
0.00
0.00
0.00
0.00
0.00
0.00
0.00
0.00
0.00
0.00
0.00
0.00
0.00
0.00
0.00
0.00
0.00
0.00
0.00
0.00
0.00
0.00
0.00
0.00
0.00
0.00
0.00
0.00
0.00
0.00
0.00
0.00
0.00
0.00
0.00
0.00
0.00
0.00
0.00
0.00
0.00
0.00
0.00
0.00
0.00
0.00
0.00
0.00
0.00
0.00
0.00
0.00
0.00
0.00
0.00
0.00
0.00
0.00
0.00
0.00
0.00
0.00
0.00
789.33
0.00
0.00
0.00
1079.71
305.55
573.12
0.00
0.00
0.00
0.00
0.00
814.74
0.00
0.00
0.00
0.00
0.00
541.76
0.00
0.00
0.00
0.00
0.00
255.98
0.00
0.00
0.00
0.00
1103.69
297.75
0.00
0.00
0.00
0.00
0.00
338.07
0.00
0.00
0.00
0.00
0.00
0.00
0.00
0.00
0.00
0.00
0.00
0.00
0.00
0.00
0.00
0.00
0.00
0.00
0.00
0.00
0.00
0.00
0.00
0.00
0.00
0.00
0.00
0.00
0.00
0.00
0.00
0.00
0.00
0.00
0.00
0.00
0.00
0.00
0.00
0.00
0.00
0.00
0.00
0.00
0.00
0.00
0.00
0.00
0.00
0.00
0.00
0.00
0.00
0.00
0.00
0.00
0.00
0.00
0.00
0.00
0.00
0.00
0.00
0.00
0.00
0.00
0.00
0.00
0.00
0.00
0.00
0.00
0.00
0.00
0.00
0.00
0.00
0.00
0.00
0.00
0.00
0.00
0.00
0.00
0.00
0.00
0.00
0.00
0.00
0.00
0.00
0.00
0.00
0.00
0.00
0.00
916.28
1238.81
0.00
0.00
0.00
0.00
665.31
663.74
0.00
0.00
1098.10
0.00
945.78
0.00
0.00
0.00
0.00
375.87
628.89
0.00
0.00
0.00
0.00
512.55
297.16
0.00
0.00
0.00
0.00
0.00
345.64
0.00
0.00
0.00
1200.44
0.00
392.44
0.00
0.00
0.00
0.00
0.00
0.00
0.00
0.00
0.00
0.00
0.00
0.00
0.00
0.00
0.00
0.00
0.00
0.00
0.00
0.00
0.00
0.00
0.00
0.00
0.00
0.00
0.00
0.00
0.00
0.00
0.00
0.00
0.00
0.00
0.00
0.00
0.00
0.00
0.00
0.00
0.00
0.00
0.00
0.00
0.00
0.00
0.00
0.00
0.00
0.00
0.00
0.00
0.00
0.00
0.00
0.00
0.00
0.00
0.00
0.00
0.00
0.00
0.00
0.00
0.00
0.00
0.00
0.00
0.00
0.00
0.00
0.00
0.00
0.00
0.00
0.00
0.00
0.00
0.00
0.00
0.00
0.00
0.00
0.00
0.00
0.00
0.00
0.00
0.00
0.00
0.00
0.00
0.00
108.94
0.00
0.00
782.57
0.00
0.00
0.00
0.00
0.00
984.29
1172.27
0.00
0.00
0.00
0.00
756.38
0.00
0.00
0.00
0.00
0.00
517.79
0.00
891.08
0.00
0.00
0.00
552.66
0.00
0.00
902.47
0.00
0.00
586.32
0.00
0.00
0.00
0.00
1136.02
0.00
0.00
0.00
0.00
0.00
0.00
0.00
0.00
0.00
0.00
0.00
0.00
0.00
0.00
0.00
0.00
0.00
0.00
0.00
0.00
0.00
0.00
0.00
0.00
0.00
0.00
0.00
0.00
0.00
0.00
0.00
0.00
0.00
0.00
0.00
0.00
0.00
0.00
0.00
0.00
0.00
0.00
0.00
0.00
0.00
0.00
0.00
0.00
0.00
0.00
0.00
0.00
0.00
0.00
0.00
0.00
0.00
0.00
0.00
0.00
0.00
0.00
0.00
0.00
0.00
0.00
0.00
0.00
0.00
0.00
0.00
0.00
0.00
0.00
0.00
0.00
0.00
0.00
0.00
0.00
0.00
0.00
0.00
0.00
0.00
0.00
0.00
0.00
0.00
0.00
0.00
0.00
0.00
0.00
0.00
0.00
0.00
828.80
0.00
0.00
0.00
0.00
741.46
1042.44
32.87
0.00
0.00
0.00
0.00
801.06
0.00
0.00
0.00
0.00
0.00
548.38
0.00
0.00
611.33
620.42
0.00
585.31
0.00
340.66
0.00
0.00
0.00
620.96
0.00
0.00
0.00
0.00
0.00
0.00
0.00
0.00
0.00
0.00
0.00
0.00
0.00
0.00
0.00
0.00
0.00
0.00
0.00
0.00
0.00
0.00
0.00
0.00
0.00
0.00
0.00
0.00
0.00
0.00
0.00
0.00
0.00
0.00
0.00
0.00
0.00
0.00
0.00
0.00
0.00
0.00
0.00
0.00
0.00
0.00
0.00
0.00
0.00
0.00
0.00
0.00
0.00
0.00
0.00
0.00
0.00
0.00
0.00
0.00
0.00
0.00
0.00
0.00
0.00
0.00
0.00
0.00
0.00
0.00
0.00
0.00
0.00
0.00
0.00
0.00
0.00
0.00
0.00
0.00
0.00
0.00
0.00
0.00
0.00
0.00
0.00
0.00
0.00
0.00
0.00
0.00
0.00
0.00
0.00
0.00
0.00
0.00
78.66
0.00
0.00
0.00
822.70
0.00
0.00
0.00
0.00
1163.49
1034.77
0.00
0.00
418.31
84.06
0.00
795.17
0.00
0.00
0.00
0.00
0.00
544.35
0.00
0.00
0.00
0.00
1059.55
581.00
0.00
0.00
0.00
0.00
0.00
616.39
0.00
0.00
0.00
0.00
0.00
0.00
0.00
0.00
0.00
0.00
0.00
0.00
0.00
0.00
0.00
0.00
0.00
0.00
0.00
0.00
0.00
0.00
0.00
0.00
0.00
0.00
0.00
0.00
0.00
0.00
0.00
0.00
0.00
0.00
0.00
0.00
0.00
0.00
0.00
0.00
0.00
0.00
0.00
0.00
0.00
0.00
0.00
0.00
0.00
0.00
0.00
0.00
0.00
0.00
0.00
0.00
0.00
0.00
0.00
0.00
0.00
0.00
0.00
0.00
0.00
0.00
0.00
0.00
0.00
0.00
0.00
0.00
0.00
0.00
0.00
0.00
0.00
0.00
0.00
0.00
0.00
0.00
0.00
0.00
0.00
0.00
0.00
0.00
0.00
0.00
0.00
0.00
0.00
0.00
0.00
0.00
0.00
0.00
0.00
0.00
0.00
0.00
360.55
0.00
0.00
0.00
0.00
0.00
453.49
0.00
496.81
0.00
0.00
0.00
348.49
0.00
0.00
0.00
0.00
0.00
238.56
0.00
0.00
0.00
0.00
0.00
254.63
455.12
0.00
874.87
0.00
0.00
270.14
0.00
0.00
0.00
0.00
0.00
0.00
0.00
0.00
0.00
0.00
0.00
0.00
0.00
0.00
0.00
0.00
0.00
0.00
0.00
0.00
0.00
0.00
0.00
0.00
0.00
0.00
0.00
0.00
0.00
0.00
0.00
0.00
0.00
0.00
0.00
0.00
0.00
0.00
0.00
0.00
0.00
0.00
0.00
0.00
0.00
0.00
0.00
0.00
0.00
0.00
0.00
0.00
0.00
0.00
0.00
0.00
0.00
0.00
0.00
0.00
0.00
0.00
0.00
0.00
0.00
0.00
0.00
0.00
0.00
0.00
0.00
0.00
0.00
0.00
0.00
0.00
0.00
0.00
0.00
0.00
0.00
0.00
0.00
0.00
0.00
0.00
0.00
0.00
0.00
0.00
0.00
0.00
0.00
0.00
0.00
0.00
0.00
0.00
153.84
0.00
0.00
0.00
937.33
804.88
0.00
0.00
0.00
0.00
1178.94
0.00
0.00
0.00
0.00
572.55
905.96
0.00
0.00
0.00
0.00
0.00
620.19
0.00
0.00
0.00
0.00
0.00
661.95
0.00
0.00
0.00
0.00
0.00
702.27
0.00
0.00
0.00
0.00
0.00
0.00
0.00
0.00
0.00
0.00
0.00
0.00
0.00
0.00
0.00
0.00
0.00
0.00
0.00
0.00
0.00
0.00
0.00
0.00
0.00
0.00
0.00
0.00
0.00
0.00
0.00
0.00
0.00
0.00
0.00
0.00
0.00
0.00
0.00
0.00
0.00
0.00
0.00
0.00
0.00
0.00
0.00
0.00
0.00
0.00
0.00
0.00
0.00
0.00
0.00
0.00
0.00
0.00
0.00
0.00
0.00
0.00
0.00
0.00
0.00
0.00
0.00
0.00
0.00
0.00
0.00
0.00
0.00
0.00
0.00
0.00
0.00
0.00
0.00
0.00
0.00
0.00
0.00
0.00
0.00
0.00
0.00
0.00
0.00
0.00
0.00
0.00
0.00
0.00
0.00
0.00
0.00
0.00
0.00
0.00
0.00
0.00
1088.09
0.00
0.00
0.00
0.00
1244.53
1368.56
0.00
0.00
0.00
0.00
0.00
1051.68
0.00
0.00
651.19
0.00
0.00
719.94
1062.86
492.50
0.00
0.00
0.00
768.42
0.00
0.00
0.00
0.00
221.08
815.23
0.00
0.00
0.00
0.00
0.00
0.00
0.00
0.00
0.00
0.00
0.00
0.00
0.00
0.00
0.00
0.00
0.00
0.00
0.00
0.00
0.00
0.00
0.00
0.00
0.00
0.00
0.00
0.00
0.00
0.00
0.00
0.00
0.00
0.00
0.00
0.00
0.00
0.00
0.00
0.00
0.00
0.00
0.00
0.00
0.00
0.00
0.00
0.00
0.00
0.00
0.00
0.00
0.00
0.00
0.00
0.00
0.00
0.00
0.00
0.00
0.00
0.00
0.00
0.00
0.00
0.00
0.00
0.00
0.00
0.00
0.00
0.00
0.00
0.00
0.00
0.00
0.00
0.00
0.00
0.00
0.00
0.00
0.00
0.00
0.00
0.00
0.00
0.00
0.00
0.00
0.00
0.00
0.00
0.00
0.00
0.00
0.00
0.00
1381.84
0.00
0.00
0.00
803.78
0.00
0.00
0.00
0.00
0.00
575.87
0.00
0.00
0.00
0.00
0.00
337.28
0.00
0.00
0.00
0.00
0.00
372.15
0.00
201.02
0.00
0.00
0.00
405.82
0.00
619.50
0.00
0.00
0.00
0.00
0.00
0.00
0.00
0.00
0.00
0.00
0.00
0.00
0.00
0.00
0.00
0.00
0.00
0.00
0.00
0.00
0.00
0.00
0.00
0.00
0.00
0.00
0.00
0.00
0.00
0.00
0.00
0.00
0.00
0.00
0.00
0.00
0.00
0.00
0.00
0.00
0.00
0.00
0.00
0.00
0.00
0.00
0.00
0.00
0.00
0.00
0.00
0.00
0.00
0.00
0.00
0.00
0.00
0.00
0.00
0.00
0.00
0.00
0.00
0.00
0.00
0.00
0.00
0.00
0.00
0.00
0.00
0.00
0.00
0.00
0.00
0.00
0.00
0.00
0.00
0.00
0.00
0.00
0.00
0.00
0.00
0.00
0.00
0.00
0.00
0.00
0.00
0.00
0.00
0.00
0.00
0.00
0.00
0.00
0.00
0.00
0.00
0.00
0.00
0.00
0.00
0.00
851.27
0.00
0.00
0.00
0.00
0.00
609.89
0.00
0.00
0.00
0.00
0.00
357.21
0.00
0.00
0.00
0.00
68.80
394.14
0.00
0.00
0.00
0.00
0.00
429.79
0.00
0.00
0.00
0.00
0.00
0.00
0.00
0.00
0.00
0.00
0.00
0.00
0.00
0.00
0.00
0.00
0.00
0.00
0.00
0.00
0.00
0.00
0.00
0.00
0.00
0.00
0.00
0.00
0.00
0.00
0.00
0.00
0.00
0.00
0.00
0.00
0.00
0.00
0.00
0.00
0.00
0.00
0.00
0.00
0.00
0.00
0.00
0.00
0.00
0.00
0.00
0.00
0.00
0.00
0.00
0.00
0.00
0.00
0.00
0.00
0.00
0.00
0.00
0.00
0.00
0.00
0.00
0.00
0.00
0.00
0.00
0.00
0.00
0.00
0.00
0.00
0.00
0.00
0.00
0.00
0.00
0.00
0.00
0.00
0.00
0.00
0.00
0.00
0.00
0.00
0.00
0.00
0.00
0.00
0.00
0.00
0.00
0.00
0.00
0.00
0.00
0.00
0.00
1090.39
0.00
322.07
0.00
0.00
845.00
0.00
0.00
0.00
0.00
1219.07
605.41
0.00
0.00
0.00
0.00
0.00
354.58
0.00
0.00
0.00
749.60
0.00
391.24
0.00
0.00
0.00
355.28
0.00
426.63
0.00
0.00
0.00
0.00
0.00
0.00
0.00
0.00
0.00
0.00
0.00
0.00
0.00
0.00
0.00
0.00
0.00
0.00
0.00
0.00
0.00
0.00
0.00
0.00
0.00
0.00
0.00
0.00
0.00
0.00
0.00
0.00
0.00
0.00
0.00
0.00
0.00
0.00
0.00
0.00
0.00
0.00
0.00
0.00
0.00
0.00
0.00
0.00
0.00
0.00
0.00
0.00
0.00
0.00
0.00
0.00
0.00
0.00
0.00
0.00
0.00
0.00
0.00
0.00
0.00
0.00
0.00
0.00
0.00
0.00
0.00
0.00
0.00
0.00
0.00
0.00
0.00
0.00
0.00
0.00
0.00
0.00
0.00
0.00
0.00
0.00
0.00
0.00
0.00
0.00
0.00
0.00
0.00
0.00
0.00
0.00
0.00
0.00
0.00
0.00
0.00
0.00
0.00
0.00
0.00
1315.93
0.00
0.00
370.32
0.00
0.00
0.00
0.00
0.00
265.32
0.00
0.00
0.00
0.00
846.25
155.40
0.00
0.00
0.00
0.00
0.00
171.46
0.00
0.00
0.00
0.00
0.00
186.97
0.00
0.00
0.00
0.00
0.00
0.00
0.00
0.00
0.00
0.00
0.00
0.00
0.00
0.00
0.00
0.00
0.00
0.00
0.00
0.00
0.00
0.00
0.00
0.00
0.00
0.00
0.00
0.00
0.00
0.00
0.00
0.00
0.00
0.00
0.00
0.00
0.00
0.00
0.00
0.00
0.00
0.00
0.00
0.00
0.00
0.00
0.00
0.00
0.00
0.00
0.00
0.00
0.00
0.00
0.00
0.00
0.00
0.00
0.00
0.00
0.00
0.00
0.00
0.00
0.00
0.00
0.00
0.00
0.00
0.00
0.00
0.00
0.00
0.00
0.00
0.00
0.00
0.00
0.00
0.00
0.00
0.00
0.00
0.00
0.00
0.00
0.00
0.00
0.00
0.00
0.00
0.00
0.00
0.00
0.00
0.00
0.00
0.00
0.00
0.00
0.00
0.00
0.00
788.13
0.00
0.00
0.00
0.00
962.74
0.00
1004.48
0.00
0.00
0.00
689.76
0.00
0.00
0.00
0.00
0.00
403.98
0.00
0.00
0.00
0.00
36.57
445.75
0.00
0.00
0.00
0.00
0.00
486.07
0.00
0.00
0.00
0.00
0.00
0.00
0.00
0.00
0.00
0.00
0.00
0.00
0.00
0.00
0.00
0.00
0.00
0.00
0.00
0.00
0.00
0.00
0.00
0.00
0.00
0.00
0.00
0.00
0.00
0.00
0.00
0.00
0.00
0.00
0.00
0.00
0.00
0.00
0.00
0.00
0.00
0.00
0.00
0.00
0.00
0.00
0.00
0.00
0.00
0.00
0.00
0.00
0.00
0.00
0.00
0.00
0.00
0.00
0.00
0.00
0.00
0.00
0.00
0.00
0.00
0.00
0.00
0.00
0.00
0.00
0.00
0.00
0.00
0.00
0.00
0.00
0.00
0.00
0.00
0.00
0.00
0.00
0.00
0.00
0.00
0.00
0.00
0.00
0.00
0.00
0.00
0.00
0.00
0.00
0.00
0.00
0.00
0.00
0.00
0.00
0.00
0.00
0.00
0.00
0.00
0.00
0.00
0.00
1117.59
0.00
0.00
0.00
0.00
0.00
800.70
0.00
0.00
0.00
0.00
0.00
468.96
0.00
0.00
0.00
494.86
0.00
517.44
0.00
1330.56
0.00
0.00
0.00
564.25
0.00
0.00
0.00
0.00
0.00
0.00
0.00
0.00
0.00
0.00
0.00
0.00
0.00
0.00
0.00
0.00
0.00
0.00
0.00
0.00
0.00
0.00
0.00
0.00
0.00
0.00
0.00
0.00
0.00
0.00
0.00
0.00
0.00
0.00
0.00
0.00
0.00
0.00
0.00
0.00
0.00
0.00
0.00
0.00
0.00
0.00
0.00
0.00
0.00
0.00
0.00
0.00
0.00
0.00
0.00
0.00
0.00
0.00
0.00
0.00
0.00
0.00
0.00
0.00
0.00
0.00
0.00
0.00
0.00
0.00
0.00
0.00
0.00
0.00
0.00
0.00
0.00
0.00
0.00
0.00
0.00
0.00
0.00
0.00
0.00
0.00
0.00
0.00
0.00
0.00
0.00
0.00
0.00
0.00
0.00
0.00
0.00
0.00
0.00
0.00
0.00
0.00
0.00
1352.63
0.00
0.00
0.00
0.00
777.59
0.00
0.00
0.00
0.00
0.00
539.00
0.00
0.00
0.00
0.00
0.00
573.87
964.28
0.00
0.00
0.00
0.00
607.54
0.00
0.00
0.00
0.00
0.00
0.00
0.00
0.00
0.00
0.00
0.00
0.00
0.00
0.00
0.00
0.00
0.00
0.00
0.00
0.00
0.00
0.00
0.00
0.00
0.00
0.00
0.00
0.00
0.00
0.00
0.00
0.00
0.00
0.00
0.00
0.00
0.00
0.00
0.00
0.00
0.00
0.00
0.00
0.00
0.00
0.00
0.00
0.00
0.00
0.00
0.00
0.00
0.00
0.00
0.00
0.00
0.00
0.00
0.00
0.00
0.00
0.00
0.00
0.00
0.00
0.00
0.00
0.00
0.00
0.00
0.00
0.00
0.00
0.00
0.00
0.00
0.00
0.00
0.00
0.00
0.00
0.00
0.00
0.00
0.00
0.00
0.00
0.00
0.00
0.00
0.00
0.00
0.00
0.00
0.00
0.00
0.00
0.00
0.00
0.00
0.00
0.00
0.00
0.00
0.00
0.00
0.00
0.00
0.00
0.00
0.00
0.00
0.00
0.00
823.53
0.00
0.00
0.00
0.00
0.00
570.85
0.00
0.00
0.00
0.00
0.00
607.77
0.00
0.00
0.00
0.00
0.00
643.43
0.00
0.00
0.00
0.00
0.00
0.00
0.00
0.00
0.00
0.00
0.00
0.00
0.00
0.00
0.00
0.00
0.00
0.00
0.00
0.00
0.00
0.00
0.00
0.00
0.00
0.00
0.00
0.00
0.00
0.00
0.00
0.00
0.00
0.00
0.00
0.00
0.00
0.00
0.00
0.00
0.00
0.00
0.00
0.00
0.00
0.00
0.00
0.00
0.00
0.00
0.00
0.00
0.00
0.00
0.00
0.00
0.00
0.00
0.00
0.00
0.00
0.00
0.00
0.00
0.00
0.00
0.00
0.00
0.00
0.00
0.00
0.00
0.00
0.00
0.00
0.00
0.00
0.00
0.00
0.00
0.00
0.00
0.00
0.00
0.00
0.00
0.00
0.00
0.00
0.00
0.00
0.00
0.00
0.00
0.00
0.00
0.00
0.00
0.00
0.00
0.00
0.00
0.00
0.00
0.00
0.00
0.00
0.00
0.00
0.00
150.06
0.00
0.00
0.00
817.47
764.72
0.00
0.00
0.00
793.16
566.65
0.00
916.34
0.00
0.00
0.00
603.30
0.00
0.00
0.00
0.00
0.00
638.69
0.00
0.00
0.00
0.00
0.00
0.00
0.00
0.00
0.00
0.00
0.00
0.00
0.00
0.00
0.00
0.00
0.00
0.00
0.00
0.00
0.00
0.00
0.00
0.00
0.00
0.00
0.00
0.00
0.00
0.00
0.00
0.00
0.00
0.00
0.00
0.00
0.00
0.00
0.00
0.00
0.00
0.00
0.00
0.00
0.00
0.00
0.00
0.00
0.00
0.00
0.00
0.00
0.00
0.00
0.00
0.00
0.00
0.00
0.00
0.00
0.00
0.00
0.00
0.00
0.00
0.00
0.00
0.00
0.00
0.00
0.00
0.00
0.00
0.00
0.00
0.00
0.00
0.00
0.00
0.00
0.00
0.00
0.00
0.00
0.00
0.00
0.00
0.00
0.00
0.00
0.00
0.00
0.00
0.00
0.00
0.00
0.00
0.00
0.00
0.00
0.00
0.00
0.00
0.00
0.00
0.00
0.00
0.00
0.00
0.00
710.40
902.29
0.00
0.00
358.26
0.00
0.00
0.00
0.00
0.00
248.33
0.00
0.00
0.00
0.00
0.00
264.40
0.00
0.00
0.00
0.00
0.00
279.91
0.00
0.00
0.00
0.00
0.00
0.00
0.00
0.00
0.00
0.00
0.00
0.00
0.00
0.00
0.00
0.00
0.00
0.00
0.00
0.00
0.00
0.00
0.00
0.00
0.00
0.00
0.00
0.00
0.00
0.00
0.00
0.00
0.00
0.00
0.00
0.00
0.00
0.00
0.00
0.00
0.00
0.00
0.00
0.00
0.00
0.00
0.00
0.00
0.00
0.00
0.00
0.00
0.00
0.00
0.00
0.00
0.00
0.00
0.00
0.00
0.00
0.00
0.00
0.00
0.00
0.00
0.00
0.00
0.00
0.00
0.00
0.00
0.00
0.00
0.00
0.00
0.00
0.00
0.00
0.00
0.00
0.00
0.00
0.00
0.00
0.00
0.00
0.00
0.00
0.00
0.00
0.00
0.00
0.00
0.00
0.00
0.00
0.00
0.00
0.00
0.00
0.00
0.00
0.00
0.00
0.00
0.00
0.00
0.00
0.00
0.00
0.00
0.00
0.00
931.37
0.00
0.00
854.14
0.00
0.00
645.60
0.00
0.00
0.00
0.00
0.00
687.36
515.40
0.00
0.00
0.00
0.00
727.68
0.00
0.00
0.00
0.00
0.00
0.00
0.00
0.00
0.00
0.00
0.00
0.00
0.00
0.00
0.00
0.00
0.00
0.00
0.00
0.00
0.00
0.00
0.00
0.00
0.00
0.00
0.00
0.00
0.00
0.00
0.00
0.00
0.00
0.00
0.00
0.00
0.00
0.00
0.00
0.00
0.00
0.00
0.00
0.00
0.00
0.00
0.00
0.00
0.00
0.00
0.00
0.00
0.00
0.00
0.00
0.00
0.00
0.00
0.00
0.00
0.00
0.00
0.00
0.00
0.00
0.00
0.00
0.00
0.00
0.00
0.00
0.00
0.00
0.00
0.00
0.00
0.00
0.00
0.00
0.00
0.00
0.00
0.00
0.00
0.00
0.00
0.00
0.00
0.00
0.00
0.00
0.00
0.00
0.00
0.00
0.00
0.00
0.00
0.00
0.00
0.00
0.00
0.00
0.00
0.00
0.00
0.00
0.00
0.00
0.00
0.00
0.00
0.00
0.00
1081.17
0.00
0.00
612.28
1289.70
0.00
749.44
0.00
0.00
0.00
0.00
0.00
797.92
0.00
0.00
0.00
0.00
0.00
844.72
0.00
0.00
0.00
0.00
0.00
0.00
0.00
0.00
0.00
0.00
0.00
0.00
0.00
0.00
0.00
0.00
0.00
0.00
0.00
0.00
0.00
0.00
0.00
0.00
0.00
0.00
0.00
0.00
0.00
0.00
0.00
0.00
0.00
0.00
0.00
0.00
0.00
0.00
0.00
0.00
0.00
0.00
0.00
0.00
0.00
0.00
0.00
0.00
0.00
0.00
0.00
0.00
0.00
0.00
0.00
0.00
0.00
0.00
0.00
0.00
0.00
0.00
0.00
0.00
0.00
0.00
0.00
0.00
0.00
0.00
0.00
0.00
0.00
0.00
0.00
0.00
0.00
0.00
0.00
0.00
0.00
0.00
0.00
0.00
0.00
0.00
0.00
0.00
0.00
0.00
0.00
0.00
0.00
0.00
0.00
0.00
0.00
0.00
0.00
0.00
0.00
0.00
0.00
0.00
0.00
0.00
0.00
0.00
0.00
0.00
0.00
0.00
0.00
0.00
311.09
0.00
0.00
122.87
0.00
0.00
345.96
0.00
0.00
0.00
0.00
0.00
379.63
0.00
0.00
0.00
0.00
0.00
0.00
0.00
0.00
0.00
0.00
0.00
0.00
0.00
0.00
0.00
0.00
0.00
0.00
0.00
0.00
0.00
0.00
0.00
0.00
0.00
0.00
0.00
0.00
0.00
0.00
0.00
0.00
0.00
0.00
0.00
0.00
0.00
0.00
0.00
0.00
0.00
0.00
0.00
0.00
0.00
0.00
0.00
0.00
0.00
0.00
0.00
0.00
0.00
0.00
0.00
0.00
0.00
0.00
0.00
0.00
0.00
0.00
0.00
0.00
0.00
0.00
0.00
0.00
0.00
0.00
0.00
0.00
0.00
0.00
0.00
0.00
0.00
0.00
0.00
0.00
0.00
0.00
0.00
0.00
0.00
0.00
0.00
0.00
0.00
0.00
0.00
0.00
0.00
0.00
0.00
0.00
0.00
0.00
0.00
0.00
0.00
0.00
0.00
0.00
0.00
0.00
0.00
0.00
0.00
0.00
0.00
0.00
0.00
0.00
0.00
0.00
0.00
0.00
0.00
0.00
329.47
0.00
745.90
0.00
0.00
0.00
366.40
0.00
0.00
0.00
0.00
0.00
402.05
0.00
301.57
0.00
0.00
0.00
0.00
0.00
0.00
0.00
0.00
0.00
0.00
0.00
0.00
0.00
0.00
0.00
0.00
0.00
0.00
0.00
0.00
0.00
0.00
0.00
0.00
0.00
0.00
0.00
0.00
0.00
0.00
0.00
0.00
0.00
0.00
0.00
0.00
0.00
0.00
0.00
0.00
0.00
0.00
0.00
0.00
0.00
0.00
0.00
0.00
0.00
0.00
0.00
0.00
0.00
0.00
0.00
0.00
0.00
0.00
0.00
0.00
0.00
0.00
0.00
0.00
0.00
0.00
0.00
0.00
0.00
0.00
0.00
0.00
0.00
0.00
0.00
0.00
0.00
0.00
0.00
0.00
0.00
0.00
0.00
0.00
0.00
0.00
0.00
0.00
0.00
0.00
0.00
0.00
0.00
0.00
0.00
0.00
0.00
0.00
0.00
0.00
0.00
0.00
0.00
0.00
0.00
0.00
0.00
0.00
0.00
0.00
0.00
0.00
0.00
0.00
0.00
454.93
0.00
0.00
327.05
0.00
0.00
0.00
0.00
0.00
363.71
0.00
0.00
0.00
0.00
0.00
399.10
0.00
0.00
0.00
0.00
0.00
0.00
0.00
0.00
0.00
0.00
0.00
0.00
0.00
0.00
0.00
0.00
0.00
0.00
0.00
0.00
0.00
0.00
0.00
0.00
0.00
0.00
0.00
0.00
0.00
0.00
0.00
0.00
0.00
0.00
0.00
0.00
0.00
0.00
0.00
0.00
0.00
0.00
0.00
0.00
0.00
0.00
0.00
0.00
0.00
0.00
0.00
0.00
0.00
0.00
0.00
0.00
0.00
0.00
0.00
0.00
0.00
0.00
0.00
0.00
0.00
0.00
0.00
0.00
0.00
0.00
0.00
0.00
0.00
0.00
0.00
0.00
0.00
0.00
0.00
0.00
0.00
0.00
0.00
0.00
0.00
0.00
0.00
0.00
0.00
0.00
0.00
0.00
0.00
0.00
0.00
0.00
0.00
0.00
0.00
0.00
0.00
0.00
0.00
0.00
0.00
0.00
0.00
0.00
0.00
0.00
0.00
0.00
0.00
0.00
0.00
0.00
0.00
0.00
0.00
0.00
143.33
0.00
0.00
0.00
0.00
0.00
159.40
0.00
0.00
0.00
0.00
0.00
174.91
0.00
0.00
0.00
0.00
0.00
0.00
0.00
0.00
0.00
0.00
0.00
0.00
0.00
0.00
0.00
0.00
0.00
0.00
0.00
0.00
0.00
0.00
0.00
0.00
0.00
0.00
0.00
0.00
0.00
0.00
0.00
0.00
0.00
0.00
0.00
0.00
0.00
0.00
0.00
0.00
0.00
0.00
0.00
0.00
0.00
0.00
0.00
0.00
0.00
0.00
0.00
0.00
0.00
0.00
0.00
0.00
0.00
0.00
0.00
0.00
0.00
0.00
0.00
0.00
0.00
0.00
0.00
0.00
0.00
0.00
0.00
0.00
0.00
0.00
0.00
0.00
0.00
0.00
0.00
0.00
0.00
0.00
0.00
0.00
0.00
0.00
0.00
0.00
0.00
0.00
0.00
0.00
0.00
0.00
0.00
0.00
0.00
0.00
0.00
0.00
0.00
0.00
0.00
0.00
0.00
0.00
0.00
0.00
0.00
0.00
0.00
0.00
0.00
0.00
0.00
0.00
0.00
0.00
0.00
0.00
372.62
0.00
0.00
0.00
0.00
1405.47
414.38
0.00
369.60
0.00
0.00
0.00
454.70
0.00
0.00
0.00
0.00
0.00
0.00
0.00
0.00
0.00
0.00
0.00
0.00
0.00
0.00
0.00
0.00
0.00
0.00
0.00
0.00
0.00
0.00
0.00
0.00
0.00
0.00
0.00
0.00
0.00
0.00
0.00
0.00
0.00
0.00
0.00
0.00
0.00
0.00
0.00
0.00
0.00
0.00
0.00
0.00
0.00
0.00
0.00
0.00
0.00
0.00
0.00
0.00
0.00
0.00
0.00
0.00
0.00
0.00
0.00
0.00
0.00
0.00
0.00
0.00
0.00
0.00
0.00
0.00
0.00
0.00
0.00
0.00
0.00
0.00
0.00
0.00
0.00
0.00
0.00
0.00
0.00
0.00
0.00
0.00
0.00
0.00
0.00
0.00
0.00
0.00
0.00
0.00
0.00
0.00
0.00
0.00
0.00
0.00
0.00
0.00
0.00
0.00
0.00
0.00
0.00
0.00
0.00
0.00
0.00
0.00
0.00
0.00
0.00
0.00
0.00
0.00
0.00
0.00
0.00
0.00
432.55
0.00
0.00
0.00
0.00
0.00
481.03
0.00
0.00
0.00
0.00
0.00
527.84
0.00
0.00
0.00
0.00
0.00
0.00
0.00
0.00
0.00
0.00
0.00
0.00
0.00
0.00
0.00
0.00
0.00
0.00
0.00
0.00
0.00
0.00
0.00
0.00
0.00
0.00
0.00
0.00
0.00
0.00
0.00
0.00
0.00
0.00
0.00
0.00
0.00
0.00
0.00
0.00
0.00
0.00
0.00
0.00
0.00
0.00
0.00
0.00
0.00
0.00
0.00
0.00
0.00
0.00
0.00
0.00
0.00
0.00
0.00
0.00
0.00
0.00
0.00
0.00
0.00
0.00
0.00
0.00
0.00
0.00
0.00
0.00
0.00
0.00
0.00
0.00
0.00
0.00
0.00
0.00
0.00
0.00
0.00
0.00
0.00
0.00
0.00
0.00
0.00
0.00
0.00
0.00
0.00
0.00
0.00
0.00
0.00
0.00
0.00
0.00
0.00
0.00
0.00
0.00
0.00
0.00
0.00
0.00
0.00
0.00
0.00
0.00
0.00
0.00
0.00
622.93
0.00
0.00
0.00
0.00
107.37
578.15
0.00
0.00
0.00
0.00
141.04
0.00
0.00
0.00
0.00
0.00
0.00
0.00
0.00
0.00
0.00
0.00
0.00
0.00
0.00
0.00
0.00
0.00
0.00
0.00
0.00
0.00
0.00
0.00
0.00
0.00
0.00
0.00
0.00
0.00
0.00
0.00
0.00
0.00
0.00
0.00
0.00
0.00
0.00
0.00
0.00
0.00
0.00
0.00
0.00
0.00
0.00
0.00
0.00
0.00
0.00
0.00
0.00
0.00
0.00
0.00
0.00
0.00
0.00
0.00
0.00
0.00
0.00
0.00
0.00
0.00
0.00
0.00
0.00
0.00
0.00
0.00
0.00
0.00
0.00
0.00
0.00
0.00
0.00
0.00
0.00
0.00
0.00
0.00
0.00
0.00
0.00
0.00
0.00
0.00
0.00
0.00
0.00
0.00
0.00
0.00
0.00
0.00
0.00
0.00
0.00
0.00
0.00
0.00
0.00
0.00
0.00
0.00
0.00
0.00
0.00
0.00
0.00
0.00
0.00
0.00
0.00
0.00
0.00
0.00
0.00
0.00
0.00
0.00
0.00
0.00
0.00
113.72
0.00
0.00
0.00
0.00
0.00
149.37
0.00
0.00
479.58
0.00
0.00
0.00
0.00
0.00
0.00
0.00
0.00
0.00
0.00
0.00
0.00
0.00
0.00
0.00
0.00
0.00
0.00
0.00
0.00
0.00
0.00
0.00
0.00
0.00
0.00
0.00
0.00
0.00
0.00
0.00
0.00
0.00
0.00
0.00
0.00
0.00
0.00
0.00
0.00
0.00
0.00
0.00
0.00
0.00
0.00
0.00
0.00
0.00
0.00
0.00
0.00
0.00
0.00
0.00
0.00
0.00
0.00
0.00
0.00
0.00
0.00
0.00
0.00
0.00
0.00
0.00
0.00
0.00
0.00
0.00
0.00
0.00
0.00
0.00
0.00
0.00
0.00
0.00
0.00
0.00
0.00
0.00
0.00
0.00
0.00
0.00
0.00
0.00
0.00
0.00
0.00
0.00
0.00
0.00
0.00
0.00
0.00
0.00
0.00
0.00
0.00
0.00
0.00
0.00
0.00
0.00
0.00
0.00
0.00
0.00
0.00
0.00
0.00
0.00
0.00
0.00
0.00
0.00
0.00
0.00
0.00
0.00
112.88
0.00
0.00
0.00
0.00
0.00
148.27
0.00
0.00
0.00
0.00
0.00
0.00
0.00
0.00
0.00
0.00
0.00
0.00
0.00
0.00
0.00
0.00
0.00
0.00
0.00
0.00
0.00
0.00
0.00
0.00
0.00
0.00
0.00
0.00
0.00
0.00
0.00
0.00
0.00
0.00
0.00
0.00
0.00
0.00
0.00
0.00
0.00
0.00
0.00
0.00
0.00
0.00
0.00
0.00
0.00
0.00
0.00
0.00
0.00
0.00
0.00
0.00
0.00
0.00
0.00
0.00
0.00
0.00
0.00
0.00
0.00
0.00
0.00
0.00
0.00
0.00
0.00
0.00
0.00
0.00
0.00
0.00
0.00
0.00
0.00
0.00
0.00
0.00
0.00
0.00
0.00
0.00
0.00
0.00
0.00
0.00
0.00
0.00
0.00
0.00
0.00
0.00
0.00
0.00
0.00
0.00
0.00
0.00
0.00
0.00
0.00
0.00
0.00
0.00
0.00
0.00
0.00
0.00
0.00
0.00
0.00
0.00
0.00
0.00
0.00
0.00
0.00
0.00
0.00
0.00
0.00
0.00
49.47
0.00
0.00
0.00
0.00
0.00
64.98
0.00
0.00
0.00
0.00
0.00
0.00
0.00
0.00
0.00
0.00
0.00
0.00
0.00
0.00
0.00
0.00
0.00
0.00
0.00
0.00
0.00
0.00
0.00
0.00
0.00
0.00
0.00
0.00
0.00
0.00
0.00
0.00
0.00
0.00
0.00
0.00
0.00
0.00
0.00
0.00
0.00
0.00
0.00
0.00
0.00
0.00
0.00
0.00
0.00
0.00
0.00
0.00
0.00
0.00
0.00
0.00
0.00
0.00
0.00
0.00
0.00
0.00
0.00
0.00
0.00
0.00
0.00
0.00
0.00
0.00
0.00
0.00
0.00
0.00
0.00
0.00
0.00
0.00
0.00
0.00
0.00
0.00
0.00
0.00
0.00
0.00
0.00
0.00
0.00
0.00
0.00
0.00
0.00
0.00
0.00
0.00
0.00
0.00
0.00
0.00
0.00
0.00
0.00
0.00
0.00
0.00
0.00
0.00
0.00
0.00
0.00
0.00
0.00
0.00
0.00
0.00
0.00
0.00
0.00
0.00
0.00
0.00
0.00
0.00
0.00
0.00
128.61
0.00
0.00
0.00
0.00
0.00
168.93
0.00
0.00
0.00
0.00
0.00
0.00
0.00
0.00
0.00
0.00
0.00
0.00
0.00
0.00
0.00
0.00
0.00
0.00
0.00
0.00
0.00
0.00
0.00
0.00
0.00
0.00
0.00
0.00
0.00
0.00
0.00
0.00
0.00
0.00
0.00
0.00
0.00
0.00
0.00
0.00
0.00
0.00
0.00
0.00
0.00
0.00
0.00
0.00
0.00
0.00
0.00
0.00
0.00
0.00
0.00
0.00
0.00
0.00
0.00
0.00
0.00
0.00
0.00
0.00
0.00
0.00
0.00
0.00
0.00
0.00
0.00
0.00
0.00
0.00
0.00
0.00
0.00
0.00
0.00
0.00
0.00
0.00
0.00
0.00
0.00
0.00
0.00
0.00
0.00
0.00
0.00
0.00
0.00
0.00
0.00
0.00
0.00
0.00
0.00
0.00
0.00
0.00
0.00
0.00
0.00
0.00
0.00
0.00
0.00
0.00
0.00
0.00
0.00
0.00
0.00
0.00
0.00
0.00
0.00
0.00
0.00
0.00
0.00
0.00
0.00
256.10
149.29
0.00
0.00
0.00
811.41
0.00
196.10
0.00
0.00
0.00
0.00
0.00
0.00
0.00
0.00
0.00
0.00
0.00
0.00
0.00
0.00
0.00
0.00
0.00
0.00
0.00
0.00
0.00
0.00
0.00
0.00
0.00
0.00
0.00
0.00
0.00
0.00
0.00
0.00
0.00
0.00
0.00
0.00
0.00
0.00
0.00
0.00
0.00
0.00
0.00
0.00
0.00
0.00
0.00
0.00
0.00
0.00
0.00
0.00
0.00
0.00
0.00
0.00
0.00
0.00
0.00
0.00
0.00
0.00
0.00
0.00
0.00
0.00
0.00
0.00
0.00
0.00
0.00
0.00
0.00
0.00
0.00
0.00
0.00
0.00
0.00
0.00
0.00
0.00
0.00
0.00
0.00
0.00
0.00
0.00
0.00
0.00
0.00
0.00
0.00
0.00
0.00
0.00
0.00
0.00
0.00
0.00
0.00
0.00
0.00
0.00
0.00
0.00
0.00
0.00
0.00
0.00
0.00
0.00
0.00
0.00
0.00
0.00
0.00
0.00
0.00
0.00
0.00
0.00
0.00
744.19
0.00
0.00
175.91
0.00
0.00
0.00
0.00
0.00
0.00
0.00
0.00
0.00
0.00
0.00
0.00
0.00
0.00
0.00
0.00
0.00
0.00
0.00
0.00
0.00
0.00
0.00
0.00
0.00
0.00
0.00
0.00
0.00
0.00
0.00
0.00
0.00
0.00
0.00
0.00
0.00
0.00
0.00
0.00
0.00
0.00
0.00
0.00
0.00
0.00
0.00
0.00
0.00
0.00
0.00
0.00
0.00
0.00
0.00
0.00
0.00
0.00
0.00
0.00
0.00
0.00
0.00
0.00
0.00
0.00
0.00
0.00
0.00
0.00
0.00
0.00
0.00
0.00
0.00
0.00
0.00
0.00
0.00
0.00
0.00
0.00
0.00
0.00
0.00
0.00
0.00
0.00
0.00
0.00
0.00
0.00
0.00
0.00
0.00
0.00
0.00
0.00
0.00
0.00
0.00
0.00
0.00
0.00
0.00
0.00
0.00
0.00
0.00
0.00
0.00
0.00
0.00
0.00
0.00
0.00
0.00
0.00
0.00
0.00
0.00
0.00
0.00
0.00
0.00
0.00
0.00
0.00
0.00
0.00
0.00
0.00
186.30
0.00
0.00
0.00
0.00
0.00
0.00
0.00
0.00
0.00
0.00
0.00
0.00
0.00
0.00
0.00
0.00
0.00
0.00
0.00
0.00
0.00
0.00
0.00
0.00
0.00
0.00
0.00
0.00
0.00
0.00
0.00
0.00
0.00
0.00
0.00
0.00
0.00
0.00
0.00
0.00
0.00
0.00
0.00
0.00
0.00
0.00
0.00
0.00
0.00
0.00
0.00
0.00
0.00
0.00
0.00
0.00
0.00
0.00
0.00
0.00
0.00
0.00
0.00
0.00
0.00
0.00
0.00
0.00
0.00
0.00
0.00
0.00
0.00
0.00
0.00
0.00
0.00
0.00
0.00
0.00
0.00
0.00
0.00
0.00
0.00
0.00
0.00
0.00
0.00
0.00
0.00
0.00
0.00
0.00
0.00
0.00
0.00
0.00
0.00
0.00
0.00
0.00
0.00
0.00
0.00
0.00
0.00
0.00
0.00
0.00
0.00
0.00
0.00
0.00
0.00
0.00
0.00
0.00
0.00
0.00
0.00
0.00
0.00
0.00
0.00
0.00
0.00
0.00
0.00
0.00
0.00
0.00
184.93
0.00
1327.80
1329.47
0.00
0.00
0.00
0.00
0.00
0.00
0.00
0.00
0.00
0.00
0.00
0.00
0.00
0.00
0.00
0.00
0.00
0.00
0.00
0.00
0.00
0.00
0.00
0.00
0.00
0.00
0.00
0.00
0.00
0.00
0.00
0.00
0.00
0.00
0.00
0.00
0.00
0.00
0.00
0.00
0.00
0.00
0.00
0.00
0.00
0.00
0.00
0.00
0.00
0.00
0.00
0.00
0.00
0.00
0.00
0.00
0.00
0.00
0.00
0.00
0.00
0.00
0.00
0.00
0.00
0.00
0.00
0.00
0.00
0.00
0.00
0.00
0.00
0.00
0.00
0.00
0.00
0.00
0.00
0.00
0.00
0.00
0.00
0.00
0.00
0.00
0.00
0.00
0.00
0.00
0.00
0.00
0.00
0.00
0.00
0.00
0.00
0.00
0.00
0.00
0.00
0.00
0.00
0.00
0.00
0.00
0.00
0.00
0.00
0.00
0.00
0.00
0.00
0.00
0.00
0.00
0.00
0.00
0.00
0.00
0.00
0.00
0.00
0.00
0.00
0.00
0.00
0.00
0.00
81.04
0.00
0.00
0.00
0.00
0.00
0.00
0.00
0.00
0.00
0.00
0.00
0.00
0.00
0.00
0.00
0.00
0.00
0.00
0.00
0.00
0.00
0.00
0.00
0.00
0.00
0.00
0.00
0.00
0.00
0.00
0.00
0.00
0.00
0.00
0.00
0.00
0.00
0.00
0.00
0.00
0.00
0.00
0.00
0.00
0.00
0.00
0.00
0.00
0.00
0.00
0.00
0.00
0.00
0.00
0.00
0.00
0.00
0.00
0.00
0.00
0.00
0.00
0.00
0.00
0.00
0.00
0.00
0.00
0.00
0.00
0.00
0.00
0.00
0.00
0.00
0.00
0.00
0.00
0.00
0.00
0.00
0.00
0.00
0.00
0.00
0.00
0.00
0.00
0.00
0.00
0.00
0.00
0.00
0.00
0.00
0.00
0.00
0.00
0.00
0.00
0.00
0.00
0.00
0.00
0.00
0.00
0.00
0.00
0.00
0.00
0.00
0.00
0.00
0.00
0.00
0.00
0.00
0.00
0.00
0.00
0.00
0.00
0.00
0.00
0.00
0.00
0.00
0.00
0.00
0.00
0.00
0.00
210.69
0.00
0.00
0.00
0.00
0.00
0.00
0.00
0.00
0.00
0.00
0.00
0.00
0.00
0.00
0.00
0.00
0.00
0.00
0.00
0.00
0.00
0.00
0.00
0.00
0.00
0.00
0.00
0.00
0.00
0.00
0.00
0.00
0.00
0.00
0.00
0.00
0.00
0.00
0.00
0.00
0.00
0.00
0.00
0.00
0.00
0.00
0.00
0.00
0.00
0.00
0.00
0.00
0.00
0.00
0.00
0.00
0.00
0.00
0.00
0.00
0.00
0.00
0.00
0.00
0.00
0.00
0.00
0.00
0.00
0.00
0.00
0.00
0.00
0.00
0.00
0.00
0.00
0.00
0.00
0.00
0.00
0.00
0.00
0.00
0.00
0.00
0.00
0.00
0.00
0.00
0.00
0.00
0.00
0.00
0.00
0.00
0.00
0.00
0.00
0.00
0.00
0.00
0.00
0.00
0.00
0.00
0.00
0.00
0.00
0.00
0.00
0.00
0.00
0.00
0.00
0.00
0.00
0.00
0.00
0.00
0.00
0.00
0.00
0.00
0.00
0.00
0.00
0.00
0.00
0.00
0.00
0.00
244.58
0.00
0.00
0.00
0.00
0.00
0.00
0.00
0.00
0.00
0.00
0.00
0.00
0.00
0.00
0.00
0.00
0.00
0.00
0.00
0.00
0.00
0.00
0.00
0.00
0.00
0.00
0.00
0.00
0.00
0.00
0.00
0.00
0.00
0.00
0.00
0.00
0.00
0.00
0.00
0.00
0.00
0.00
0.00
0.00
0.00
0.00
0.00
0.00
0.00
0.00
0.00
0.00
0.00
0.00
0.00
0.00
0.00
0.00
0.00
0.00
0.00
0.00
0.00
0.00
0.00
0.00
0.00
0.00
0.00
0.00
0.00
0.00
0.00
0.00
0.00
0.00
0.00
0.00
0.00
0.00
0.00
0.00
0.00
0.00
0.00
0.00
0.00
0.00
0.00
0.00
0.00
0.00
0.00
0.00
0.00
0.00
0.00
0.00
0.00
0.00
0.00
0.00
0.00
0.00
0.00
0.00
0.00
0.00
0.00
0.00
0.00
0.00
0.00
0.00
0.00
0.00
0.00
0.00
0.00
0.00
0.00
0.00
0.00
0.00
0.00
0.00
0.00
0.00
0.00
0.00
0.00
0.00
0.00
0.00
0.00
0.00
0.00
0.00
0.00
0.00
0.00
0.00
0.00
0.00
0.00
0.00
0.00
0.00
0.00
0.00
0.00
0.00
0.00
0.00
0.00
0.00
0.00
0.00
0.00
0.00
0.00
0.00
0.00
0.00
0.00
0.00
0.00
0.00
0.00
0.00
0.00
0.00
0.00
0.00
0.00
0.00
0.00
0.00
0.00
0.00
0.00
0.00
0.00
0.00
0.00
0.00
0.00
0.00
0.00
0.00
0.00
0.00
0.00
0.00
0.00
0.00
0.00
0.00
0.00
0.00
0.00
0.00
0.00
0.00
0.00
0.00
0.00
0.00
0.00
0.00
0.00
0.00
0.00
0.00
0.00
0.00
0.00
0.00
0.00
0.00
0.00
0.00
0.00
0.00
0.00
0.00
0.00
0.00
0.00
0.00
0.00
0.00
0.00
0.00
0.00
0.00
0.00
0.00
0.00
0.00
0.00
0.00
0.00
0.00
0.00
0.00
0.00
0.00
0.00
0.00
0.00
0.00
0.00
0.00
0.00
0.00
0.00
0.00
0.00
0.00
0.00
0.00
0.00
0.00
0.00
0.00
0.00
0.00
0.00
0.00
0.00
0.00
0.00
0.00
0.00
0.00
0.00
0.00
0.00
0.00
0.00
0.00
0.00
0.00
0.00
0.00
0.00
0.00
0.00
0.00
0.00
0.00
0.00
0.00
0.00
0.00
0.00
0.00
0.00
0.00
0.00
0.00
0.00
0.00
0.00
0.00
0.00
0.00
0.00
0.00
0.00
0.00
0.00
0.00
0.00
0.00
0.00
0.00
0.00
0.00
0.00
0.00
0.00
0.00
0.00
0.00
0.00
0.00
0.00
0.00
0.00
0.00
0.00
0.00
0.00
0.00
0.00
0.00
0.00
0.00
0.00
0.00
0.00
0.00
0.00
0.00
0.00
0.00
0.00
0.00
0.00
0.00
0.00
0.00
0.00
0.00
0.00
0.00
0.00
0.00
0.00
0.00
0.00
0.00
0.00
0.00
0.00
0.00
0.00
0.00
0.00
0.00
0.00
0.00
0.00
0.00
0.00
0.00
0.00
0.00
0.00
0.00
0.00
0.00
0.00
0.00
0.00
0.00
0.00
0.00
0.00
0.00
0.00
0.00
0.00
0.00
0.00
0.00
0.00
0.00
0.00
0.00
0.00
0.00
0.00
0.00
0.00
0.00
0.00
0.00
0.00
0.00
0.00
0.00
0.00
0.00
0.00
0.00
0.00
0.00
0.00
0.00
0.00
0.00
0.00
0.00
0.00
0.00
0.00
0.00
0.00
0.00
0.00
0.00
0.00
0.00
0.00
0.00
0.00
0.00
0.00
0.00
0.00
0.00
0.00
0.00
0.00
0.00
0.00
0.00
0.00
0.00
0.00
0.00
0.00
0.00
0.00
0.00
0.00
0.00
0.00
0.00
0.00
0.00
0.00
0.00
0.00
0.00
0.00
0.00
0.00
0.00
0.00
0.00
0.00
0.00
0.00
0.00
0.00
0.00
0.00
0.00
0.00
0.00
0.00
0.00
0.00
0.00
0.00
0.00
0.00
0.00
0.00
0.00
0.00
0.00
0.00
0.00
0.00
0.00
0.00
0.00
0.00
0.00
0.00
0.00
0.00
0.00
0.00
0.00
0.00
0.00
0.00
0.00
0.00
0.00
0.00
0.00
0.00
0.00
0.00
0.00
0.00
0.00
0.00
0.00
0.00
0.00
0.00
0.00
0.00
0.00
0.00
0.00
0.00
0.00
0.00
0.00
0.00
0.00
0.00
0.00
0.00
0.00
0.00
0.00
0.00
0.00
0.00
0.00
0.00
0.00
0.00
0.00
0.00
0.00
0.00
0.00
0.00
0.00
0.00
0.00
0.00
0.00
0.00
0.00
0.00
0.00
0.00
0.00
0.00
0.00
0.00
0.00
0.00
0.00
0.00
0.00
0.00
0.00
0.00
0.00
0.00
0.00
0.00
0.00
0.00
0.00
0.00
0.00
0.00
0.00
0.00
0.00
0.00
0.00
0.00
0.00
0.00
0.00
0.00
0.00
0.00
0.00
0.00
0.00
0.00
0.00
0.00
0.00
0.00
0.00
0.00
0.00
0.00
0.00
0.00
0.00
0.00
0.00
0.00
0.00
0.00
0.00
0.00
0.00
0.00
0.00
0.00
0.00
0.00
0.00
0.00
0.00
0.00
0.00
0.00
0.00
0.00
0.00
0.00
0.00
0.00
0.00
0.00
0.00
0.00
0.00
0.00
0.00
0.00
0.00
0.00
0.00
0.00
0.00
0.00
0.00
0.00
0.00
0.00
0.00
0.00
0.00
0.00
0.00
0.00
0.00
0.00
0.00
0.00
0.00
0.00
0.00
0.00
0.00
0.00
0.00
0.00
0.00
0.00
0.00
0.00
0.00
0.00
0.00
0.00
0.00
0.00
0.00
0.00
0.00
0.00
0.00
0.00
0.00
0.00
0.00
0.00
0.00
0.00
0.00
0.00
0.00
0.00
0.00
0.00
0.00
0.00
0.00
0.00
0.00
0.00
0.00
0.00
0.00
0.00
0.00
0.00
0.00
0.00
0.00
0.00
0.00
0.00
0.00
0.00
0.00
0.00
0.00
0.00
0.00
0.00
0.00
0.00
0.00
0.00
0.00
0.00
0.00
0.00
0.00
0.00
0.00
0.00
0.00
0.00
0.00
0.00
0.00
0.00
0.00
0.00
0.00
0.00
0.00
0.00
0.00
0.00
0.00
0.00
0.00
0.00
0.00
0.00
0.00
0.00
0.00
0.00
0.00
0.00
0.00
0.00
0.00
0.00
0.00
0.00
0.00
0.00
0.00
0.00
0.00
0.00
0.00
0.00
0.00
0.00
0.00
0.00
0.00
0.00
0.00
