0.00
0.00
0.00
0.00
602.04
0.00
0.00
0.00
658.03
0.00
0.00
0.00
583.93
975.10
132.89
378.66
575.40
0.00
0.00
0.00
823.41
502.33
812.99
849.92
840.46
0.00
0.00
0.00
774.66
0.00
0.00
0.00
641.54
0.00
690.65
0.00
445.45
169.10
0.00
491.68
475.36
0.00
0.00
673.04
376.30
120.35
0.00
204.89
669.77
0.00
0.00
0.00
706.06
903.64
1037.97
901.86
520.19
0.00
53.36
632.88
824.26
854.68
0.00
0.00
643.76
0.00
0.00
0.00
845.48
218.79
0.00
0.00
617.57
0.00
0.00
1028.51
378.98
576.65
0.00
0.00
413.85
191.59
1007.16
0.00
447.51
0.00
0.00
0.00
0.00
0.00
0.00
0.00
0.00
637.61
0.00
888.52
0.00
696.90
0.00
822.86
0.00
618.43
0.00
0.00
166.98
609.39
0.00
0.00
0.00
872.06
0.00
0.00
282.25
890.11
286.13
0.00
0.00
820.42
0.00
0.00
0.00
679.44
0.00
561.42
423.25
471.76
0.00
0.00
151.51
503.44
901.22
924.95
957.59
398.53
0.00
0.00
0.00
709.34
0.00
0.00
0.00
747.78
0.00
73.08
0.00
550.92
0.00
0.00
685.59
872.96
0.00
0.00
0.00
681.79
0.00
0.00
0.00
895.42
0.00
0.00
0.00
654.05
1061.31
0.00
590.84
401.37
0.00
221.96
0.00
438.30
0.00
569.61
0.00
473.95
0.00
575.37
0.00
0.00
0.00
0.00
0.00
0.00
632.92
0.00
0.00
0.00
691.77
0.00
0.00
0.00
613.88
0.00
658.87
0.00
604.91
0.00
0.00
0.00
865.64
0.00
281.30
0.00
883.56
847.13
0.00
0.00
814.39
466.95
0.00
0.00
674.44
0.00
0.00
491.54
468.29
471.32
0.00
0.00
499.74
0.00
0.00
936.12
395.60
0.00
0.00
304.78
704.12
0.00
0.00
0.00
742.28
0.00
0.00
322.09
546.87
0.00
0.00
0.00
866.54
0.00
0.00
261.73
676.77
0.00
0.00
0.00
888.84
0.00
57.45
0.00
649.24
0.00
0.00
0.00
398.41
0.00
641.72
439.11
435.07
0.00
0.00
0.00
470.46
0.00
0.00
0.00
0.00
0.00
0.00
0.00
0.00
277.38
582.84
0.00
0.00
303.17
0.00
0.00
0.00
269.04
0.00
0.00
0.00
265.10
1046.41
0.00
0.00
379.37
0.00
0.00
0.00
387.22
659.44
958.40
0.00
356.91
0.00
0.00
0.00
295.57
0.00
0.00
0.00
205.23
520.77
23.55
389.70
219.01
772.74
184.51
0.00
173.37
0.00
0.00
0.00
308.58
0.00
0.00
0.00
325.30
0.00
0.00
642.46
239.67
754.44
0.00
0.00
379.76
0.00
0.00
0.00
296.60
0.00
0.00
0.00
389.54
514.72
624.29
0.00
284.53
0.00
0.00
35.96
174.61
0.00
0.00
0.00
190.67
0.00
136.08
0.00
206.18
0.00
0.00
0.00
0.00
0.00
0.00
0.00
0.00
574.62
76.16
948.80
0.00
500.52
0.00
0.00
0.00
491.99
0.00
0.00
0.00
740.00
704.86
0.00
0.00
757.04
0.00
380.73
0.00
691.25
0.00
0.00
0.00
558.13
0.00
0.00
0.00
362.04
0.00
0.00
0.00
391.94
109.06
0.00
0.00
292.89
0.00
0.00
558.29
586.36
0.00
1000.90
0.00
622.65
0.00
0.00
0.00
436.78
0.00
0.00
0.00
740.85
0.00
0.00
0.00
560.34
0.00
0.00
0.00
762.06
0.00
0.00
202.35
534.16
0.00
789.56
0.00
295.57
606.40
0.00
0.00
330.44
0.00
0.00
0.00
364.10
0.00
348.05
0.00
0.00
0.00
0.00
0.00
0.00
0.00
0.00
0.00
0.00
608.56
0.00
0.00
0.00
530.09
158.76
0.00
192.06
521.05
34.35
0.00
238.99
783.72
0.00
433.18
0.00
801.77
0.00
0.00
0.00
732.09
0.00
0.00
0.00
591.10
295.26
0.00
507.09
383.42
574.88
0.00
0.00
415.10
0.00
693.55
498.59
310.19
647.75
0.00
0.00
621.00
0.00
0.00
244.87
659.44
0.00
0.00
625.49
462.58
0.00
513.51
262.77
784.62
0.00
0.00
0.00
593.45
361.73
0.00
604.49
807.09
251.68
0.00
0.00
565.71
0.00
654.78
943.72
313.03
0.00
0.00
0.00
349.96
1037.98
0.00
451.23
385.61
765.91
0.00
0.00
0.00
0.00
0.00
0.00
0.00
0.00
0.00
0.00
823.42
604.09
0.00
567.45
649.97
526.19
0.00
0.00
0.00
517.22
0.00
0.00
0.00
777.96
0.00
0.00
0.00
795.87
0.00
0.00
651.09
726.70
0.00
0.00
0.00
586.75
0.00
0.00
142.95
380.60
258.59
0.00
963.63
412.05
0.00
0.00
0.00
307.91
0.00
0.00
0.00
616.43
0.00
0.00
0.00
654.59
527.73
802.48
313.00
459.18
0.00
0.00
0.00
778.85
160.27
0.00
0.00
589.08
0.00
940.82
0.00
801.15
65.35
0.00
810.18
561.55
829.88
0.00
0.00
310.73
0.00
778.54
0.00
347.38
0.00
780.82
0.00
382.77
0.00
0.00
0.00
0.00
0.00
0.00
0.00
0.00
0.00
0.00
0.00
517.10
264.74
310.83
0.00
0.00
230.61
0.00
0.00
0.00
226.67
0.00
0.00
0.00
340.94
0.00
0.00
710.29
348.79
0.00
0.00
51.07
318.48
0.00
0.00
0.00
257.15
0.00
725.37
234.64
166.80
149.29
0.00
0.00
180.58
692.63
0.00
1051.17
134.94
785.23
0.00
0.00
270.15
0.00
674.25
0.00
286.87
0.00
0.00
0.00
201.24
0.00
0.00
0.00
341.33
0.00
0.00
0.00
258.17
923.43
0.00
1061.44
351.11
0.00
681.85
0.00
246.10
0.00
0.00
0.00
136.18
818.48
0.00
0.00
152.24
534.84
0.00
0.00
167.75
0.00
0.00
0.00
0.00
0.00
0.00
0.00
0.00
0.00
0.00
0.00
0.00
556.51
0.00
0.00
0.00
547.97
0.00
0.00
0.00
795.99
105.49
0.00
0.00
813.03
0.00
728.01
0.00
747.23
0.00
0.00
0.00
614.11
218.12
929.40
0.00
418.02
0.00
742.01
187.98
447.93
0.00
0.00
0.00
348.88
0.00
540.45
0.00
642.34
0.00
329.25
0.00
678.64
223.71
876.28
0.00
492.77
0.00
0.00
0.00
796.84
373.91
1041.20
0.00
616.33
0.00
230.64
0.00
818.05
131.51
675.56
0.00
590.14
0.00
0.00
0.00
351.55
0.00
0.00
0.00
386.42
0.00
0.00
0.00
420.09
0.00
207.75
0.00
0.00
0.00
0.00
0.00
0.00
0.00
0.00
0.00
0.00
0.00
0.00
0.00
0.00
589.39
751.02
677.15
158.90
580.35
0.00
0.00
0.00
843.01
0.00
531.50
0.00
861.06
90.21
0.00
0.00
791.38
0.00
0.00
0.00
650.39
0.00
0.00
661.88
442.72
0.00
0.00
59.69
474.39
0.00
0.00
695.20
369.49
0.00
0.00
460.55
680.29
141.11
0.00
1008.79
718.73
0.00
981.69
0.00
521.88
0.00
0.00
0.00
843.91
523.30
0.00
0.00
652.74
0.00
458.36
0.00
866.38
0.00
0.00
0.00
625.01
973.41
0.00
0.00
372.32
0.00
0.00
443.32
409.25
59.21
0.00
188.10
444.90
0.00
0.00
0.00
0.00
0.00
0.00
0.00
0.00
0.00
0.00
0.00
0.00
0.00
0.00
0.00
68.82
585.05
0.00
1046.06
0.00
576.08
0.00
0.00
845.10
836.81
748.70
0.00
0.00
854.73
762.02
0.00
0.00
785.56
336.89
0.00
0.00
645.61
1006.20
101.22
0.00
439.46
0.00
0.00
0.00
470.90
0.00
0.00
0.00
366.77
0.00
0.00
0.00
675.29
0.00
0.00
0.00
713.45
0.00
0.00
0.00
518.04
653.15
0.00
0.00
837.71
53.21
258.52
881.45
647.94
0.00
849.76
0.00
860.01
0.00
0.00
0.00
620.41
168.85
150.66
28.09
369.58
0.00
0.00
0.00
406.24
0.00
1070.85
154.19
441.63
1040.03
0.00
0.00
0.00
0.00
0.00
0.00
0.00
0.00
0.00
0.00
0.00
0.00
0.00
0.00
0.00
256.40
999.76
0.00
0.00
252.47
0.00
0.00
0.00
366.74
0.00
0.00
0.00
374.59
0.00
0.00
0.00
344.27
0.00
940.15
0.00
282.94
293.01
0.00
0.00
192.59
720.87
0.00
0.00
206.37
515.30
0.00
630.45
160.74
481.90
0.00
0.00
295.95
614.14
109.21
0.00
312.67
0.00
0.00
59.34
227.03
0.00
0.00
0.00
367.13
0.00
0.00
0.00
283.96
0.00
0.00
0.00
376.90
694.69
0.00
0.00
271.90
0.00
0.00
0.00
161.97
0.00
0.00
0.00
178.04
0.00
0.00
0.00
193.55
0.00
0.00
0.00
0.00
0.00
0.00
0.00
0.00
0.00
0.00
0.00
0.00
0.00
0.00
0.00
0.00
473.88
0.00
478.17
904.28
721.90
0.00
35.00
0.00
738.94
0.00
0.00
0.00
673.14
940.06
0.00
163.31
540.02
636.54
0.00
0.00
343.93
0.00
971.77
0.00
373.84
0.00
0.00
0.00
274.78
0.00
0.00
0.00
568.25
0.00
0.00
0.00
604.55
0.00
549.81
0.00
418.67
0.00
142.32
0.00
722.75
0.00
0.00
0.00
542.24
0.00
93.05
0.00
743.96
0.00
636.84
0.00
516.05
0.00
0.00
0.00
277.46
0.00
0.00
0.00
312.33
0.00
0.00
166.14
345.99
0.00
0.00
0.00
0.00
0.00
0.00
0.00
0.00
0.00
0.00
0.00
0.00
0.00
0.00
0.00
0.00
0.00
0.00
0.00
0.00
501.88
0.00
0.00
410.03
764.55
0.00
0.00
0.00
782.59
0.00
0.00
710.35
712.91
0.00
0.00
0.00
571.92
0.00
0.00
138.60
364.25
595.04
0.00
0.00
395.92
0.00
0.00
643.20
291.02
0.00
0.00
856.96
601.82
0.00
0.00
922.40
640.26
0.00
848.83
0.00
443.41
0.00
0.00
525.82
765.44
0.00
0.00
640.79
574.27
0.00
0.00
0.00
787.91
0.00
0.00
0.00
546.54
0.00
0.00
0.00
293.85
0.00
0.00
0.00
330.78
889.84
0.00
597.50
366.43
0.00
0.00
0.00
0.00
0.00
0.00
0.00
0.00
0.00
0.00
0.00
0.00
0.00
0.00
0.00
0.00
0.00
0.00
0.00
0.00
498.19
0.00
715.55
0.00
758.92
0.00
0.00
813.94
776.84
680.70
657.01
0.00
707.67
129.51
0.00
0.00
567.72
535.55
0.00
0.00
361.57
0.00
0.00
0.00
393.01
0.00
625.66
627.30
288.88
0.00
805.93
0.00
597.40
0.00
759.19
0.00
635.55
0.00
958.30
0.00
440.15
0.00
783.65
0.00
759.81
0.00
956.52
0.00
570.05
0.00
1011.78
0.00
782.12
0.00
0.00
29.48
542.52
0.00
0.00
0.00
291.69
0.00
0.00
599.95
328.35
51.96
0.00
0.00
363.74
0.00
0.00
0.00
0.00
0.00
0.00
0.00
0.00
0.00
0.00
0.00
0.00
0.00
0.00
0.00
0.00
0.00
0.00
0.00
0.00
218.33
514.12
30.54
0.00
332.60
0.00
736.49
161.21
340.45
0.00
0.00
801.56
310.14
0.00
0.00
791.44
248.80
422.40
0.00
681.51
158.46
0.00
0.00
0.00
172.24
0.00
0.00
0.00
126.60
0.00
0.00
0.00
261.81
0.00
0.00
0.00
278.53
0.00
0.00
1009.45
192.90
0.00
0.00
757.84
332.99
0.00
0.00
0.00
249.83
0.00
0.00
0.00
342.76
0.00
0.00
0.00
237.76
0.00
570.12
0.00
127.83
0.00
0.00
0.00
143.90
0.00
0.00
0.00
159.41
0.00
0.00
0.00
0.00
0.00
0.00
0.00
0.00
0.00
0.00
0.00
0.00
0.00
0.00
0.00
0.00
0.00
708.11
0.00
0.00
713.36
0.00
552.16
0.00
730.40
0.00
0.00
0.00
664.61
781.98
0.00
0.00
531.49
543.10
0.00
0.00
335.40
0.00
0.00
0.00
365.30
0.00
0.00
860.69
266.25
0.00
0.00
0.00
559.72
0.00
0.00
0.00
596.01
824.47
143.76
0.00
410.14
0.00
0.00
0.00
714.21
308.77
244.00
266.93
533.70
0.00
0.00
0.00
735.42
0.00
0.00
0.00
507.52
0.00
50.33
279.24
268.93
0.00
0.00
0.00
303.79
0.00
0.00
0.00
337.46
1018.92
0.00
0.00
0.00
0.00
0.00
0.00
0.00
0.00
0.00
0.00
0.00
0.00
0.00
0.00
0.00
0.00
0.00
0.00
0.00
0.00
473.79
278.14
370.65
755.51
0.00
244.38
0.00
773.55
0.00
0.00
0.00
703.87
0.00
0.00
0.00
562.89
0.00
0.00
807.20
355.21
0.00
0.00
0.00
386.89
0.00
0.00
268.60
281.98
0.00
0.00
0.00
592.78
0.00
0.00
0.00
631.22
0.00
0.00
247.68
434.37
0.00
0.00
0.00
756.40
1041.10
0.00
0.00
565.23
0.00
0.00
0.00
778.87
50.76
0.00
0.00
537.50
0.00
0.00
691.04
284.81
0.00
0.00
0.00
321.74
230.47
0.00
120.56
357.40
0.00
966.63
0.00
0.00
0.00
0.00
0.00
0.00
0.00
0.00
0.00
0.00
0.00
0.00
0.00
0.00
0.00
0.00
0.00
0.00
0.00
0.00
0.00
79.56
749.95
0.00
0.00
0.00
767.87
0.00
0.00
35.85
698.69
695.49
0.00
241.38
558.75
0.00
200.73
0.00
352.60
0.00
0.00
0.00
384.04
70.18
0.00
0.00
279.90
0.00
0.00
0.00
588.42
0.00
0.00
156.00
626.58
0.00
0.00
138.32
431.17
0.00
0.00
0.00
750.84
0.00
0.00
0.00
561.08
0.00
0.00
0.00
773.14
0.00
0.00
0.00
533.55
0.00
0.00
0.00
282.72
0.00
0.00
0.00
319.38
810.94
0.00
0.00
354.77
0.00
0.00
0.00
0.00
0.00
0.00
0.00
0.00
0.00
0.00
0.00
0.00
0.00
0.00
0.00
0.00
0.00
0.00
0.00
0.00
0.00
670.96
0.00
0.00
328.67
0.00
584.10
681.45
336.52
892.80
0.00
0.00
306.20
0.00
0.00
0.00
244.87
151.39
0.00
566.26
154.53
0.00
0.00
0.00
168.31
0.00
0.00
932.18
122.67
268.78
0.00
0.00
257.88
0.00
0.00
0.00
274.60
918.00
211.10
0.00
188.96
442.01
0.00
453.94
329.06
0.00
0.00
0.00
245.89
926.98
306.51
0.00
338.83
0.00
0.00
618.86
233.83
0.00
0.00
0.00
123.90
998.14
0.00
0.00
139.97
0.00
0.00
795.38
155.48
0.00
0.00
0.00
0.00
0.00
0.00
0.00
0.00
0.00
0.00
0.00
0.00
0.00
0.00
0.00
0.00
0.00
0.00
0.00
0.00
0.00
0.00
0.00
0.00
978.42
806.51
406.14
0.00
912.62
0.00
0.00
0.00
779.50
0.00
752.59
0.00
583.41
0.00
0.00
369.20
613.32
0.00
893.84
0.00
514.26
0.00
0.00
0.00
807.73
217.94
0.00
574.71
844.03
941.44
0.00
0.00
658.15
0.00
0.00
0.00
962.23
892.20
0.00
0.00
781.72
927.90
0.00
0.00
983.44
864.78
0.00
0.00
755.53
0.00
0.00
800.10
516.94
0.00
0.00
0.00
551.81
0.00
0.00
0.00
585.47
0.00
453.89
0.00
0.00
0.00
0.00
0.00
0.00
0.00
0.00
0.00
0.00
0.00
0.00
0.00
0.00
0.00
0.00
0.00
0.00
0.00
0.00
0.00
0.00
0.00
0.00
0.00
0.00
1036.22
0.00
290.23
0.00
966.54
0.00
0.00
0.00
825.55
0.00
287.25
0.00
617.88
0.00
67.36
57.25
649.55
62.22
0.00
0.00
544.64
0.00
0.00
40.19
855.45
0.00
436.98
0.00
893.89
39.26
0.00
0.00
697.04
0.00
0.00
0.00
1019.07
216.17
0.00
0.00
827.90
921.72
0.00
0.00
1041.54
0.00
0.00
843.73
800.17
0.00
0.00
0.00
547.48
406.78
218.62
0.00
584.41
0.00
0.00
0.00
620.06
0.00
0.00
0.00
0.00
0.00
0.00
0.00
0.00
0.00
0.00
0.00
0.00
0.00
0.00
0.00
0.00
0.00
0.00
0.00
0.00
0.00
0.00
0.00
0.00
0.00
0.00
252.11
0.00
1028.60
0.00
1029.02
0.00
959.43
0.00
0.00
0.00
819.48
0.00
709.14
0.00
613.33
661.97
678.16
0.00
644.77
0.00
0.00
0.00
540.64
0.00
60.20
0.00
849.16
0.00
0.00
0.00
887.32
861.27
55.14
595.75
691.91
0.00
0.00
0.00
1011.58
0.00
791.82
0.00
821.81
0.00
0.00
0.00
1033.88
0.00
0.00
638.31
794.28
0.00
0.00
0.00
543.45
0.00
0.00
690.89
580.11
0.00
0.00
0.00
615.50
0.00
0.00
0.00
0.00
0.00
0.00
0.00
0.00
0.00
0.00
0.00
0.00
0.00
0.00
0.00
0.00
0.00
0.00
0.00
0.00
0.00
0.00
0.00
0.00
0.00
0.00
0.00
0.00
450.79
586.42
818.70
0.00
420.47
351.98
193.90
0.00
359.14
0.00
698.35
0.00
268.79
0.00
0.00
0.00
282.57
91.90
0.00
0.00
236.94
0.00
0.00
0.00
372.15
0.00
0.00
0.00
388.87
0.00
155.32
0.00
303.23
0.00
956.35
0.00
443.33
175.17
0.00
692.35
360.16
0.00
0.00
0.00
453.10
0.00
0.00
0.00
348.09
0.00
0.00
0.00
238.17
523.59
0.00
0.00
254.23
964.26
0.00
0.00
269.74
0.00
0.00
0.00
0.00
0.00
0.00
0.00
0.00
0.00
0.00
0.00
0.00
0.00
0.00
0.00
0.00
0.00
0.00
0.00
0.00
0.00
0.00
0.00
0.00
0.00
0.00
0.00
0.00
929.66
0.00
0.00
241.60
796.54
0.00
443.50
0.00
600.45
0.00
766.16
0.00
630.36
0.00
880.75
793.72
531.30
701.93
339.75
0.00
824.77
0.00
0.00
146.27
861.07
0.00
0.00
0.00
675.19
0.00
0.00
0.00
979.27
291.33
0.00
0.00
798.76
0.00
0.00
127.59
1000.48
0.00
574.33
1057.49
772.57
120.70
0.00
0.00
533.98
0.00
77.57
0.00
568.85
585.29
0.00
0.00
602.51
0.00
0.00
0.00
0.00
0.00
0.00
0.00
0.00
0.00
0.00
0.00
0.00
0.00
0.00
0.00
0.00
0.00
0.00
0.00
0.00
0.00
0.00
0.00
0.00
0.00
0.00
0.00
0.00
0.00
0.00
0.00
0.00
984.59
0.00
1002.04
0.00
843.60
0.00
814.78
0.00
635.92
0.00
0.00
473.63
667.60
1066.72
0.00
0.00
562.69
775.56
594.63
0.00
873.50
603.10
0.00
394.04
911.94
0.00
0.00
0.00
715.08
725.46
0.00
0.00
1037.12
0.00
0.00
0.00
845.95
0.00
0.00
0.00
1059.59
0.00
276.94
0.00
818.21
0.00
0.00
0.00
565.53
1060.98
838.32
0.00
602.46
0.00
344.64
0.00
638.11
0.00
0.00
0.00
0.00
0.00
0.00
0.00
0.00
0.00
0.00
0.00
0.00
0.00
0.00
0.00
0.00
0.00
0.00
0.00
0.00
0.00
0.00
0.00
0.00
0.00
0.00
0.00
0.00
0.00
351.33
0.00
357.45
977.34
331.07
0.00
0.00
837.40
0.00
0.00
308.07
631.25
476.02
0.00
0.00
662.69
665.69
0.00
0.00
558.55
0.00
0.00
0.00
867.07
0.00
962.67
0.00
905.23
0.00
0.00
0.00
709.82
0.00
0.00
0.00
1029.49
643.52
0.00
0.00
839.73
0.00
0.00
0.00
1051.79
0.00
0.00
0.00
812.20
205.57
0.00
0.00
561.37
0.00
0.00
0.00
598.03
0.00
0.00
0.00
633.42
0.00
0.00
0.00
0.00
0.00
0.00
0.00
0.00
0.00
0.00
0.00
0.00
0.00
0.00
0.00
0.00
0.00
0.00
0.00
0.00
0.00
0.00
0.00
0.00
0.00
0.00
0.00
0.00
0.00
0.00
90.35
0.00
428.32
313.04
0.00
0.00
366.99
0.00
818.66
0.00
276.65
0.00
0.00
220.52
290.43
768.66
724.77
0.00
244.79
0.00
0.00
0.00
380.00
0.00
0.00
0.00
396.72
0.00
905.06
0.00
311.08
0.00
479.01
0.00
451.18
156.98
0.00
0.00
368.01
0.00
0.00
0.00
460.95
0.00
0.00
0.00
355.95
0.00
0.00
0.00
246.02
0.00
0.00
0.00
262.09
0.00
286.37
985.38
277.60
0.00
0.00
0.00
0.00
0.00
0.00
0.00
0.00
0.00
0.00
0.00
0.00
0.00
0.00
0.00
0.00
0.00
0.00
0.00
0.00
0.00
0.00
0.00
0.00
0.00
0.00
0.00
0.00
0.00
0.00
0.00
708.08
730.75
888.66
447.37
0.00
534.66
0.00
0.00
911.85
564.56
0.00
0.00
0.00
465.51
0.00
0.00
561.09
758.98
1024.09
0.00
0.00
795.27
887.33
891.62
0.00
609.40
0.00
795.14
824.19
913.47
502.35
378.00
660.39
732.96
919.38
170.35
0.00
934.68
0.00
0.00
0.00
706.78
0.00
0.00
0.00
468.19
53.00
0.00
965.37
503.05
0.00
0.00
0.00
536.72
0.00
0.00
588.43
0.00
0.00
0.00
0.00
0.00
0.00
0.00
0.00
0.00
0.00
0.00
0.00
0.00
0.00
0.00
0.00
0.00
0.00
0.00
0.00
0.00
0.00
0.00
0.00
0.00
0.00
0.00
0.00
0.00
0.00
0.00
0.00
0.00
773.92
0.00
1045.65
322.77
566.24
0.00
0.00
0.00
597.92
0.00
799.44
0.00
493.01
0.00
0.00
0.00
803.82
0.00
0.00
0.00
842.26
104.70
1064.66
30.90
645.40
0.00
0.00
175.24
967.44
0.00
1039.17
0.00
776.27
0.00
215.93
0.00
989.90
0.00
0.00
196.88
748.53
0.00
0.00
0.00
495.85
0.00
186.14
0.00
532.77
0.00
0.00
0.00
568.43
0.00
0.00
0.00
0.00
0.00
0.00
0.00
0.00
0.00
0.00
0.00
0.00
0.00
0.00
0.00
0.00
0.00
0.00
0.00
0.00
0.00
0.00
0.00
0.00
0.00
0.00
0.00
0.00
0.00
0.00
0.00
0.00
0.00
0.00
0.00
0.00
768.23
0.00
0.00
0.00
562.08
231.21
0.00
0.00
593.52
0.00
0.00
0.00
489.38
0.00
0.00
0.00
797.90
0.00
0.00
0.00
836.06
0.00
0.00
0.00
640.65
0.00
0.00
0.00
960.32
0.00
535.56
0.00
770.56
0.00
0.00
0.00
982.62
0.00
0.00
0.00
743.03
0.00
0.00
0.00
492.20
0.00
0.00
0.00
528.86
0.00
0.00
0.00
564.25
0.00
0.00
0.00
0.00
0.00
0.00
0.00
0.00
0.00
0.00
0.00
0.00
0.00
0.00
0.00
0.00
0.00
0.00
0.00
0.00
0.00
0.00
0.00
0.00
0.00
0.00
0.00
0.00
0.00
0.00
0.00
0.00
0.00
0.00
0.00
0.00
336.68
96.69
1046.01
0.00
246.33
0.00
0.00
0.00
260.11
999.34
0.00
399.73
214.47
0.00
75.55
0.00
349.68
0.00
406.90
0.00
366.41
126.78
0.00
0.00
280.77
0.00
0.00
0.00
420.86
725.94
0.00
0.00
337.70
197.86
0.00
0.00
430.64
0.00
493.42
0.00
325.63
0.00
0.00
0.00
215.71
0.00
0.00
1046.78
231.77
441.67
0.00
0.00
247.28
0.00
0.00
0.00
0.00
0.00
0.00
0.00
0.00
0.00
0.00
0.00
0.00
0.00
0.00
0.00
0.00
0.00
0.00
0.00
0.00
0.00
0.00
0.00
0.00
0.00
0.00
0.00
0.00
0.00
0.00
0.00
0.00
0.00
0.00
0.00
0.00
401.53
0.00
0.00
0.00
431.44
413.55
410.18
434.38
332.39
0.00
0.00
0.00
625.86
866.83
0.00
0.00
662.15
0.00
715.60
286.29
476.28
0.00
0.00
0.00
780.35
0.00
0.00
0.00
599.84
0.00
0.00
0.00
801.56
0.00
0.00
0.00
573.65
0.00
0.00
0.00
335.07
0.00
0.00
0.00
369.93
476.98
0.00
0.00
403.60
0.00
0.00
916.59
0.00
0.00
0.00
0.00
0.00
0.00
0.00
0.00
0.00
0.00
0.00
0.00
0.00
0.00
0.00
0.00
0.00
0.00
0.00
0.00
0.00
0.00
0.00
0.00
0.00
0.00
0.00
0.00
0.00
0.00
0.00
0.00
0.00
0.00
0.00
0.00
0.00
425.26
0.00
0.00
555.10
456.93
0.00
0.00
0.00
352.02
0.00
0.00
858.11
662.83
0.00
0.00
0.00
701.27
0.00
0.00
670.84
504.41
0.00
0.00
679.68
826.45
458.68
0.00
0.00
635.28
0.00
0.00
0.00
848.92
482.35
0.00
0.00
607.54
216.62
831.80
253.73
354.86
0.00
0.00
0.00
391.79
0.00
32.33
0.00
427.44
0.00
0.00
0.00
0.00
0.00
0.00
0.00
0.00
0.00
0.00
0.00
0.00
0.00
0.00
0.00
0.00
0.00
0.00
0.00
0.00
0.00
0.00
0.00
0.00
0.00
0.00
0.00
0.00
0.00
0.00
0.00
0.00
0.00
0.00
0.00
0.00
0.00
0.00
0.00
0.00
422.13
0.00
0.00
0.00
453.57
0.00
0.00
0.00
349.43
226.38
81.08
0.00
657.95
104.37
0.00
0.00
696.11
0.00
31.10
0.00
500.70
0.00
0.00
0.00
820.37
0.00
405.47
0.00
630.61
0.00
0.00
0.00
842.67
0.00
677.51
0.00
603.08
0.00
0.00
0.00
352.25
0.00
0.00
0.00
388.91
596.51
0.00
0.00
424.30
0.00
0.00
0.00
0.00
0.00
0.00
0.00
0.00
0.00
0.00
0.00
0.00
0.00
0.00
0.00
0.00
0.00
0.00
0.00
0.00
0.00
0.00
0.00
0.00
0.00
0.00
0.00
0.00
0.00
0.00
0.00
0.00
0.00
0.00
0.00
0.00
0.00
22.58
0.00
827.07
185.00
0.00
989.20
0.00
198.78
0.00
0.00
0.00
153.14
0.00
0.00
0.00
288.35
0.00
0.00
0.00
305.07
0.00
0.00
0.00
219.43
0.00
0.00
574.58
359.53
0.00
0.00
212.26
276.36
0.00
0.00
79.96
369.30
1043.16
0.00
568.21
264.30
0.00
0.00
0.00
154.37
0.00
0.00
81.23
170.44
0.00
0.00
0.00
185.95
0.00
0.00
0.00
0.00
0.00
0.00
0.00
0.00
0.00
0.00
0.00
0.00
0.00
0.00
0.00
0.00
0.00
0.00
0.00
0.00
0.00
0.00
0.00
0.00
0.00
0.00
0.00
0.00
0.00
0.00
0.00
0.00
0.00
0.00
0.00
0.00
0.00
0.00
676.76
0.00
235.35
145.15
1037.98
0.00
136.30
0.00
0.00
0.00
429.76
0.00
0.00
0.00
466.06
484.81
0.00
27.28
280.19
0.00
874.43
0.00
584.26
0.00
0.00
0.00
403.75
823.89
0.00
0.00
605.47
737.40
0.00
0.00
377.56
0.00
0.00
159.36
138.97
0.00
0.00
0.00
173.84
0.00
0.00
0.00
207.51
0.00
0.00
0.00
0.00
0.00
0.00
0.00
0.00
0.00
0.00
0.00
0.00
0.00
0.00
0.00
0.00
0.00
0.00
0.00
0.00
0.00
0.00
0.00
0.00
0.00
0.00
0.00
0.00
0.00
0.00
0.00
0.00
0.00
0.00
0.00
0.00
0.00
0.00
0.00
0.00
0.00
0.00
0.00
0.00
249.26
0.00
446.88
815.29
144.35
0.00
403.81
0.00
455.15
0.00
0.00
0.00
493.59
0.00
0.00
0.00
296.74
0.00
0.00
1004.15
618.77
0.00
0.00
0.00
427.60
0.00
0.00
0.00
641.24
836.72
0.00
0.00
399.87
0.00
0.00
0.00
147.18
0.00
0.00
0.00
184.11
0.00
260.39
0.00
219.77
0.00
0.00
0.00
0.00
0.00
0.00
0.00
0.00
0.00
0.00
0.00
0.00
0.00
0.00
0.00
0.00
0.00
0.00
0.00
0.00
0.00
0.00
0.00
0.00
0.00
0.00
0.00
0.00
0.00
0.00
0.00
0.00
0.00
0.00
0.00
0.00
0.00
0.00
0.00
0.00
0.00
149.56
0.00
48.14
247.42
0.00
483.67
0.00
143.29
0.00
0.00
542.39
451.81
643.84
884.52
0.00
489.96
0.00
519.70
0.00
294.56
0.00
96.01
0.00
614.22
0.00
959.14
0.00
424.46
0.00
0.00
0.00
636.53
0.00
163.39
0.00
396.93
0.00
0.00
286.87
146.10
0.00
841.56
0.00
182.76
0.00
0.00
876.49
218.15
0.00
0.00
0.00
0.00
0.00
0.00
0.00
0.00
0.00
0.00
0.00
0.00
0.00
0.00
0.00
0.00
0.00
0.00
0.00
0.00
0.00
0.00
0.00
0.00
0.00
0.00
0.00
0.00
0.00
0.00
0.00
0.00
0.00
0.00
0.00
0.00
0.00
0.00
0.00
0.00
0.00
0.00
0.00
0.00
108.43
0.00
0.00
0.00
62.80
0.00
433.97
0.00
198.01
522.99
0.00
0.00
214.73
0.00
0.00
0.00
129.09
0.00
0.00
0.00
269.18
0.00
0.00
0.00
186.02
0.00
0.00
741.74
278.96
0.00
0.00
471.09
173.95
912.83
0.00
525.87
64.03
0.00
0.00
0.00
80.09
0.00
982.90
0.00
95.60
0.00
0.00
0.00
0.00
0.00
0.00
0.00
0.00
0.00
0.00
0.00
0.00
0.00
0.00
0.00
0.00
0.00
0.00
0.00
0.00
0.00
0.00
0.00
0.00
0.00
0.00
0.00
0.00
0.00
0.00
0.00
0.00
0.00
0.00
0.00
0.00
0.00
0.00
0.00
0.00
0.00
281.03
0.00
0.00
166.20
730.01
0.00
0.00
459.67
0.00
52.55
252.65
495.97
0.00
0.00
0.00
310.10
0.00
238.24
0.00
614.17
0.00
822.50
693.48
433.66
0.00
387.76
0.00
635.38
0.00
0.00
0.00
407.47
0.00
0.00
879.30
168.88
0.00
0.00
1044.89
203.75
1002.44
0.00
0.00
237.42
0.00
0.00
0.00
0.00
0.00
0.00
0.00
0.00
0.00
0.00
0.00
0.00
0.00
0.00
0.00
0.00
0.00
0.00
0.00
0.00
0.00
0.00
0.00
0.00
0.00
0.00
0.00
0.00
0.00
0.00
0.00
0.00
0.00
0.00
0.00
0.00
0.00
0.00
0.00
0.00
0.00
0.00
0.00
0.00
0.00
0.00
680.53
574.67
176.02
0.00
192.91
0.00
486.83
0.00
0.00
921.37
525.27
0.00
0.00
0.00
328.42
991.38
0.00
0.00
650.45
0.00
0.00
0.00
459.28
0.00
0.00
0.00
672.92
0.00
0.00
924.80
431.54
0.00
1068.09
0.00
178.86
0.00
0.00
547.59
215.79
0.00
0.00
0.00
251.44
906.43
547.62
0.00
0.00
0.00
0.00
0.00
0.00
0.00
0.00
0.00
0.00
0.00
0.00
0.00
0.00
0.00
0.00
0.00
0.00
0.00
0.00
0.00
0.00
0.00
0.00
0.00
0.00
0.00
0.00
0.00
0.00
0.00
0.00
0.00
0.00
0.00
0.00
0.00
0.00
0.00
0.00
0.00
0.00
0.00
720.39
874.30
0.00
174.73
0.00
0.00
959.06
483.25
0.00
0.00
0.00
521.41
0.00
0.00
0.00
326.00
0.00
0.00
0.00
645.67
0.00
591.55
0.00
455.90
0.00
0.00
0.00
667.97
89.05
0.00
0.00
428.37
0.00
0.00
108.48
177.54
0.00
0.00
0.00
214.20
0.00
158.10
0.00
249.59
30.01
0.00
0.00
0.00
0.00
0.00
0.00
0.00
0.00
0.00
0.00
0.00
0.00
0.00
0.00
0.00
0.00
0.00
0.00
0.00
0.00
0.00
0.00
0.00
0.00
0.00
0.00
0.00
0.00
0.00
0.00
0.00
0.00
0.00
0.00
0.00
0.00
0.00
0.00
0.00
0.00
0.00
0.00
0.00
0.00
115.54
0.00
0.00
76.58
0.00
0.00
133.05
211.79
938.97
0.00
0.00
228.51
295.67
0.00
0.00
142.87
0.00
0.00
154.33
282.96
0.00
943.29
0.00
199.80
0.00
154.07
0.00
292.74
0.00
0.00
0.00
187.73
1009.99
0.00
521.30
77.81
0.00
0.00
0.00
93.87
0.00
0.00
0.00
109.38
0.00
0.00
0.00
0.00
0.00
0.00
0.00
0.00
0.00
0.00
0.00
0.00
0.00
0.00
0.00
0.00
0.00
0.00
0.00
0.00
0.00
0.00
0.00
0.00
0.00
0.00
0.00
0.00
0.00
0.00
0.00
0.00
0.00
0.00
0.00
0.00
0.00
0.00
0.00
0.00
0.00
0.00
0.00
0.00
0.00
0.00
0.00
0.00
360.62
0.00
0.00
0.00
396.91
0.00
0.00
0.00
211.04
0.00
940.46
0.00
515.11
595.94
0.00
211.92
334.60
0.00
0.00
180.87
536.32
0.00
0.00
0.00
308.42
0.00
0.00
0.00
69.83
0.00
0.00
0.00
104.70
0.00
490.12
320.52
138.36
0.00
0.00
0.00
0.00
0.00
0.00
0.00
0.00
0.00
0.00
0.00
0.00
0.00
0.00
0.00
0.00
0.00
0.00
0.00
0.00
0.00
0.00
0.00
0.00
0.00
0.00
0.00
0.00
0.00
0.00
0.00
0.00
0.00
0.00
0.00
0.00
0.00
0.00
0.00
0.00
0.00
0.00
0.00
0.00
0.00
0.00
0.00
0.00
0.00
0.00
0.00
0.00
381.92
428.40
0.00
0.00
420.36
0.00
0.00
897.02
223.51
0.00
1050.68
0.00
545.54
561.15
913.68
0.00
354.37
832.27
503.91
134.61
568.01
882.00
1028.34
556.73
326.64
0.00
683.38
0.00
73.95
358.71
0.00
0.00
110.88
462.77
710.06
278.87
146.53
0.00
0.00
0.00
0.00
0.00
0.00
0.00
0.00
0.00
0.00
0.00
0.00
0.00
0.00
0.00
0.00
0.00
0.00
0.00
0.00
0.00
0.00
0.00
0.00
0.00
0.00
0.00
0.00
0.00
0.00
0.00
0.00
0.00
0.00
0.00
0.00
0.00
0.00
0.00
0.00
0.00
0.00
0.00
0.00
0.00
0.00
0.00
0.00
0.00
0.00
448.56
578.00
379.11
0.00
810.36
0.00
417.27
0.00
0.00
0.00
221.86
0.00
0.00
0.00
541.53
0.00
0.00
931.77
351.77
704.24
601.46
0.00
563.83
0.00
0.00
0.00
324.23
543.24
0.00
0.00
73.41
0.00
0.00
751.75
110.07
0.00
0.00
807.47
145.46
0.00
0.00
0.00
0.00
0.00
0.00
0.00
0.00
0.00
0.00
0.00
0.00
0.00
0.00
0.00
0.00
0.00
0.00
0.00
0.00
0.00
0.00
0.00
0.00
0.00
0.00
0.00
0.00
0.00
0.00
0.00
0.00
0.00
0.00
0.00
0.00
0.00
0.00
0.00
0.00
0.00
0.00
0.00
0.00
0.00
0.00
0.00
0.00
0.00
0.00
1073.61
0.00
166.15
0.00
0.00
0.00
182.87
0.00
0.00
0.00
97.23
913.68
0.00
0.00
237.33
922.08
0.00
0.00
154.16
0.00
953.78
0.00
247.10
0.00
0.00
358.83
142.10
0.00
0.00
0.00
32.17
0.00
833.19
0.00
48.24
0.00
494.82
0.00
63.75
0.00
0.00
0.00
0.00
0.00
0.00
0.00
0.00
0.00
0.00
0.00
0.00
0.00
0.00
0.00
0.00
0.00
0.00
0.00
0.00
0.00
0.00
0.00
0.00
0.00
0.00
0.00
0.00
0.00
0.00
0.00
0.00
0.00
0.00
0.00
0.00
0.00
0.00
0.00
0.00
0.00
0.00
0.00
0.00
0.00
0.00
0.00
0.00
0.00
0.00
0.00
0.00
690.38
0.00
149.05
0.00
504.51
0.00
965.63
0.00
808.58
0.00
0.00
0.00
628.07
0.00
0.00
0.00
829.79
0.00
0.00
0.00
601.89
0.00
0.00
0.00
363.30
0.00
0.00
0.00
398.16
0.00
0.00
0.00
431.83
0.00
0.00
256.19
0.00
0.00
0.00
0.00
0.00
0.00
0.00
0.00
0.00
0.00
0.00
0.00
0.00
0.00
0.00
0.00
0.00
0.00
0.00
0.00
0.00
0.00
0.00
0.00
0.00
0.00
0.00
0.00
0.00
0.00
0.00
0.00
0.00
0.00
0.00
0.00
0.00
0.00
0.00
0.00
0.00
0.00
0.00
0.00
0.00
0.00
0.00
0.00
0.00
0.00
0.00
509.68
0.00
731.17
0.00
0.00
0.00
534.31
0.00
0.00
0.00
856.35
0.00
843.90
0.00
665.18
0.00
222.35
0.00
878.82
0.00
1021.90
0.00
637.44
0.00
0.00
0.00
384.76
0.00
908.46
65.60
421.69
0.00
0.00
0.00
457.34
0.00
148.94
0.00
0.00
0.00
0.00
0.00
0.00
0.00
0.00
0.00
0.00
0.00
0.00
0.00
0.00
0.00
0.00
0.00
0.00
0.00
0.00
0.00
0.00
0.00
0.00
0.00
0.00
0.00
0.00
0.00
0.00
0.00
0.00
0.00
0.00
0.00
0.00
0.00
0.00
0.00
0.00
0.00
0.00
0.00
0.00
0.00
0.00
0.00
0.00
0.00
0.00
0.00
0.00
0.00
0.00
725.79
0.00
0.00
0.00
530.38
0.00
0.00
0.00
850.05
337.59
0.00
0.00
660.29
0.00
0.00
0.00
872.35
0.00
0.00
0.00
632.75
0.00
138.25
0.00
381.93
931.78
0.00
242.21
418.59
0.00
0.00
491.80
453.98
0.00
0.00
0.00
0.00
0.00
0.00
0.00
0.00
0.00
0.00
0.00
0.00
0.00
0.00
0.00
0.00
0.00
0.00
0.00
0.00
0.00
0.00
0.00
0.00
0.00
0.00
0.00
0.00
0.00
0.00
0.00
0.00
0.00
0.00
0.00
0.00
0.00
0.00
0.00
0.00
0.00
0.00
0.00
0.00
0.00
0.00
0.00
0.00
0.00
0.00
0.00
0.00
0.00
0.00
0.00
827.45
318.08
429.36
0.00
0.00
232.44
0.00
0.00
0.00
372.54
0.00
0.00
0.00
289.37
0.00
0.00
0.00
382.31
796.94
0.00
0.00
277.31
0.00
338.07
0.00
167.38
0.00
156.36
0.00
183.45
41.99
0.00
0.00
198.96
0.00
0.00
0.00
0.00
0.00
0.00
0.00
0.00
0.00
0.00
0.00
0.00
0.00
0.00
0.00
0.00
0.00
0.00
0.00
0.00
0.00
0.00
0.00
0.00
0.00
0.00
0.00
0.00
0.00
0.00
0.00
0.00
0.00
0.00
0.00
0.00
0.00
0.00
0.00
0.00
0.00
0.00
0.00
0.00
0.00
0.00
0.00
0.00
0.00
0.00
0.00
0.00
0.00
0.00
0.00
0.00
540.80
0.00
0.00
611.91
844.88
0.00
0.00
0.00
664.37
0.00
0.00
718.94
866.09
0.00
0.00
0.00
638.18
0.00
560.53
0.00
399.59
0.00
0.00
386.40
434.46
0.00
0.00
0.00
468.12
0.00
0.00
0.00
0.00
0.00
0.00
0.00
0.00
0.00
0.00
0.00
0.00
0.00
0.00
0.00
0.00
0.00
0.00
0.00
0.00
0.00
0.00
0.00
0.00
0.00
0.00
0.00
0.00
0.00
0.00
0.00
0.00
0.00
0.00
0.00
0.00
0.00
0.00
0.00
0.00
0.00
0.00
0.00
0.00
0.00
0.00
0.00
0.00
0.00
0.00
0.00
0.00
0.00
0.00
0.00
0.00
0.00
213.73
435.61
0.00
572.75
0.00
0.00
0.00
894.79
0.00
0.00
0.00
703.62
1035.99
0.00
0.00
917.26
0.00
0.00
0.00
675.88
0.00
0.00
0.00
423.20
0.00
979.11
0.00
460.13
0.00
0.00
0.00
495.78
586.29
0.00
0.00
0.00
0.00
0.00
0.00
0.00
0.00
0.00
0.00
0.00
0.00
0.00
0.00
0.00
0.00
0.00
0.00
0.00
0.00
0.00
0.00
0.00
0.00
0.00
0.00
0.00
0.00
0.00
0.00
0.00
0.00
0.00
0.00
0.00
0.00
0.00
0.00
0.00
0.00
0.00
0.00
0.00
0.00
0.00
0.00
0.00
0.00
0.00
0.00
0.00
0.00
0.00
0.00
0.00
0.00
1054.66
0.00
0.00
568.54
0.00
0.00
980.62
888.21
0.00
448.20
298.54
698.44
0.00
516.96
586.39
910.51
0.00
0.00
0.00
670.91
0.00
123.19
0.00
420.09
706.18
0.00
0.00
456.74
0.00
782.07
0.00
492.13
0.00
0.00
0.00
0.00
0.00
0.00
0.00
0.00
0.00
0.00
0.00
0.00
0.00
0.00
0.00
0.00
0.00
0.00
0.00
0.00
0.00
0.00
0.00
0.00
0.00
0.00
0.00
0.00
0.00
0.00
0.00
0.00
0.00
0.00
0.00
0.00
0.00
0.00
0.00
0.00
0.00
0.00
0.00
0.00
0.00
0.00
0.00
0.00
0.00
0.00
0.00
0.00
0.00
0.00
0.00
0.00
0.00
0.00
841.44
0.00
249.16
1068.38
0.00
515.95
389.26
0.00
0.00
0.00
306.09
0.00
0.00
409.45
399.03
0.00
124.07
0.00
294.03
1026.75
0.00
0.00
184.10
0.00
0.00
0.00
200.17
0.00
0.00
0.00
215.68
0.00
0.00
0.00
0.00
0.00
0.00
0.00
0.00
0.00
0.00
0.00
0.00
0.00
0.00
0.00
0.00
0.00
0.00
0.00
0.00
0.00
0.00
0.00
0.00
0.00
0.00
0.00
0.00
0.00
0.00
0.00
0.00
0.00
0.00
0.00
0.00
0.00
0.00
0.00
0.00
0.00
0.00
0.00
0.00
0.00
0.00
0.00
0.00
0.00
0.00
0.00
0.00
0.00
0.00
0.00
0.00
0.00
0.00
0.00
0.00
659.00
0.00
0.00
0.00
478.50
0.00
0.00
0.00
680.22
865.24
550.25
0.00
452.31
281.53
0.00
0.00
213.72
0.00
0.00
0.00
248.59
0.00
0.00
0.00
282.25
0.00
0.00
184.61
0.00
0.00
0.00
0.00
0.00
0.00
0.00
0.00
0.00
0.00
0.00
0.00
0.00
0.00
0.00
0.00
0.00
0.00
0.00
0.00
0.00
0.00
0.00
0.00
0.00
0.00
0.00
0.00
0.00
0.00
0.00
0.00
0.00
0.00
0.00
0.00
0.00
0.00
0.00
0.00
0.00
0.00
0.00
0.00
0.00
0.00
0.00
0.00
0.00
0.00
0.00
0.00
0.00
0.00
0.00
0.00
0.00
0.00
0.00
0.00
0.00
697.93
0.00
0.00
0.00
506.76
146.72
0.00
0.00
720.40
0.00
0.00
0.00
479.03
0.00
0.00
0.00
226.34
468.18
190.46
0.00
263.27
0.00
0.00
0.00
298.92
0.00
0.00
0.00
0.00
0.00
0.00
0.00
0.00
0.00
0.00
0.00
0.00
0.00
0.00
0.00
0.00
0.00
0.00
0.00
0.00
0.00
0.00
0.00
0.00
0.00
0.00
0.00
0.00
0.00
0.00
0.00
0.00
0.00
0.00
0.00
0.00
0.00
0.00
0.00
0.00
0.00
0.00
0.00
0.00
0.00
0.00
0.00
0.00
0.00
0.00
0.00
0.00
0.00
0.00
0.00
0.00
0.00
0.00
0.00
0.00
0.00
0.00
0.00
43.69
692.80
0.00
0.00
0.00
503.04
285.31
0.00
0.00
715.10
367.06
835.73
0.00
475.50
1061.41
111.19
0.00
224.68
0.00
0.00
931.63
261.34
0.00
938.98
0.00
296.73
0.00
0.00
0.00
0.00
0.00
0.00
0.00
0.00
0.00
0.00
0.00
0.00
0.00
0.00
0.00
0.00
0.00
0.00
0.00
0.00
0.00
0.00
0.00
0.00
0.00
0.00
0.00
0.00
0.00
0.00
0.00
0.00
0.00
0.00
0.00
0.00
0.00
0.00
0.00
0.00
0.00
0.00
0.00
0.00
0.00
0.00
0.00
0.00
0.00
0.00
0.00
0.00
0.00
0.00
0.00
0.00
0.00
0.00
0.00
0.00
0.00
0.00
0.00
0.00
303.62
0.00
0.00
0.00
220.46
0.00
0.00
0.00
313.39
597.01
320.01
0.00
208.39
872.27
220.27
0.00
98.47
0.00
932.01
0.00
114.53
0.00
669.37
100.14
130.04
0.00
0.00
0.00
0.00
0.00
0.00
0.00
0.00
0.00
0.00
0.00
0.00
0.00
0.00
0.00
0.00
0.00
0.00
0.00
0.00
0.00
0.00
0.00
0.00
0.00
0.00
0.00
0.00
0.00
0.00
0.00
0.00
0.00
0.00
0.00
0.00
0.00
0.00
0.00
0.00
0.00
0.00
0.00
0.00
0.00
0.00
0.00
0.00
0.00
0.00
0.00
0.00
0.00
0.00
0.00
0.00
0.00
0.00
0.00
0.00
0.00
0.00
0.00
1009.45
782.57
505.78
0.00
730.62
984.29
0.00
0.00
0.00
756.38
55.89
0.00
0.00
517.79
713.18
0.00
0.00
552.66
0.00
0.00
0.00
586.32
0.00
0.00
0.00
0.00
0.00
0.00
0.00
0.00
0.00
0.00
0.00
0.00
0.00
0.00
0.00
0.00
0.00
0.00
0.00
0.00
0.00
0.00
0.00
0.00
0.00
0.00
0.00
0.00
0.00
0.00
0.00
0.00
0.00
0.00
0.00
0.00
0.00
0.00
0.00
0.00
0.00
0.00
0.00
0.00
0.00
0.00
0.00
0.00
0.00
0.00
0.00
0.00
0.00
0.00
0.00
0.00
0.00
0.00
0.00
0.00
0.00
0.00
0.00
0.00
0.00
732.54
0.00
389.25
828.80
0.00
0.00
0.00
1042.44
646.12
511.12
0.00
801.06
184.51
502.11
699.09
548.38
0.00
0.00
0.00
585.31
0.00
0.00
0.00
620.96
0.00
0.00
0.00
0.00
0.00
0.00
0.00
0.00
0.00
0.00
0.00
0.00
0.00
0.00
0.00
0.00
0.00
0.00
0.00
0.00
0.00
0.00
0.00
0.00
0.00
0.00
0.00
0.00
0.00
0.00
0.00
0.00
0.00
0.00
0.00
0.00
0.00
0.00
0.00
0.00
0.00
0.00
0.00
0.00
0.00
0.00
0.00
0.00
0.00
0.00
0.00
0.00
0.00
0.00
0.00
0.00
0.00
0.00
0.00
0.00
0.00
0.00
0.00
0.00
0.00
0.00
0.00
611.41
822.70
0.00
465.15
0.00
1034.77
0.00
0.00
0.00
795.17
0.00
0.00
0.00
544.35
93.00
0.00
0.00
581.00
0.00
0.00
964.65
616.39
0.00
0.00
0.00
0.00
0.00
0.00
0.00
0.00
0.00
0.00
0.00
0.00
0.00
0.00
0.00
0.00
0.00
0.00
0.00
0.00
0.00
0.00
0.00
0.00
0.00
0.00
0.00
0.00
0.00
0.00
0.00
0.00
0.00
0.00
0.00
0.00
0.00
0.00
0.00
0.00
0.00
0.00
0.00
0.00
0.00
0.00
0.00
0.00
0.00
0.00
0.00
0.00
0.00
0.00
0.00
0.00
0.00
0.00
0.00
0.00
0.00
0.00
0.00
0.00
0.00
0.00
0.00
215.85
360.55
667.15
0.00
0.00
453.49
0.00
0.00
0.00
348.49
0.00
497.81
0.00
238.56
0.00
0.00
674.23
254.63
0.00
0.00
0.00
270.14
0.00
0.00
0.00
0.00
0.00
0.00
0.00
0.00
0.00
0.00
0.00
0.00
0.00
0.00
0.00
0.00
0.00
0.00
0.00
0.00
0.00
0.00
0.00
0.00
0.00
0.00
0.00
0.00
0.00
0.00
0.00
0.00
0.00
0.00
0.00
0.00
0.00
0.00
0.00
0.00
0.00
0.00
0.00
0.00
0.00
0.00
0.00
0.00
0.00
0.00
0.00
0.00
0.00
0.00
0.00
0.00
0.00
0.00
0.00
0.00
0.00
0.00
0.00
0.00
0.00
0.00
0.00
0.00
803.78
0.00
0.00
0.00
575.87
0.00
0.00
0.00
337.28
58.72
0.00
298.17
372.15
0.00
0.00
0.00
405.82
0.00
0.00
0.00
0.00
0.00
0.00
0.00
0.00
0.00
0.00
0.00
0.00
0.00
0.00
0.00
0.00
0.00
0.00
0.00
0.00
0.00
0.00
0.00
0.00
0.00
0.00
0.00
0.00
0.00
0.00
0.00
0.00
0.00
0.00
0.00
0.00
0.00
0.00
0.00
0.00
0.00
0.00
0.00
0.00
0.00
0.00
0.00
0.00
0.00
0.00
0.00
0.00
0.00
0.00
0.00
0.00
0.00
0.00
0.00
0.00
0.00
0.00
0.00
0.00
0.00
0.00
0.00
0.00
0.00
0.00
0.00
248.53
851.27
0.00
0.00
0.00
609.89
0.00
0.00
0.00
357.21
693.26
0.00
967.49
394.14
0.00
0.00
0.00
429.79
754.65
0.00
0.00
0.00
0.00
0.00
0.00
0.00
0.00
0.00
0.00
0.00
0.00
0.00
0.00
0.00
0.00
0.00
0.00
0.00
0.00
0.00
0.00
0.00
0.00
0.00
0.00
0.00
0.00
0.00
0.00
0.00
0.00
0.00
0.00
0.00
0.00
0.00
0.00
0.00
0.00
0.00
0.00
0.00
0.00
0.00
0.00
0.00
0.00
0.00
0.00
0.00
0.00
0.00
0.00
0.00
0.00
0.00
0.00
0.00
0.00
0.00
0.00
0.00
0.00
0.00
0.00
0.00
0.00
987.02
136.47
0.00
845.00
0.00
0.00
0.00
605.41
0.00
0.00
0.00
354.58
0.00
0.00
0.00
391.24
0.00
0.00
0.00
426.63
765.58
0.00
0.00
0.00
0.00
0.00
0.00
0.00
0.00
0.00
0.00
0.00
0.00
0.00
0.00
0.00
0.00
0.00
0.00
0.00
0.00
0.00
0.00
0.00
0.00
0.00
0.00
0.00
0.00
0.00
0.00
0.00
0.00
0.00
0.00
0.00
0.00
0.00
0.00
0.00
0.00
0.00
0.00
0.00
0.00
0.00
0.00
0.00
0.00
0.00
0.00
0.00
0.00
0.00
0.00
0.00
0.00
0.00
0.00
0.00
0.00
0.00
0.00
0.00
0.00
0.00
0.00
0.00
0.00
0.00
0.00
0.00
370.32
0.00
0.00
0.00
265.32
0.00
0.00
0.00
155.40
205.43
0.00
941.30
171.46
0.00
0.00
0.00
186.97
0.00
0.00
0.00
0.00
0.00
0.00
0.00
0.00
0.00
0.00
0.00
0.00
0.00
0.00
0.00
0.00
0.00
0.00
0.00
0.00
0.00
0.00
0.00
0.00
0.00
0.00
0.00
0.00
0.00
0.00
0.00
0.00
0.00
0.00
0.00
0.00
0.00
0.00
0.00
0.00
0.00
0.00
0.00
0.00
0.00
0.00
0.00
0.00
0.00
0.00
0.00
0.00
0.00
0.00
0.00
0.00
0.00
0.00
0.00
0.00
0.00
0.00
0.00
0.00
0.00
0.00
0.00
0.00
0.00
84.21
149.91
0.00
777.59
0.00
857.95
0.00
539.00
0.00
286.36
0.00
573.87
410.28
0.00
0.00
607.54
0.00
0.00
847.71
0.00
0.00
0.00
0.00
0.00
0.00
0.00
0.00
0.00
0.00
0.00
0.00
0.00
0.00
0.00
0.00
0.00
0.00
0.00
0.00
0.00
0.00
0.00
0.00
0.00
0.00
0.00
0.00
0.00
0.00
0.00
0.00
0.00
0.00
0.00
0.00
0.00
0.00
0.00
0.00
0.00
0.00
0.00
0.00
0.00
0.00
0.00
0.00
0.00
0.00
0.00
0.00
0.00
0.00
0.00
0.00
0.00
0.00
0.00
0.00
0.00
0.00
0.00
0.00
0.00
0.00
0.00
0.00
0.00
0.00
0.00
0.00
0.00
823.53
0.00
283.33
0.00
570.85
0.00
0.00
0.00
607.77
0.00
0.00
0.00
643.43
1039.02
268.23
0.00
0.00
0.00
0.00
0.00
0.00
0.00
0.00
0.00
0.00
0.00
0.00
0.00
0.00
0.00
0.00
0.00
0.00
0.00
0.00
0.00
0.00
0.00
0.00
0.00
0.00
0.00
0.00
0.00
0.00
0.00
0.00
0.00
0.00
0.00
0.00
0.00
0.00
0.00
0.00
0.00
0.00
0.00
0.00
0.00
0.00
0.00
0.00
0.00
0.00
0.00
0.00
0.00
0.00
0.00
0.00
0.00
0.00
0.00
0.00
0.00
0.00
0.00
0.00
0.00
0.00
0.00
0.00
0.00
0.00
0.00
0.00
0.00
0.00
817.47
0.00
0.00
0.00
566.65
0.00
0.00
0.00
603.30
0.00
0.00
84.02
638.69
0.00
0.00
0.00
0.00
0.00
0.00
0.00
0.00
0.00
0.00
0.00
0.00
0.00
0.00
0.00
0.00
0.00
0.00
0.00
0.00
0.00
0.00
0.00
0.00
0.00
0.00
0.00
0.00
0.00
0.00
0.00
0.00
0.00
0.00
0.00
0.00
0.00
0.00
0.00
0.00
0.00
0.00
0.00
0.00
0.00
0.00
0.00
0.00
0.00
0.00
0.00
0.00
0.00
0.00
0.00
0.00
0.00
0.00
0.00
0.00
0.00
0.00
0.00
0.00
0.00
0.00
0.00
0.00
0.00
0.00
0.00
0.00
0.00
0.00
0.00
0.00
358.26
0.00
0.00
0.00
248.33
0.00
0.00
0.00
264.40
405.33
0.00
0.00
279.91
0.00
0.00
0.00
0.00
0.00
0.00
0.00
0.00
0.00
0.00
0.00
0.00
0.00
0.00
0.00
0.00
0.00
0.00
0.00
0.00
0.00
0.00
0.00
0.00
0.00
0.00
0.00
0.00
0.00
0.00
0.00
0.00
0.00
0.00
0.00
0.00
0.00
0.00
0.00
0.00
0.00
0.00
0.00
0.00
0.00
0.00
0.00
0.00
0.00
0.00
0.00
0.00
0.00
0.00
0.00
0.00
0.00
0.00
0.00
0.00
0.00
0.00
0.00
0.00
0.00
0.00
0.00
0.00
0.00
0.00
0.00
0.00
0.00
0.00
0.00
0.00
311.09
806.58
519.40
0.00
345.96
1009.00
0.00
0.00
379.63
0.00
0.00
0.00
0.00
0.00
0.00
0.00
0.00
0.00
0.00
0.00
0.00
0.00
0.00
0.00
0.00
0.00
0.00
0.00
0.00
0.00
0.00
0.00
0.00
0.00
0.00
0.00
0.00
0.00
0.00
0.00
0.00
0.00
0.00
0.00
0.00
0.00
0.00
0.00
0.00
0.00
0.00
0.00
0.00
0.00
0.00
0.00
0.00
0.00
0.00
0.00
0.00
0.00
0.00
0.00
0.00
0.00
0.00
0.00
0.00
0.00
0.00
0.00
0.00
0.00
0.00
0.00
0.00
0.00
0.00
0.00
0.00
0.00
0.00
0.00
0.00
0.00
935.13
0.00
0.00
329.47
1023.66
957.85
0.00
366.40
0.00
276.39
0.00
402.05
1025.67
126.59
0.00
0.00
0.00
0.00
0.00
0.00
0.00
0.00
0.00
0.00
0.00
0.00
0.00
0.00
0.00
0.00
0.00
0.00
0.00
0.00
0.00
0.00
0.00
0.00
0.00
0.00
0.00
0.00
0.00
0.00
0.00
0.00
0.00
0.00
0.00
0.00
0.00
0.00
0.00
0.00
0.00
0.00
0.00
0.00
0.00
0.00
0.00
0.00
0.00
0.00
0.00
0.00
0.00
0.00
0.00
0.00
0.00
0.00
0.00
0.00
0.00
0.00
0.00
0.00
0.00
0.00
0.00
0.00
0.00
0.00
0.00
0.00
0.00
0.00
0.00
0.00
0.00
0.00
327.05
0.00
0.00
0.00
363.71
740.63
0.00
0.00
399.10
0.00
0.00
0.00
0.00
0.00
0.00
0.00
0.00
0.00
0.00
0.00
0.00
0.00
0.00
0.00
0.00
0.00
0.00
0.00
0.00
0.00
0.00
0.00
0.00
0.00
0.00
0.00
0.00
0.00
0.00
0.00
0.00
0.00
0.00
0.00
0.00
0.00
0.00
0.00
0.00
0.00
0.00
0.00
0.00
0.00
0.00
0.00
0.00
0.00
0.00
0.00
0.00
0.00
0.00
0.00
0.00
0.00
0.00
0.00
0.00
0.00
0.00
0.00
0.00
0.00
0.00
0.00
0.00
0.00
0.00
0.00
0.00
0.00
0.00
0.00
0.00
0.00
54.98
0.00
612.09
143.33
0.00
0.00
0.00
159.40
0.00
0.00
0.00
174.91
0.00
0.00
0.00
0.00
0.00
0.00
0.00
0.00
0.00
0.00
0.00
0.00
0.00
0.00
0.00
0.00
0.00
0.00
0.00
0.00
0.00
0.00
0.00
0.00
0.00
0.00
0.00
0.00
0.00
0.00
0.00
0.00
0.00
0.00
0.00
0.00
0.00
0.00
0.00
0.00
0.00
0.00
0.00
0.00
0.00
0.00
0.00
0.00
0.00
0.00
0.00
0.00
0.00
0.00
0.00
0.00
0.00
0.00
0.00
0.00
0.00
0.00
0.00
0.00
0.00
0.00
0.00
0.00
0.00
0.00
0.00
0.00
0.00
0.00
0.00
0.00
0.00
0.00
0.00
0.00
107.37
1063.61
0.00
0.00
141.04
0.00
0.00
536.87
0.00
0.00
0.00
0.00
0.00
0.00
0.00
0.00
0.00
0.00
0.00
0.00
0.00
0.00
0.00
0.00
0.00
0.00
0.00
0.00
0.00
0.00
0.00
0.00
0.00
0.00
0.00
0.00
0.00
0.00
0.00
0.00
0.00
0.00
0.00
0.00
0.00
0.00
0.00
0.00
0.00
0.00
0.00
0.00
0.00
0.00
0.00
0.00
0.00
0.00
0.00
0.00
0.00
0.00
0.00
0.00
0.00
0.00
0.00
0.00
0.00
0.00
0.00
0.00
0.00
0.00
0.00
0.00
0.00
0.00
0.00
0.00
0.00
0.00
0.00
0.00
0.00
0.00
176.86
0.00
0.00
113.72
484.34
0.00
0.00
149.37
855.82
0.00
0.00
0.00
0.00
0.00
0.00
0.00
0.00
0.00
0.00
0.00
0.00
0.00
0.00
0.00
0.00
0.00
0.00
0.00
0.00
0.00
0.00
0.00
0.00
0.00
0.00
0.00
0.00
0.00
0.00
0.00
0.00
0.00
0.00
0.00
0.00
0.00
0.00
0.00
0.00
0.00
0.00
0.00
0.00
0.00
0.00
0.00
0.00
0.00
0.00
0.00
0.00
0.00
0.00
0.00
0.00
0.00
0.00
0.00
0.00
0.00
0.00
0.00
0.00
0.00
0.00
0.00
0.00
0.00
0.00
0.00
0.00
0.00
0.00
0.00
0.00
0.00
0.00
0.00
0.00
0.00
0.00
534.63
112.88
0.00
835.90
0.00
148.27
554.57
0.00
0.00
0.00
0.00
0.00
0.00
0.00
0.00
0.00
0.00
0.00
0.00
0.00
0.00
0.00
0.00
0.00
0.00
0.00
0.00
0.00
0.00
0.00
0.00
0.00
0.00
0.00
0.00
0.00
0.00
0.00
0.00
0.00
0.00
0.00
0.00
0.00
0.00
0.00
0.00
0.00
0.00
0.00
0.00
0.00
0.00
0.00
0.00
0.00
0.00
0.00
0.00
0.00
0.00
0.00
0.00
0.00
0.00
0.00
0.00
0.00
0.00
0.00
0.00
0.00
0.00
0.00
0.00
0.00
0.00
0.00
0.00
0.00
0.00
0.00
0.00
0.00
0.00
0.00
0.00
552.65
0.00
0.00
49.47
0.00
604.84
0.00
64.98
0.00
0.00
0.00
0.00
0.00
0.00
0.00
0.00
0.00
0.00
0.00
0.00
0.00
0.00
0.00
0.00
0.00
0.00
0.00
0.00
0.00
0.00
0.00
0.00
0.00
0.00
0.00
0.00
0.00
0.00
0.00
0.00
0.00
0.00
0.00
0.00
0.00
0.00
0.00
0.00
0.00
0.00
0.00
0.00
0.00
0.00
0.00
0.00
0.00
0.00
0.00
0.00
0.00
0.00
0.00
0.00
0.00
0.00
0.00
0.00
0.00
0.00
0.00
0.00
0.00
0.00
0.00
0.00
0.00
0.00
0.00
0.00
0.00
0.00
0.00
0.00
0.00
0.00
0.00
0.00
0.00
0.00
0.00
0.00
175.91
0.00
0.00
0.00
0.00
0.00
0.00
0.00
0.00
0.00
0.00
0.00
0.00
0.00
0.00
0.00
0.00
0.00
0.00
0.00
0.00
0.00
0.00
0.00
0.00
0.00
0.00
0.00
0.00
0.00
0.00
0.00
0.00
0.00
0.00
0.00
0.00
0.00
0.00
0.00
0.00
0.00
0.00
0.00
0.00
0.00
0.00
0.00
0.00
0.00
0.00
0.00
0.00
0.00
0.00
0.00
0.00
0.00
0.00
0.00
0.00
0.00
0.00
0.00
0.00
0.00
0.00
0.00
0.00
0.00
0.00
0.00
0.00
0.00
0.00
0.00
0.00
0.00
0.00
0.00
0.00
0.00
0.00
0.00
0.00
0.00
0.00
0.00
1016.58
186.30
0.00
0.00
0.00
0.00
0.00
0.00
0.00
0.00
0.00
0.00
0.00
0.00
0.00
0.00
0.00
0.00
0.00
0.00
0.00
0.00
0.00
0.00
0.00
0.00
0.00
0.00
0.00
0.00
0.00
0.00
0.00
0.00
0.00
0.00
0.00
0.00
0.00
0.00
0.00
0.00
0.00
0.00
0.00
0.00
0.00
0.00
0.00
0.00
0.00
0.00
0.00
0.00
0.00
0.00
0.00
0.00
0.00
0.00
0.00
0.00
0.00
0.00
0.00
0.00
0.00
0.00
0.00
0.00
0.00
0.00
0.00
0.00
0.00
0.00
0.00
0.00
0.00
0.00
0.00
0.00
0.00
0.00
0.00
0.00
0.00
315.18
0.00
625.60
184.93
915.14
0.00
0.00
0.00
0.00
0.00
0.00
0.00
0.00
0.00
0.00
0.00
0.00
0.00
0.00
0.00
0.00
0.00
0.00
0.00
0.00
0.00
0.00
0.00
0.00
0.00
0.00
0.00
0.00
0.00
0.00
0.00
0.00
0.00
0.00
0.00
0.00
0.00
0.00
0.00
0.00
0.00
0.00
0.00
0.00
0.00
0.00
0.00
0.00
0.00
0.00
0.00
0.00
0.00
0.00
0.00
0.00
0.00
0.00
0.00
0.00
0.00
0.00
0.00
0.00
0.00
0.00
0.00
0.00
0.00
0.00
0.00
0.00
0.00
0.00
0.00
0.00
0.00
0.00
0.00
0.00
0.00
0.00
0.00
0.00
0.00
0.00
0.00
81.04
0.00
0.00
0.00
0.00
0.00
0.00
0.00
0.00
0.00
0.00
0.00
0.00
0.00
0.00
0.00
0.00
0.00
0.00
0.00
0.00
0.00
0.00
0.00
0.00
0.00
0.00
0.00
0.00
0.00
0.00
0.00
0.00
0.00
0.00
0.00
0.00
0.00
0.00
0.00
0.00
0.00
0.00
0.00
0.00
0.00
0.00
0.00
0.00
0.00
0.00
0.00
0.00
0.00
0.00
0.00
0.00
0.00
0.00
0.00
0.00
0.00
0.00
0.00
0.00
0.00
0.00
0.00
0.00
0.00
0.00
0.00
0.00
0.00
0.00
0.00
0.00
0.00
0.00
0.00
0.00
0.00
0.00
0.00
0.00
0.00
0.00
0.00
0.00
0.00
0.00
0.00
0.00
0.00
0.00
0.00
0.00
0.00
0.00
0.00
0.00
0.00
0.00
0.00
0.00
0.00
0.00
0.00
0.00
0.00
0.00
0.00
0.00
0.00
0.00
0.00
0.00
0.00
0.00
0.00
0.00
0.00
0.00
0.00
0.00
0.00
0.00
0.00
0.00
0.00
0.00
0.00
0.00
0.00
0.00
0.00
0.00
0.00
0.00
0.00
0.00
0.00
0.00
0.00
0.00
0.00
0.00
0.00
0.00
0.00
0.00
0.00
0.00
0.00
0.00
0.00
0.00
0.00
0.00
0.00
0.00
0.00
0.00
0.00
0.00
0.00
0.00
0.00
0.00
0.00
0.00
0.00
0.00
0.00
0.00
0.00
0.00
0.00
0.00
0.00
0.00
0.00
0.00
0.00
0.00
0.00
0.00
0.00
0.00
0.00
0.00
0.00
0.00
0.00
0.00
0.00
0.00
0.00
0.00
0.00
0.00
0.00
0.00
0.00
0.00
0.00
0.00
0.00
0.00
0.00
0.00
0.00
0.00
0.00
0.00
0.00
0.00
0.00
0.00
0.00
0.00
0.00
0.00
0.00
0.00
0.00
0.00
0.00
0.00
0.00
0.00
0.00
0.00
0.00
0.00
0.00
0.00
0.00
0.00
0.00
0.00
0.00
0.00
0.00
0.00
0.00
0.00
0.00
0.00
0.00
0.00
0.00
0.00
0.00
0.00
0.00
0.00
0.00
0.00
0.00
0.00
0.00
0.00
0.00
512.81
0.00
0.00
0.00
0.00
0.00
0.00
0.00
0.00
0.00
0.00
0.00
0.00
0.00
0.00
0.00
0.00
0.00
0.00
0.00
0.00
0.00
0.00
0.00
0.00
0.00
0.00
0.00
0.00
0.00
0.00
0.00
0.00
0.00
0.00
0.00
0.00
0.00
0.00
0.00
0.00
0.00
0.00
0.00
0.00
0.00
0.00
0.00
0.00
0.00
0.00
0.00
0.00
0.00
0.00
0.00
0.00
0.00
0.00
0.00
0.00
0.00
0.00
0.00
0.00
0.00
0.00
0.00
0.00
0.00
0.00
0.00
0.00
0.00
0.00
0.00
0.00
0.00
0.00
0.00
0.00
0.00
0.00
0.00
0.00
0.00
0.00
0.00
0.00
