0.00
0.00
0.00
0.00
0.00
0.00
602.04
0.00
0.00
877.59
0.00
0.00
658.03
0.00
384.81
0.00
0.00
102.21
583.93
0.00
0.00
1111.96
0.00
661.05
575.40
1203.13
0.00
978.70
0.00
0.00
823.41
0.00
0.00
0.00
0.00
0.00
840.46
640.48
0.00
0.00
1167.34
0.00
774.66
151.77
0.00
0.00
0.00
0.00
641.54
0.00
1058.68
0.00
0.00
0.00
445.45
0.00
0.00
0.00
390.06
0.00
475.36
0.00
613.91
0.00
0.00
0.00
376.30
281.32
0.00
0.00
0.00
1149.47
669.77
0.00
204.89
0.00
0.00
0.00
706.06
245.53
0.00
483.76
0.00
0.00
520.19
1268.80
0.00
0.00
0.00
0.00
824.26
0.00
0.00
0.00
1055.09
0.00
643.76
0.00
898.25
0.00
543.77
0.00
845.48
0.00
1103.46
0.00
631.64
0.00
617.57
770.85
364.85
293.22
0.00
0.00
378.98
0.00
0.00
1319.78
0.00
0.00
413.85
0.00
0.00
40.54
0.00
0.00
447.51
0.00
1179.47
0.00
0.00
0.00
0.00
0.00
0.00
0.00
905.61
0.00
0.00
637.61
585.95
0.00
0.00
0.00
0.00
696.90
895.69
1284.67
253.59
0.00
0.00
618.43
0.00
0.00
0.00
0.00
0.00
609.39
0.00
1189.46
0.00
0.00
0.00
872.06
0.00
285.50
1372.59
0.00
0.00
890.11
0.00
478.90
125.39
0.00
0.00
820.42
1082.78
0.00
478.13
0.00
0.00
679.44
0.00
0.00
1398.67
176.44
861.12
471.76
0.00
576.05
860.52
0.00
0.00
503.44
0.00
747.26
892.23
0.00
0.00
398.53
504.45
1108.29
0.00
0.00
445.59
709.34
615.78
0.00
0.00
0.00
0.00
747.78
420.02
0.00
934.83
0.00
0.00
550.92
0.00
0.00
0.00
172.01
504.83
872.96
0.00
0.00
0.00
0.00
288.38
681.79
1006.46
417.29
942.47
0.00
625.57
895.42
0.00
1040.22
0.00
0.00
1153.88
654.05
0.00
0.00
0.00
1003.15
0.00
401.37
0.00
0.00
0.00
0.00
862.04
438.30
0.00
0.00
0.00
709.44
0.00
473.95
0.00
824.03
0.00
0.00
0.00
0.00
0.00
0.00
657.49
0.00
0.00
0.00
632.92
288.80
0.00
0.00
0.00
0.00
691.77
0.00
0.00
0.00
0.00
0.00
613.88
0.00
0.00
0.00
896.07
0.00
604.91
0.00
0.00
846.04
0.00
0.00
865.64
1037.73
0.00
1084.99
0.00
1233.21
883.56
0.00
0.00
75.56
0.00
236.21
814.39
0.00
1023.80
0.00
0.00
0.00
674.44
0.00
1406.92
0.00
0.00
0.00
468.29
0.00
0.00
254.47
0.00
0.00
499.74
0.00
0.00
481.07
0.00
313.04
395.60
705.14
0.00
0.00
0.00
0.00
704.12
0.00
0.00
0.00
0.00
1085.59
742.28
0.00
580.64
0.00
483.59
0.00
546.87
0.00
0.00
0.00
0.00
0.00
866.54
1378.82
369.21
0.00
0.00
304.88
676.77
62.47
507.36
0.00
0.00
0.00
888.84
848.74
0.00
0.00
0.00
0.00
649.24
1190.63
0.00
0.00
557.30
0.00
398.41
0.00
705.69
197.54
0.00
0.00
435.07
0.00
1217.22
0.00
0.00
0.00
470.46
0.00
0.00
0.00
0.00
0.00
0.00
0.00
1310.66
0.00
0.00
0.00
0.00
277.38
0.00
441.62
0.00
0.00
0.00
303.17
0.00
0.00
1275.49
0.00
0.00
269.04
0.00
240.59
0.00
259.70
0.00
265.10
0.00
0.00
0.00
0.00
0.00
379.37
390.16
0.00
0.00
0.00
240.99
387.22
451.45
1018.34
0.00
0.00
0.00
356.91
0.00
0.00
0.00
0.00
462.50
295.57
0.00
0.00
0.00
0.00
0.00
205.23
0.00
97.93
0.00
0.00
0.00
219.01
0.00
0.00
485.63
1041.07
0.00
173.37
0.00
0.00
0.00
0.00
0.00
308.58
0.00
0.00
0.00
0.00
0.00
325.30
1155.63
0.00
0.00
0.00
649.57
239.67
0.00
0.00
1148.03
0.00
0.00
379.76
0.00
0.00
0.00
0.00
0.00
296.60
0.00
669.21
339.21
0.00
0.00
389.54
0.00
0.00
469.46
0.00
0.00
284.53
324.61
0.00
0.00
0.00
834.33
174.61
0.00
0.00
0.00
0.00
0.00
190.67
1359.47
0.00
587.25
0.00
1001.39
206.18
0.00
75.35
0.00
0.00
0.00
0.00
0.00
0.00
0.00
0.00
0.00
0.00
721.10
0.00
0.00
0.00
0.00
0.00
788.16
0.00
1125.29
1287.10
0.00
0.00
699.41
161.99
816.01
0.00
0.00
850.28
689.19
0.00
0.00
0.00
0.00
0.00
986.25
0.00
0.00
0.00
0.00
0.00
1006.66
0.00
0.00
1317.15
0.00
0.00
927.86
0.00
0.00
0.00
32.16
0.00
768.41
687.92
1049.52
0.00
0.00
0.00
533.54
0.00
0.00
0.00
1172.52
0.00
569.36
0.00
0.00
0.00
0.00
79.39
450.72
0.00
0.00
0.00
1250.66
825.83
802.22
442.37
0.00
0.00
0.00
0.00
845.70
0.00
0.00
0.00
830.50
1187.50
623.06
0.00
0.00
0.00
0.00
0.00
987.27
0.00
0.00
0.00
402.46
0.00
771.07
0.00
0.00
0.00
692.69
0.00
1012.68
0.00
1132.67
0.00
1045.05
0.00
739.70
70.97
0.00
0.00
60.60
0.00
453.93
0.00
0.00
0.00
0.00
0.00
495.69
0.00
0.00
0.00
0.00
0.00
536.01
222.92
0.00
0.00
0.00
0.00
0.00
0.00
165.29
880.76
0.00
0.00
0.00
837.08
366.10
0.00
348.82
1243.68
0.00
914.93
0.00
0.00
0.00
0.00
0.00
811.91
0.00
0.00
0.00
0.00
0.00
800.04
0.00
0.00
0.00
0.00
0.00
1144.88
0.00
0.00
0.00
0.00
0.00
1168.58
0.00
972.79
0.00
110.64
0.00
1077.09
0.00
0.00
95.08
656.94
0.00
892.00
755.71
609.54
0.00
944.20
216.28
619.35
446.44
0.00
0.00
0.00
0.00
660.94
0.00
0.00
0.00
0.00
0.00
523.21
0.00
0.00
0.00
0.00
1216.57
931.25
0.00
0.00
0.00
240.79
0.00
981.72
0.00
1161.44
0.00
0.00
0.00
723.28
949.62
0.00
426.70
0.00
0.00
1146.06
0.00
0.00
1095.72
0.00
0.00
895.08
559.55
485.48
0.00
0.00
0.00
1175.56
296.93
0.00
0.00
0.00
0.00
858.67
0.00
0.00
301.08
0.00
778.57
526.94
0.00
0.00
0.00
333.97
678.80
575.42
0.00
0.00
0.00
612.24
0.00
622.22
0.00
0.00
0.00
0.00
0.00
0.00
0.00
0.00
0.00
0.00
0.00
0.00
574.62
0.00
0.00
0.00
1096.54
1386.08
500.52
0.00
0.00
0.00
0.00
594.49
491.99
773.76
0.00
0.00
0.00
896.85
740.00
0.00
0.00
236.60
0.00
1398.86
757.04
0.00
71.94
370.30
958.73
0.00
691.25
0.00
0.00
0.00
599.51
0.00
558.13
0.00
0.00
0.00
0.00
0.00
362.04
512.64
1000.50
0.00
709.62
284.67
391.94
0.00
370.03
1327.62
0.00
0.00
292.89
0.00
1150.56
0.00
0.00
1331.91
586.36
0.00
340.96
0.00
1239.89
264.50
622.65
460.04
0.00
0.00
0.00
0.00
436.78
744.84
0.00
1393.58
0.00
0.00
740.85
0.00
0.00
1029.68
967.94
765.55
560.34
0.00
426.75
0.00
754.03
262.85
762.06
0.00
0.00
0.00
0.00
0.00
534.16
978.74
0.00
0.00
687.26
0.00
295.57
0.00
465.05
0.00
0.00
715.78
330.44
0.00
0.00
0.00
0.00
0.00
364.10
0.00
0.00
544.12
0.00
123.52
0.00
0.00
0.00
0.00
0.00
0.00
0.00
0.00
0.00
0.00
0.00
0.00
0.00
608.56
0.00
0.00
46.16
0.00
0.00
530.09
993.32
0.00
1111.75
0.00
0.00
521.05
0.00
986.84
0.00
0.00
0.00
783.72
707.79
0.00
545.29
0.00
225.04
801.77
0.00
0.00
863.47
0.00
0.00
732.09
0.00
0.00
0.00
1141.38
0.00
591.10
0.00
0.00
0.00
584.67
0.00
383.42
0.00
0.00
0.00
0.00
0.00
415.10
0.00
0.00
0.00
0.00
0.00
310.19
390.30
0.00
0.00
0.00
0.00
621.00
0.00
0.00
0.00
0.00
0.00
659.44
0.00
0.00
942.12
1355.29
0.00
462.58
671.57
0.00
0.00
62.31
0.00
784.62
0.00
0.00
0.00
0.00
0.00
593.45
0.00
0.00
0.00
0.00
0.00
807.09
0.00
0.00
0.00
0.00
0.00
565.71
914.79
0.00
0.00
0.00
907.67
313.03
0.00
256.79
0.00
56.60
0.00
349.96
0.00
0.00
0.00
0.00
0.00
385.61
650.67
431.44
0.00
1306.97
0.00
0.00
0.00
0.00
0.00
0.00
0.00
0.00
0.00
793.81
0.00
0.00
0.00
0.00
604.09
1155.89
0.00
0.00
806.93
0.00
526.19
0.00
0.00
1341.54
233.61
0.00
517.22
1230.60
0.00
208.31
0.00
831.14
777.96
0.00
0.00
439.24
1272.32
0.00
795.87
0.00
0.00
0.00
934.66
0.00
726.70
0.00
830.04
0.00
0.00
0.00
586.75
0.00
0.00
0.00
383.15
860.14
380.60
505.19
0.00
0.00
0.00
0.00
412.05
0.00
0.00
0.00
0.00
0.00
307.91
0.00
0.00
0.00
0.00
0.00
616.43
0.00
0.00
870.53
758.33
0.00
654.59
0.00
0.00
1136.82
0.00
0.00
459.18
0.00
0.00
0.00
0.00
1373.04
778.85
0.00
0.00
0.00
0.00
0.00
589.08
0.00
0.00
954.99
790.47
0.00
801.15
458.20
0.00
0.00
1271.43
0.00
561.55
0.00
0.00
0.00
928.28
0.00
310.73
97.22
0.00
0.00
811.18
819.98
347.38
0.00
0.00
0.00
0.00
0.00
382.77
0.00
0.00
783.39
0.00
0.00
0.00
0.00
0.00
0.00
0.00
0.00
0.00
0.00
0.00
0.00
0.00
0.00
0.00
264.74
0.00
169.19
0.00
0.00
0.00
230.61
1392.68
1240.20
0.00
0.00
0.00
226.67
1168.63
0.00
0.00
0.00
0.00
340.94
32.75
637.09
0.00
0.00
0.00
348.79
1258.02
0.00
0.00
0.00
1189.61
318.48
0.00
0.00
0.00
0.00
0.00
257.15
33.50
0.00
0.00
0.00
0.00
166.80
657.84
0.00
0.00
0.00
0.00
180.58
0.00
378.38
284.58
0.00
0.00
134.94
0.00
0.00
0.00
0.00
0.00
270.15
0.00
0.00
0.00
0.00
782.91
286.87
0.00
344.44
0.00
0.00
816.81
201.24
0.00
0.00
0.00
0.00
0.00
341.33
992.55
0.00
0.00
0.00
0.00
258.17
0.00
0.00
1024.74
721.88
0.00
351.11
0.00
0.00
0.00
25.25
0.00
246.10
0.00
0.00
44.79
0.00
0.00
136.18
1205.71
1305.50
1402.20
0.00
0.00
152.24
844.18
0.00
959.69
0.00
0.00
167.75
0.00
0.00
0.00
0.00
0.00
0.00
0.00
0.00
0.00
0.00
0.00
0.00
0.00
0.00
0.00
0.00
0.00
0.00
688.25
0.00
670.01
0.00
0.00
0.00
599.51
962.68
0.00
525.24
0.00
0.00
589.29
164.80
0.00
406.62
0.00
847.90
886.35
0.00
0.00
0.00
0.00
0.00
906.76
0.00
1161.79
69.16
1004.88
262.24
827.95
908.47
0.00
773.93
0.00
0.00
668.50
0.00
170.25
0.00
0.00
0.00
433.63
789.15
990.78
0.00
0.00
0.00
469.46
0.00
0.00
987.44
0.00
0.00
350.81
0.00
0.00
0.00
0.00
0.00
702.32
0.00
0.00
0.00
0.00
0.00
745.79
0.00
0.00
0.00
0.00
0.00
523.16
0.00
1309.76
0.00
0.00
0.00
887.36
0.00
0.00
0.00
0.00
272.07
671.16
0.00
1364.51
0.00
210.90
0.00
912.77
272.98
0.00
0.00
162.42
0.00
639.79
328.57
0.00
0.00
0.00
0.00
354.02
708.15
0.00
961.40
0.00
332.39
395.78
0.00
0.00
0.00
0.00
0.00
436.10
41.91
0.00
0.00
0.00
0.00
0.00
0.00
0.00
0.00
0.00
0.00
0.00
0.00
654.64
0.00
0.00
0.00
0.00
798.95
0.00
0.00
0.00
0.00
838.26
695.93
0.00
0.00
0.00
325.08
59.62
684.07
0.00
0.00
0.00
0.00
0.00
1028.91
296.87
0.00
888.39
0.00
0.00
1052.60
0.00
0.00
1330.26
0.00
665.81
961.12
0.00
0.00
611.57
0.00
954.32
776.03
0.00
400.09
0.00
0.00
0.00
503.38
0.00
0.00
481.19
688.36
0.00
544.96
0.00
594.27
0.00
0.00
0.00
407.24
0.00
682.27
1263.76
0.00
1149.06
815.28
1055.73
0.00
0.00
0.00
0.00
865.75
0.00
0.00
346.88
0.00
92.55
607.30
0.00
0.00
0.00
0.00
0.00
1030.09
0.00
0.00
0.00
865.73
1261.27
779.11
0.00
992.27
0.00
0.00
344.89
1059.58
1073.68
1316.18
0.00
1157.46
0.00
742.70
746.80
0.00
0.00
0.00
902.86
410.96
74.01
0.00
0.00
0.00
0.00
459.44
152.05
0.00
0.00
0.00
0.00
506.25
0.00
0.00
0.00
0.00
0.00
0.00
0.00
0.00
0.00
0.00
0.00
0.00
0.00
0.00
0.00
777.95
0.00
1314.12
556.51
0.00
0.00
0.00
0.00
0.00
547.97
828.64
0.00
40.56
0.00
0.00
795.99
0.00
1281.72
0.00
0.00
0.00
813.03
0.00
0.00
0.00
1358.01
85.75
747.23
0.00
0.00
0.00
0.00
0.00
614.11
1006.04
375.97
0.00
0.00
0.00
418.02
0.00
0.00
515.78
30.72
0.00
447.93
89.74
0.00
458.21
617.12
0.00
348.88
0.00
0.00
0.00
0.00
0.00
642.34
0.00
0.00
0.00
668.92
0.00
678.64
0.00
0.00
0.00
1048.20
0.00
492.77
0.00
0.00
0.00
0.00
966.99
796.84
0.00
1159.79
1157.97
777.32
0.00
616.33
0.00
150.87
1179.51
0.00
0.00
818.05
0.00
0.00
0.00
0.00
0.00
590.14
388.13
0.00
762.12
0.00
0.00
351.55
243.33
0.00
1213.40
404.51
0.00
386.42
0.00
0.00
0.00
0.00
0.00
420.09
0.00
0.00
587.91
1300.88
0.00
0.00
0.00
0.00
0.00
0.00
0.00
0.00
0.00
0.00
0.00
0.00
0.00
0.00
0.00
0.00
970.86
0.00
0.00
0.00
589.39
0.00
0.00
0.00
396.78
0.00
580.35
0.00
0.00
0.00
0.00
0.00
843.01
0.00
0.00
1307.03
0.00
0.00
861.06
0.00
0.00
0.00
674.94
0.00
791.38
963.74
941.26
0.00
0.00
174.07
650.39
0.00
0.00
0.00
0.00
0.00
442.72
1329.80
0.00
0.00
1107.68
247.55
474.39
0.00
0.00
0.00
394.36
427.54
369.49
0.00
0.00
0.00
0.00
0.00
680.29
1009.74
487.88
0.00
0.00
230.67
718.73
0.00
0.00
569.69
0.00
0.00
521.88
0.00
0.00
0.00
928.87
1283.29
843.91
0.00
0.00
0.00
1232.41
0.00
652.74
0.00
0.00
219.18
668.95
0.00
866.38
0.00
0.00
0.00
0.00
0.00
625.01
0.00
0.00
0.00
0.00
0.00
372.32
0.00
0.00
0.00
0.00
0.00
409.25
1354.34
0.00
0.00
1009.73
0.00
444.90
0.00
0.00
0.00
0.00
0.00
0.00
0.00
0.00
0.00
0.00
0.00
0.00
0.00
0.00
0.00
0.00
0.00
0.00
0.00
0.00
0.00
0.00
0.00
0.00
585.05
0.00
0.00
0.00
1069.27
375.36
576.08
0.00
0.00
0.00
0.00
0.00
836.81
0.00
0.00
0.00
872.38
0.00
854.73
0.00
0.00
0.00
0.00
531.00
785.56
0.00
46.27
0.00
1177.57
0.00
645.61
0.00
0.00
1378.76
0.00
0.00
439.46
0.00
0.00
0.00
0.00
133.45
470.90
0.00
0.00
1334.36
0.00
0.00
366.77
580.71
1103.82
993.96
0.00
0.00
675.29
0.00
0.00
0.00
0.00
0.00
713.45
0.00
1067.84
0.00
0.00
0.00
518.04
0.00
0.00
0.00
0.00
0.00
837.71
0.00
0.00
0.00
0.00
0.00
647.94
0.00
0.00
801.80
0.00
0.00
860.01
0.00
0.00
0.00
0.00
1182.66
620.41
480.62
0.00
0.00
0.00
0.00
369.58
0.00
1353.45
0.00
0.00
557.19
406.24
0.00
0.00
0.00
885.90
0.00
441.63
999.38
0.00
0.00
0.00
0.00
0.00
0.00
0.00
0.00
0.00
0.00
0.00
0.00
0.00
0.00
0.00
0.00
0.00
0.00
717.40
0.00
0.00
0.00
0.00
256.40
256.47
0.00
0.00
702.55
0.00
252.47
0.00
0.00
0.00
0.00
0.00
366.74
1024.94
0.00
0.00
0.00
0.00
374.59
0.00
0.00
0.00
0.00
0.00
344.27
1299.79
0.00
0.00
0.00
0.00
282.94
0.00
165.47
0.00
1279.72
0.00
192.59
0.00
0.00
0.00
0.00
948.95
206.37
0.00
0.00
0.00
373.91
0.00
160.74
0.00
0.00
0.00
1330.41
0.00
295.95
0.00
0.00
0.00
0.00
0.00
312.67
911.60
0.00
269.16
0.00
0.00
227.03
0.00
0.00
0.00
0.00
0.00
367.13
0.00
0.00
402.62
0.00
724.87
283.96
0.00
0.00
0.00
0.00
0.00
376.90
0.00
0.00
0.00
0.00
1317.87
271.90
462.39
0.00
745.73
0.00
0.00
161.97
0.00
547.72
0.00
0.00
0.00
178.04
0.00
0.00
1262.44
0.00
0.00
193.55
811.82
0.00
0.00
0.00
0.00
0.00
0.00
0.00
0.00
0.00
0.00
0.00
0.00
0.00
0.00
0.00
0.00
0.00
0.00
1073.37
0.00
713.01
0.00
0.00
666.57
0.00
1052.63
67.35
0.00
0.00
656.34
0.00
0.00
0.00
577.07
0.00
953.40
0.00
0.00
0.00
0.00
0.00
973.82
1037.99
0.00
0.00
0.00
1404.81
895.01
0.00
0.00
0.00
0.00
0.00
735.56
0.00
0.00
0.00
0.00
567.66
500.69
0.00
0.00
0.00
1041.51
368.40
536.51
0.00
0.00
1115.81
0.00
0.00
417.87
0.00
0.00
0.00
0.00
955.51
769.37
0.00
0.00
0.00
0.00
0.00
812.85
0.00
261.06
1045.68
0.00
0.00
590.22
0.00
0.00
0.00
1178.51
341.93
954.42
249.45
0.00
693.03
0.00
402.49
738.22
751.76
0.00
0.00
1360.58
1033.16
979.83
1234.49
0.00
0.00
1003.49
787.01
706.85
0.00
0.00
0.00
0.00
0.00
421.08
0.00
0.00
1065.71
0.00
0.00
462.84
0.00
0.00
1157.18
0.00
0.00
503.16
1193.68
0.00
0.00
0.00
0.00
0.00
0.00
0.00
0.00
0.00
0.00
0.00
0.00
0.00
0.00
0.00
0.00
0.00
0.00
0.00
0.00
362.02
0.00
0.00
773.78
0.00
0.00
0.00
1383.02
1026.80
761.91
1258.79
0.00
0.00
0.00
1272.85
1106.75
0.00
0.00
0.00
0.00
0.00
1130.45
0.00
522.31
0.00
0.00
0.00
1038.96
0.00
982.73
356.63
0.00
0.00
853.87
0.00
0.00
134.81
0.00
0.00
581.22
0.00
0.00
0.00
0.00
0.00
622.81
0.00
321.07
439.18
0.00
169.05
485.08
0.00
0.00
0.00
521.16
0.00
893.12
0.00
0.00
0.00
619.87
0.00
943.59
1017.53
869.50
0.00
0.00
0.00
685.15
0.00
0.00
0.00
1011.92
0.00
1107.93
0.00
0.00
1280.76
0.00
1181.92
856.95
709.79
1104.13
998.10
840.32
958.86
1137.43
0.00
342.96
391.13
784.99
0.00
820.54
0.00
0.00
1356.62
0.00
0.00
488.80
192.13
0.00
0.00
0.00
0.00
537.28
0.00
872.94
987.54
0.00
0.00
584.09
0.00
0.00
0.00
0.00
0.00
0.00
0.00
0.00
0.00
0.00
0.00
0.00
0.00
0.00
0.00
0.00
0.00
0.00
0.00
0.00
0.00
764.50
0.00
0.00
473.88
0.00
0.00
0.00
0.00
0.00
721.90
319.12
0.00
1043.94
0.00
0.00
738.94
0.00
0.00
0.00
0.00
0.00
673.14
0.00
0.00
0.00
0.00
0.00
540.02
0.00
0.00
0.00
0.00
0.00
343.93
0.00
545.27
1078.86
0.00
0.00
373.84
0.00
0.00
0.00
748.29
0.00
274.78
0.00
249.15
0.00
0.00
0.00
568.25
37.38
502.52
0.00
0.00
0.00
604.55
0.00
0.00
0.00
0.00
0.00
418.67
0.00
0.00
407.66
0.00
0.00
722.75
1386.15
0.00
0.00
0.00
0.00
542.24
0.00
0.00
0.00
0.00
420.93
743.96
0.00
0.00
0.00
0.00
0.00
516.05
688.40
670.22
0.00
0.00
0.00
277.46
0.00
0.00
0.00
532.11
0.00
312.33
0.00
0.00
0.00
0.00
0.00
345.99
0.00
0.00
0.00
1132.43
0.00
0.00
0.00
0.00
0.00
0.00
0.00
0.00
0.00
0.00
0.00
0.00
0.00
0.00
0.00
0.00
0.00
0.00
0.00
0.00
0.00
0.00
0.00
526.45
0.00
1249.21
501.88
0.00
0.00
0.00
0.00
0.00
764.55
0.00
0.00
0.00
1148.11
0.00
782.59
0.00
0.00
0.00
767.81
0.00
712.91
0.00
857.13
0.00
0.00
0.00
571.92
0.00
0.00
1051.78
0.00
0.00
364.25
0.00
0.00
0.00
0.00
1031.90
395.92
0.00
696.82
0.00
0.00
0.00
291.02
0.00
0.00
0.00
0.00
0.00
601.82
0.00
105.35
0.00
0.00
418.17
640.26
0.00
615.06
0.00
0.00
0.00
443.41
0.00
0.00
0.00
0.00
0.00
765.44
0.00
0.00
0.00
0.00
0.00
574.27
0.00
851.38
207.66
0.00
224.01
787.91
0.00
0.00
0.00
0.00
0.00
546.54
0.00
0.00
0.00
0.00
0.00
293.85
0.00
0.00
781.32
0.00
0.00
330.78
745.50
0.00
0.00
618.74
0.00
366.43
745.65
0.00
1224.52
593.57
0.00
0.00
0.00
0.00
0.00
0.00
0.00
0.00
0.00
0.00
0.00
0.00
0.00
0.00
0.00
0.00
0.00
0.00
0.00
0.00
0.00
0.00
0.00
886.20
0.00
0.00
498.19
0.00
0.00
0.00
0.00
0.00
758.92
0.00
0.00
0.00
0.00
0.00
776.84
0.00
0.00
0.00
0.00
0.00
707.67
0.00
0.00
0.00
484.70
0.00
567.72
555.02
0.00
0.00
0.00
0.00
361.57
1368.27
0.00
0.00
898.16
681.66
393.01
1317.73
101.39
0.00
1057.32
540.74
288.88
0.00
0.00
0.00
0.00
0.00
597.40
0.00
0.00
0.00
0.00
0.00
635.55
0.00
0.00
0.00
511.88
0.00
440.15
0.00
0.00
0.00
0.00
0.00
759.81
479.36
0.00
0.00
0.00
0.00
570.05
190.30
0.00
0.00
0.00
0.00
782.12
0.00
0.00
786.31
990.22
0.00
542.52
0.00
0.00
1163.83
757.05
0.00
291.69
0.00
787.58
56.58
0.00
0.00
328.35
0.00
0.00
0.00
0.00
0.00
363.74
0.00
1308.61
0.00
0.00
0.00
0.00
0.00
0.00
0.00
0.00
0.00
0.00
0.00
0.00
0.00
0.00
0.00
0.00
0.00
0.00
0.00
0.00
0.00
0.00
0.00
253.78
1147.66
1129.96
0.00
0.00
218.33
0.00
171.93
0.00
0.00
0.00
332.60
0.00
1325.35
0.00
0.00
574.66
340.45
0.00
0.00
0.00
122.29
0.00
310.14
0.00
0.00
0.00
254.05
0.00
248.80
424.27
0.00
0.00
0.00
1019.28
158.46
0.00
0.00
0.00
0.00
696.44
172.24
0.00
0.00
0.00
0.00
0.00
126.60
0.00
333.16
0.00
0.00
34.97
261.81
0.00
0.00
0.00
0.00
0.00
278.53
0.00
0.00
0.00
0.00
1009.08
192.90
0.00
0.00
0.00
0.00
836.42
332.99
0.00
0.00
0.00
0.00
0.00
249.83
0.00
276.54
0.00
0.00
0.00
342.76
0.00
0.00
0.00
0.00
0.00
237.76
1292.38
0.00
0.00
0.00
0.00
127.83
0.00
0.00
1274.79
0.00
0.00
143.90
0.00
0.00
0.00
0.00
1107.82
159.41
0.00
0.00
0.00
0.00
0.00
0.00
0.00
0.00
0.00
0.00
0.00
0.00
0.00
0.00
0.00
0.00
0.00
0.00
0.00
0.00
0.00
0.00
0.00
0.00
0.00
0.00
0.00
0.00
0.00
0.00
567.60
0.00
0.00
0.00
0.00
0.00
864.66
0.00
0.00
431.85
0.00
0.00
885.07
0.00
0.00
0.00
0.00
809.79
806.26
0.00
0.00
0.00
0.00
0.00
646.82
0.00
0.00
75.51
1394.39
0.00
411.95
892.04
597.04
154.63
0.00
0.00
447.77
0.00
0.00
0.00
628.19
0.00
329.12
0.00
0.00
0.00
0.00
555.07
680.63
89.63
1311.25
0.00
1002.15
0.00
724.10
0.00
0.00
0.00
0.00
0.00
501.47
0.00
0.00
0.00
0.00
0.00
865.68
290.34
95.00
0.00
0.00
0.00
649.47
0.00
0.00
0.00
1054.31
0.00
891.09
0.00
0.00
1221.02
0.00
396.16
618.11
984.53
349.96
0.00
0.00
740.41
332.33
0.00
0.00
0.00
141.00
1005.28
374.10
0.00
0.00
0.00
0.00
0.00
414.42
0.00
0.00
0.00
0.00
0.00
0.00
0.00
0.00
0.00
0.00
0.00
0.00
0.00
0.00
0.00
0.00
0.00
0.00
0.00
0.00
0.00
0.00
0.00
0.00
0.00
0.00
875.66
0.00
974.56
481.16
658.89
0.00
0.00
0.00
0.00
0.00
1003.73
215.03
0.00
0.00
0.00
0.00
1027.43
0.00
0.00
1100.04
0.00
1161.54
935.95
0.00
0.00
0.00
0.00
0.00
750.85
0.00
441.92
0.00
879.15
575.75
478.20
0.00
0.00
0.00
0.00
0.00
519.79
0.00
1013.31
0.00
0.00
1329.42
382.06
976.94
0.00
663.36
0.00
0.00
790.10
23.10
0.00
1081.88
1308.95
0.00
840.57
0.00
306.13
0.00
0.00
0.00
582.13
0.00
0.00
1122.58
1119.00
679.83
1004.91
0.00
592.13
1155.03
0.00
0.00
753.93
0.00
947.45
0.00
0.00
0.00
1034.41
0.00
0.00
660.12
733.27
0.00
717.52
1366.29
110.22
0.00
1385.40
0.00
385.79
0.00
0.00
1214.08
1387.13
0.00
434.27
247.44
0.00
0.00
0.00
0.00
481.07
0.00
0.00
0.00
0.00
0.00
0.00
0.00
0.00
0.00
0.00
0.00
0.00
0.00
0.00
0.00
0.00
0.00
0.00
0.00
0.00
0.00
0.00
0.00
0.00
0.00
578.45
0.00
0.00
0.00
0.00
713.36
0.00
0.00
788.42
0.00
1160.03
730.40
0.00
0.00
0.00
1359.46
0.00
664.61
47.73
0.00
0.00
0.00
0.00
531.49
0.00
0.00
631.43
1318.24
0.00
335.40
0.00
0.00
0.00
0.00
0.00
365.30
0.00
0.00
0.00
0.00
0.00
266.25
0.00
0.00
0.00
0.00
1382.96
559.72
0.00
0.00
0.00
0.00
670.42
596.01
0.00
132.47
156.22
0.00
0.00
410.14
1351.22
0.00
0.00
0.00
0.00
714.21
650.33
0.00
0.00
0.00
0.00
533.70
0.00
0.00
1352.99
1159.35
0.00
735.42
0.00
652.57
0.00
0.00
821.71
507.52
531.94
0.00
960.75
101.93
0.00
268.93
0.00
0.00
0.00
0.00
0.00
303.79
554.41
350.23
0.00
1179.59
573.06
337.46
0.00
732.71
0.00
0.00
0.00
0.00
0.00
0.00
0.00
0.00
0.00
0.00
0.00
0.00
0.00
0.00
0.00
0.00
0.00
0.00
0.00
0.00
0.00
0.00
0.00
0.00
0.00
0.00
0.00
0.00
0.00
117.24
157.86
0.00
0.00
0.00
755.51
0.00
0.00
0.00
0.00
899.87
773.55
1005.58
0.00
0.00
580.63
0.00
703.87
0.00
0.00
0.00
1402.86
264.44
562.89
0.00
0.00
0.00
0.00
0.00
355.21
391.41
0.00
1186.41
0.00
419.85
386.89
0.00
0.00
0.00
0.00
0.00
281.98
41.35
868.12
0.00
617.12
1137.66
592.78
0.00
0.00
0.00
975.15
0.00
631.22
0.00
0.00
0.00
0.00
0.00
434.37
0.00
0.00
0.00
0.00
543.96
756.40
0.00
0.00
0.00
0.00
0.00
565.23
0.00
505.23
0.00
0.00
0.00
778.87
0.00
0.00
0.00
0.00
0.00
537.50
0.00
0.00
397.75
438.24
0.00
284.81
0.00
0.00
883.32
0.00
297.90
321.74
0.00
0.00
333.89
0.00
0.00
357.40
0.00
0.00
0.00
850.37
0.00
0.00
0.00
0.00
0.00
0.00
0.00
0.00
0.00
0.00
0.00
0.00
0.00
0.00
0.00
0.00
0.00
0.00
0.00
0.00
0.00
0.00
0.00
0.00
0.00
0.00
0.00
0.00
356.57
471.38
0.00
0.00
749.95
70.97
0.00
364.70
0.00
1385.89
767.87
0.00
0.00
1345.84
902.35
342.29
698.69
0.00
298.67
0.00
0.00
0.00
558.75
169.42
0.00
0.00
0.00
0.00
352.60
0.00
69.67
0.00
0.00
0.00
384.04
0.00
0.00
0.00
0.00
0.00
279.90
0.00
0.00
0.00
0.00
0.00
588.42
41.24
0.00
0.00
1018.68
0.00
626.58
691.56
0.00
0.00
0.00
0.00
431.17
0.00
1199.48
76.72
0.00
0.00
750.84
0.00
0.00
0.00
0.00
0.00
561.08
0.00
0.00
0.00
0.00
0.00
773.14
0.00
0.00
0.00
1282.45
92.07
533.55
0.00
0.00
0.00
1103.00
0.00
282.72
688.77
0.00
0.00
0.00
0.00
319.38
0.00
468.45
0.00
0.00
0.00
354.77
0.00
0.00
954.15
0.00
0.00
0.00
0.00
0.00
0.00
0.00
0.00
0.00
0.00
0.00
0.00
0.00
0.00
0.00
0.00
0.00
0.00
0.00
0.00
0.00
0.00
0.00
0.00
0.00
0.00
0.00
0.00
0.00
0.00
0.00
1345.73
0.00
328.67
0.00
1312.69
0.00
0.00
25.00
336.52
0.00
0.00
0.00
0.00
0.00
306.20
0.00
0.00
0.00
1326.37
1163.98
244.87
0.00
0.00
0.00
0.00
219.52
154.53
0.00
0.00
1224.66
0.00
0.00
168.31
264.11
0.00
0.00
0.00
915.86
122.67
0.00
0.00
232.17
0.00
0.00
257.88
1131.56
0.00
0.00
0.00
0.00
274.60
539.05
0.00
390.68
0.00
0.00
188.96
0.00
0.00
0.00
24.44
0.00
329.06
0.00
0.00
827.28
0.00
0.00
245.89
0.00
0.00
0.00
239.82
0.00
338.83
0.00
0.00
0.00
0.00
0.00
233.83
0.00
0.00
0.00
0.00
0.00
123.90
0.00
0.00
0.00
285.26
714.06
139.97
139.05
0.00
0.00
0.00
1186.33
155.48
0.00
0.00
0.00
0.00
0.00
0.00
0.00
0.00
0.00
0.00
0.00
0.00
0.00
0.00
0.00
0.00
0.00
0.00
0.00
0.00
0.00
0.00
0.00
0.00
0.00
0.00
0.00
0.00
0.00
0.00
0.00
0.00
0.00
1074.13
0.00
0.00
854.44
0.00
528.10
0.00
0.00
753.29
874.85
0.00
1144.04
194.32
77.15
529.52
796.04
1255.59
0.00
0.00
0.00
0.00
636.59
0.00
0.00
31.00
267.42
0.00
401.72
0.00
0.00
0.00
0.00
0.00
437.55
0.00
0.00
0.00
0.00
0.00
318.90
0.00
958.93
0.00
0.00
0.00
670.41
0.00
0.00
296.52
0.00
0.00
713.88
0.00
482.51
0.00
0.00
0.00
491.25
286.46
1006.95
39.20
0.00
1343.04
855.45
0.00
0.00
0.00
0.00
0.00
639.25
0.00
0.00
0.00
848.10
794.52
880.86
0.00
1252.54
918.16
0.00
0.00
607.88
0.00
0.00
0.00
0.00
0.00
322.11
0.00
0.00
864.14
0.00
0.00
363.87
0.00
0.00
0.00
0.00
0.00
404.20
0.00
0.00
0.00
0.00
0.00
0.00
0.00
0.00
0.00
0.00
0.00
0.00
0.00
0.00
0.00
0.00
0.00
0.00
0.00
0.00
0.00
0.00
0.00
0.00
0.00
0.00
0.00
0.00
0.00
0.00
0.00
1322.63
0.00
679.47
0.00
0.00
991.87
0.00
0.00
1139.33
0.00
0.00
1015.56
0.00
0.00
0.00
0.00
273.78
924.08
0.00
384.67
0.00
0.00
0.00
738.98
0.00
0.00
1364.51
0.00
0.00
466.34
629.93
0.00
0.00
338.99
0.00
507.92
0.00
0.00
0.00
365.74
0.00
370.20
0.00
0.00
0.00
0.00
0.00
778.24
0.00
352.11
0.00
0.00
0.00
828.70
0.00
0.00
0.00
0.00
0.00
570.26
0.00
0.00
1087.96
0.00
0.00
993.05
72.70
0.00
0.00
0.00
0.00
742.07
1154.45
0.00
0.00
0.00
0.00
1022.54
0.00
0.00
0.00
0.00
0.00
705.66
0.00
108.29
1264.27
0.00
0.00
373.92
0.00
1258.99
0.00
0.00
638.43
422.40
0.00
0.00
0.00
0.00
0.00
469.21
0.00
0.00
0.00
0.00
0.00
0.00
0.00
0.00
0.00
0.00
0.00
0.00
0.00
0.00
0.00
0.00
0.00
0.00
0.00
0.00
0.00
0.00
0.00
0.00
0.00
0.00
0.00
0.00
0.00
0.00
0.00
0.00
1162.95
0.00
0.00
0.00
978.42
0.00
1325.42
1149.42
752.97
0.00
912.62
0.00
0.00
0.00
0.00
0.00
779.50
519.13
1366.32
0.00
453.64
123.23
583.41
0.00
0.00
0.00
0.00
0.00
613.32
0.00
704.54
0.00
0.00
0.00
514.26
0.00
1154.18
1346.78
726.09
0.00
807.73
0.00
0.00
0.00
0.00
254.68
844.03
27.62
0.00
0.00
360.40
0.00
658.15
0.00
0.00
0.00
0.00
100.92
962.23
0.00
0.00
0.00
0.00
0.00
781.72
0.00
161.61
858.30
0.00
0.00
983.44
0.00
0.00
0.00
321.99
0.00
755.53
0.00
0.00
0.00
0.00
946.65
516.94
0.00
0.00
0.00
1255.12
1242.45
551.81
0.00
0.00
0.00
0.00
0.00
585.47
0.00
0.00
0.00
0.00
201.88
0.00
0.00
0.00
0.00
0.00
0.00
0.00
0.00
0.00
0.00
0.00
0.00
0.00
0.00
0.00
0.00
0.00
0.00
0.00
0.00
0.00
0.00
0.00
0.00
0.00
0.00
0.00
0.00
0.00
0.00
0.00
0.00
0.00
0.00
0.00
0.00
1122.29
1036.22
0.00
1056.09
0.00
0.00
0.00
966.54
0.00
237.58
0.00
0.00
0.00
825.55
189.07
0.00
0.00
0.00
0.00
617.88
0.00
0.00
656.92
0.00
1036.45
649.55
0.00
0.00
0.00
0.00
0.00
544.64
1125.81
0.00
0.00
1123.33
1226.65
855.45
0.00
0.00
0.00
1096.39
0.00
893.89
0.00
0.00
937.15
0.00
566.14
697.04
0.00
0.00
0.00
0.00
0.00
1019.07
0.00
0.00
0.00
293.93
0.00
827.90
0.00
0.00
0.00
90.43
0.00
1041.54
0.00
0.00
0.00
1404.46
0.00
800.17
0.00
0.00
0.00
0.00
0.00
547.48
0.00
0.00
0.00
0.00
0.00
584.41
0.00
0.00
0.00
0.00
0.00
620.06
0.00
835.67
0.00
0.00
0.00
0.00
0.00
0.00
0.00
0.00
0.00
0.00
0.00
0.00
0.00
0.00
0.00
0.00
0.00
0.00
0.00
0.00
0.00
0.00
0.00
0.00
0.00
0.00
0.00
0.00
0.00
0.00
0.00
0.00
0.00
0.00
0.00
0.00
0.00
0.00
0.00
0.00
1028.60
0.00
0.00
0.00
0.00
0.00
959.43
1077.88
0.00
519.29
0.00
0.00
819.48
0.00
0.00
0.00
0.00
345.67
613.33
1093.08
0.00
188.96
0.00
959.80
644.77
0.00
0.00
0.00
0.00
1304.03
540.64
541.45
0.00
615.38
0.00
0.00
849.16
0.00
0.00
0.00
0.00
0.00
887.32
0.00
650.92
276.99
0.00
0.00
691.91
177.32
336.05
668.79
0.00
0.00
1011.58
1009.38
0.00
0.00
1177.18
0.00
821.81
0.00
0.00
0.00
1081.84
829.20
1033.88
0.00
93.88
1095.34
398.35
0.00
794.28
217.86
1242.42
0.00
0.00
124.08
543.45
62.98
0.00
0.00
0.00
0.00
580.11
0.00
0.00
1405.28
0.00
0.00
615.50
0.00
0.00
0.00
0.00
0.00
0.00
0.00
0.00
0.00
0.00
0.00
0.00
0.00
0.00
0.00
0.00
0.00
0.00
0.00
0.00
0.00
0.00
0.00
0.00
0.00
0.00
0.00
0.00
0.00
0.00
0.00
0.00
0.00
0.00
0.00
0.00
0.00
0.00
52.89
0.00
1388.82
1303.08
450.79
0.00
0.00
0.00
1116.57
0.00
420.47
0.00
0.00
0.00
0.00
0.00
359.14
0.00
0.00
0.00
0.00
0.00
268.79
608.00
0.00
0.00
0.00
0.00
282.57
0.00
0.00
0.00
0.00
53.88
236.94
759.37
1340.64
0.00
0.00
0.00
372.15
0.00
0.00
0.00
0.00
0.00
388.87
0.00
200.59
0.00
25.69
0.00
303.23
0.00
0.00
0.00
1238.45
0.00
443.33
0.00
0.00
0.00
0.00
0.00
360.16
0.00
0.00
588.41
0.00
1167.50
453.10
636.37
862.98
0.00
0.00
0.00
348.09
0.00
0.00
0.00
832.77
0.00
238.17
0.00
763.92
0.00
0.00
0.00
254.23
0.00
0.00
881.25
640.64
1396.84
269.74
0.00
0.00
0.00
0.00
0.00
0.00
0.00
0.00
0.00
0.00
0.00
0.00
0.00
0.00
0.00
0.00
0.00
0.00
0.00
0.00
0.00
0.00
0.00
0.00
0.00
0.00
0.00
0.00
0.00
0.00
0.00
0.00
0.00
0.00
0.00
0.00
0.00
0.00
0.00
0.00
426.32
397.31
1171.91
0.00
761.61
0.00
0.00
0.00
1093.10
0.00
0.00
0.00
0.00
748.42
933.66
0.00
0.00
0.00
0.00
0.00
698.79
0.00
0.00
0.00
0.00
0.00
734.61
0.00
0.00
0.00
0.00
0.00
615.96
0.00
479.27
0.00
0.00
0.00
967.47
0.00
902.19
0.00
0.00
0.00
1010.94
321.33
0.00
0.00
0.00
0.00
788.31
0.00
0.00
0.00
0.00
0.00
1152.52
0.00
0.00
0.00
386.38
0.00
936.31
0.00
0.00
1057.70
0.00
0.00
1177.92
0.00
0.00
0.00
0.00
0.00
904.95
0.00
0.00
0.00
0.00
0.00
619.17
0.00
0.00
0.00
0.00
0.00
660.94
0.00
0.00
684.66
0.00
0.00
701.26
0.00
0.00
0.00
0.00
0.00
0.00
0.00
0.00
0.00
0.00
0.00
0.00
0.00
0.00
0.00
0.00
0.00
0.00
0.00
0.00
0.00
0.00
0.00
0.00
0.00
0.00
0.00
0.00
0.00
0.00
0.00
0.00
0.00
0.00
0.00
0.00
0.00
0.00
0.00
0.00
0.00
0.00
1360.40
0.00
0.00
0.00
1355.31
0.00
1268.92
0.00
0.00
0.00
0.00
0.00
1083.83
0.00
0.00
0.00
0.00
306.32
811.18
0.00
1354.35
0.00
390.23
0.00
852.77
0.00
0.00
1119.79
0.00
0.00
715.04
0.00
0.00
0.00
0.00
0.00
1123.08
682.29
0.00
0.00
0.00
920.82
1173.55
1178.81
1141.36
0.00
0.00
0.00
915.10
1261.37
810.68
1118.02
0.00
0.00
1337.89
0.00
566.69
530.55
0.00
769.90
1086.91
0.00
0.00
0.00
769.88
0.00
1367.38
0.00
0.00
1021.38
0.00
0.00
1050.50
382.66
0.00
566.15
853.10
455.34
718.76
0.00
1281.99
0.00
0.00
0.00
767.24
1372.88
0.00
0.00
0.00
0.00
814.05
0.00
0.00
0.00
0.00
0.00
0.00
0.00
0.00
0.00
0.00
0.00
0.00
0.00
0.00
0.00
0.00
0.00
0.00
0.00
0.00
0.00
0.00
0.00
0.00
0.00
0.00
0.00
0.00
0.00
0.00
0.00
0.00
0.00
0.00
0.00
0.00
0.00
843.86
310.75
0.00
0.00
0.00
929.66
0.00
0.00
367.53
0.00
0.00
796.54
635.64
0.00
0.00
0.00
1381.41
600.45
0.00
0.00
0.00
81.45
0.00
630.36
904.87
0.00
386.29
1120.89
0.00
531.30
765.13
0.00
0.00
617.71
0.00
824.77
0.00
155.52
0.00
0.00
922.79
861.07
0.00
915.74
0.00
0.00
0.00
675.19
0.00
0.00
0.00
0.00
0.00
979.27
0.00
0.00
0.00
0.00
1214.27
798.76
0.00
53.60
553.16
0.00
0.00
1000.48
0.00
196.88
0.00
0.00
325.79
772.57
389.05
0.00
0.00
0.00
0.00
533.98
0.00
0.00
0.00
1297.59
464.31
568.85
0.00
979.84
0.00
0.00
0.00
602.51
0.00
0.00
0.00
427.56
0.00
0.00
0.00
0.00
0.00
0.00
0.00
0.00
0.00
0.00
0.00
0.00
0.00
0.00
0.00
0.00
0.00
0.00
0.00
0.00
0.00
0.00
0.00
0.00
0.00
0.00
0.00
0.00
0.00
0.00
0.00
0.00
0.00
0.00
0.00
0.00
0.00
0.00
0.00
931.27
0.00
0.00
0.00
0.00
984.59
0.00
0.00
0.00
0.00
0.00
843.60
0.00
982.63
0.00
0.00
0.00
635.92
0.00
662.87
423.54
0.00
0.00
667.60
0.00
0.00
0.00
0.00
0.00
562.69
0.00
0.00
0.00
1059.03
480.86
873.50
0.00
0.00
0.00
0.00
0.00
911.94
0.00
0.00
0.00
1149.17
1341.94
715.08
0.00
0.00
0.00
1406.59
183.70
1037.12
784.64
0.00
0.00
0.00
0.00
845.95
1205.36
1092.54
0.00
0.00
0.00
1059.59
0.00
0.00
967.67
0.00
0.00
818.21
282.76
0.00
0.00
935.22
0.00
565.53
0.00
0.00
0.00
0.00
0.00
602.46
0.00
0.00
0.00
0.00
967.10
638.11
0.00
0.00
0.00
0.00
0.00
0.00
0.00
0.00
0.00
0.00
0.00
0.00
0.00
0.00
0.00
0.00
0.00
0.00
0.00
0.00
0.00
0.00
0.00
0.00
0.00
0.00
0.00
0.00
0.00
0.00
0.00
0.00
0.00
0.00
0.00
0.00
0.00
0.00
0.00
0.00
0.00
0.00
0.00
0.00
1389.58
1288.86
323.85
0.00
977.34
0.00
0.00
0.00
0.00
0.00
837.40
0.00
0.00
0.00
0.00
0.00
631.25
0.00
211.20
117.11
0.00
0.00
662.69
0.00
0.00
718.91
228.73
710.62
558.55
1046.56
1121.63
23.84
0.00
409.73
867.07
0.00
0.00
244.05
1025.75
0.00
905.23
723.31
0.00
0.00
0.00
0.00
709.82
0.00
0.00
0.00
0.00
0.00
1029.49
0.00
0.00
0.00
0.00
0.00
839.73
0.00
0.00
0.00
0.00
0.00
1051.79
0.00
0.00
0.00
0.00
0.00
812.20
1123.18
449.72
259.33
93.50
0.00
561.37
0.00
0.00
660.48
0.00
0.00
598.03
0.00
0.00
0.00
0.00
0.00
633.42
1304.46
0.00
0.00
0.00
0.00
0.00
0.00
0.00
0.00
0.00
0.00
0.00
0.00
0.00
0.00
0.00
0.00
0.00
0.00
0.00
0.00
0.00
0.00
0.00
0.00
0.00
0.00
0.00
0.00
0.00
0.00
0.00
0.00
0.00
0.00
0.00
0.00
0.00
0.00
0.00
0.00
0.00
0.00
839.88
0.00
0.00
0.00
0.00
428.32
0.00
0.00
0.00
0.00
645.48
366.99
0.00
0.00
0.00
0.00
0.00
276.65
141.10
0.00
0.00
691.89
0.00
290.43
0.00
990.59
0.00
244.08
816.27
244.79
0.00
0.00
0.00
0.00
1050.08
380.00
0.00
165.43
0.00
0.00
0.00
396.72
0.00
0.00
0.00
124.23
0.00
311.08
0.00
0.00
0.00
0.00
0.00
451.18
1222.12
1392.67
0.00
0.00
414.61
368.01
0.00
0.00
1257.91
1242.91
0.00
460.95
0.00
0.00
0.00
0.00
0.00
355.95
0.00
0.00
0.00
0.00
0.00
246.02
0.00
0.00
177.62
0.00
0.00
262.09
1354.21
0.00
0.00
0.00
0.00
277.60
0.00
0.00
0.00
0.00
0.00
0.00
0.00
0.00
0.00
0.00
0.00
0.00
0.00
0.00
0.00
0.00
0.00
0.00
0.00
0.00
0.00
0.00
0.00
0.00
0.00
0.00
0.00
0.00
0.00
0.00
0.00
0.00
0.00
0.00
0.00
0.00
0.00
0.00
0.00
0.00
0.00
0.00
0.00
0.00
0.00
0.00
0.00
0.00
1113.52
0.00
0.00
0.00
0.00
616.80
954.07
1238.91
0.00
0.00
0.00
0.00
719.20
408.39
0.00
0.00
0.00
0.00
755.02
0.00
979.53
0.00
976.51
0.00
636.38
0.00
592.09
0.00
0.00
932.00
987.88
0.00
0.00
0.00
0.00
0.00
1031.36
0.00
0.00
0.00
145.11
0.00
808.72
0.00
0.00
0.00
0.00
921.93
1172.93
0.00
0.00
0.00
747.94
0.00
956.72
0.00
0.00
0.00
762.26
1147.80
1198.34
0.00
0.00
0.00
661.81
0.00
925.36
1289.98
0.00
0.00
0.00
0.00
639.58
0.00
0.00
0.00
0.00
0.00
681.35
0.00
534.90
345.56
0.00
0.00
721.67
1013.45
0.00
0.00
0.00
0.00
0.00
0.00
0.00
0.00
0.00
0.00
0.00
0.00
0.00
0.00
0.00
0.00
0.00
0.00
0.00
0.00
0.00
0.00
0.00
0.00
0.00
0.00
0.00
0.00
0.00
0.00
0.00
0.00
0.00
0.00
0.00
0.00
0.00
0.00
0.00
0.00
0.00
0.00
0.00
0.00
0.00
380.57
0.00
1292.62
0.00
0.00
1333.32
0.00
0.00
1107.52
0.00
0.00
0.00
1364.07
0.00
834.87
0.00
0.00
0.00
600.03
0.00
876.46
0.00
0.00
0.00
0.00
1378.38
738.73
0.00
0.00
0.00
0.00
366.68
1146.77
0.00
0.00
1300.55
0.00
620.11
1197.24
0.00
0.00
970.67
0.00
0.00
938.80
0.00
360.48
0.00
0.00
0.00
1361.58
0.00
0.00
0.00
0.00
0.00
1110.61
0.00
0.00
0.00
0.00
0.00
1391.08
987.27
0.00
605.57
0.00
1120.99
1074.19
0.00
0.00
760.54
0.00
0.00
742.46
0.00
115.78
0.00
0.00
0.00
790.94
0.00
0.00
0.00
0.00
0.00
837.74
0.00
0.00
0.00
0.00
0.00
0.00
0.00
0.00
0.00
0.00
0.00
0.00
0.00
0.00
0.00
0.00
0.00
0.00
0.00
0.00
0.00
0.00
0.00
0.00
0.00
0.00
0.00
0.00
0.00
0.00
0.00
0.00
0.00
0.00
0.00
0.00
0.00
0.00
0.00
0.00
0.00
0.00
0.00
0.00
0.00
522.19
0.00
910.76
730.75
0.00
0.00
572.24
135.20
0.00
534.66
0.00
558.36
0.00
0.00
0.00
564.56
0.00
0.00
0.00
0.00
0.00
465.51
0.00
0.00
401.80
0.00
0.00
758.98
0.00
0.00
0.00
0.00
0.00
795.27
0.00
0.00
0.00
0.00
0.00
609.40
0.00
0.00
0.00
618.28
0.00
913.47
0.00
1010.92
0.00
0.00
0.00
732.96
518.55
0.00
0.00
0.00
0.00
934.68
1297.44
0.00
0.00
701.88
0.00
706.78
0.00
0.00
792.05
0.00
0.00
468.19
0.00
0.00
0.00
249.81
0.00
503.05
1321.09
0.00
939.71
0.00
1115.16
536.72
0.00
1006.38
0.00
0.00
0.00
0.00
0.00
0.00
0.00
0.00
0.00
0.00
0.00
0.00
0.00
0.00
0.00
0.00
0.00
0.00
0.00
0.00
0.00
0.00
0.00
0.00
0.00
0.00
0.00
0.00
0.00
0.00
0.00
0.00
0.00
0.00
0.00
0.00
0.00
0.00
0.00
0.00
0.00
0.00
0.00
0.00
0.00
0.00
0.00
937.97
554.24
1102.24
0.00
0.00
773.92
0.00
0.00
732.60
0.00
0.00
566.24
0.00
666.72
217.22
0.00
0.00
597.92
0.00
0.00
0.00
0.00
0.00
493.01
0.00
0.00
485.36
0.00
835.74
803.82
1252.21
0.00
0.00
0.00
0.00
842.26
0.00
1121.74
1091.35
0.00
0.00
645.40
0.00
0.00
625.69
0.00
0.00
967.44
0.00
0.00
0.00
0.00
0.00
776.27
115.86
0.00
0.00
0.00
1253.83
989.90
0.00
0.00
1293.02
0.00
0.00
748.53
320.47
0.00
0.00
0.00
249.23
495.85
0.00
0.00
833.38
0.00
0.00
532.77
0.00
0.00
700.06
0.00
0.00
568.43
0.00
0.00
0.00
0.00
0.00
0.00
0.00
0.00
0.00
0.00
0.00
0.00
0.00
0.00
0.00
0.00
0.00
0.00
0.00
0.00
0.00
0.00
0.00
0.00
0.00
0.00
0.00
0.00
0.00
0.00
0.00
0.00
0.00
0.00
0.00
0.00
0.00
0.00
0.00
0.00
0.00
0.00
0.00
0.00
0.00
0.00
0.00
0.00
0.00
0.00
0.00
369.10
0.00
0.00
768.23
168.96
0.00
0.00
0.00
0.00
562.08
0.00
0.00
0.00
0.00
0.00
593.52
0.00
0.00
0.00
172.99
0.00
489.38
292.08
0.00
0.00
980.39
0.00
797.90
0.00
405.74
0.00
0.00
438.08
836.06
0.00
0.00
0.00
91.19
0.00
640.65
0.00
0.00
0.00
0.00
0.00
960.32
471.64
0.00
237.32
1189.36
174.64
770.56
0.00
0.00
837.70
0.00
1272.61
982.62
0.00
0.00
509.03
0.00
0.00
743.03
0.00
0.00
0.00
0.00
0.00
492.20
0.00
1349.90
444.18
0.00
0.00
528.86
0.00
0.00
0.00
0.00
0.00
564.25
0.00
0.00
0.00
0.00
0.00
0.00
0.00
0.00
0.00
0.00
0.00
0.00
0.00
0.00
0.00
0.00
0.00
0.00
0.00
0.00
0.00
0.00
0.00
0.00
0.00
0.00
0.00
0.00
0.00
0.00
0.00
0.00
0.00
0.00
0.00
0.00
0.00
0.00
0.00
0.00
0.00
0.00
0.00
0.00
0.00
0.00
0.00
0.00
0.00
812.29
0.00
0.00
0.00
0.00
336.68
485.42
1068.89
898.12
0.00
387.07
246.33
0.00
491.24
407.18
1059.65
116.46
260.11
1195.70
0.00
0.00
0.00
0.00
214.47
0.00
1317.23
0.00
0.00
996.20
349.68
1050.12
414.65
813.98
0.00
0.00
366.41
0.00
0.00
1093.74
0.00
59.83
280.77
0.00
0.00
0.00
0.00
84.47
420.86
0.00
0.00
0.00
0.00
0.00
337.70
0.00
0.00
0.00
99.65
943.28
430.64
0.00
0.00
0.00
198.04
0.00
325.63
0.00
0.00
114.86
0.00
0.00
215.71
1202.44
1359.87
0.00
711.44
916.38
231.77
0.00
0.00
0.00
0.00
0.00
247.28
1331.90
0.00
0.00
0.00
0.00
0.00
0.00
0.00
0.00
0.00
0.00
0.00
0.00
0.00
0.00
0.00
0.00
0.00
0.00
0.00
0.00
0.00
0.00
0.00
0.00
0.00
0.00
0.00
0.00
0.00
0.00
0.00
0.00
0.00
0.00
0.00
0.00
0.00
0.00
0.00
0.00
0.00
0.00
0.00
0.00
0.00
0.00
0.00
0.00
0.00
0.00
0.00
0.00
0.00
875.26
0.00
0.00
0.00
0.00
0.00
640.39
0.00
0.00
928.86
0.00
0.00
676.21
0.00
0.00
0.00
0.00
0.00
557.57
1108.83
0.00
0.00
0.00
943.79
909.07
436.16
0.00
823.20
0.00
0.00
952.55
0.00
1360.83
0.00
0.00
0.00
729.91
0.00
0.00
0.00
0.00
1257.75
1094.12
208.07
0.00
527.58
241.38
0.00
877.92
0.00
645.23
0.00
0.00
0.00
1119.53
0.00
0.00
0.00
1281.33
0.00
846.55
506.81
0.00
0.00
1246.09
0.00
560.78
0.00
0.00
0.00
0.00
0.00
602.54
0.00
0.00
0.00
0.00
0.00
642.86
0.00
0.00
0.00
0.00
0.00
0.00
0.00
0.00
0.00
0.00
0.00
0.00
0.00
0.00
0.00
0.00
0.00
0.00
0.00
0.00
0.00
0.00
0.00
0.00
0.00
0.00
0.00
0.00
0.00
0.00
0.00
0.00
0.00
0.00
0.00
0.00
0.00
0.00
0.00
0.00
0.00
0.00
0.00
0.00
0.00
0.00
0.00
0.00
0.00
0.00
0.00
0.00
0.00
382.26
1016.04
0.00
516.89
0.00
0.00
0.00
743.39
0.00
0.00
0.00
647.92
493.63
784.98
0.00
0.00
0.00
0.00
0.00
647.25
1162.87
0.00
0.00
0.00
589.59
1055.29
771.48
0.00
0.00
116.54
810.91
1105.76
176.43
0.00
0.00
0.00
1396.87
847.32
0.00
0.00
0.00
0.00
822.85
1270.10
887.52
0.00
1083.60
0.00
0.00
1019.12
0.00
0.00
0.00
0.00
0.00
1299.60
735.22
1170.34
838.24
0.00
0.00
982.71
0.00
0.00
1216.21
559.22
0.00
650.97
0.00
914.32
0.00
0.00
1177.11
699.45
0.00
0.00
0.00
200.55
0.00
746.26
0.00
0.00
0.00
0.00
0.00
0.00
0.00
0.00
0.00
0.00
0.00
0.00
0.00
0.00
0.00
0.00
0.00
0.00
0.00
0.00
0.00
0.00
0.00
0.00
0.00
0.00
0.00
0.00
0.00
0.00
0.00
0.00
0.00
0.00
0.00
0.00
0.00
0.00
0.00
0.00
0.00
0.00
0.00
0.00
0.00
0.00
0.00
0.00
0.00
0.00
0.00
273.60
0.00
0.00
401.53
0.00
0.00
0.00
607.46
782.71
431.44
0.00
0.00
398.19
0.00
0.00
332.39
0.00
0.00
0.00
0.00
152.29
625.86
0.00
286.91
1054.92
0.00
0.00
662.15
0.00
878.42
0.00
0.00
0.00
476.28
0.00
1147.61
782.89
0.00
556.62
780.35
0.00
0.00
0.00
0.00
0.00
599.84
0.00
0.00
0.00
0.00
0.00
801.56
0.00
1036.69
0.00
0.00
0.00
573.65
0.00
0.00
0.00
0.00
0.00
335.07
0.00
0.00
1257.91
0.00
0.00
369.93
0.00
1136.62
0.00
0.00
0.00
403.60
398.35
616.45
0.00
0.00
0.00
0.00
0.00
0.00
0.00
0.00
0.00
0.00
0.00
0.00
0.00
0.00
0.00
0.00
0.00
0.00
0.00
0.00
0.00
0.00
0.00
0.00
0.00
0.00
0.00
0.00
0.00
0.00
0.00
0.00
0.00
0.00
0.00
0.00
0.00
0.00
0.00
0.00
0.00
0.00
0.00
0.00
0.00
0.00
0.00
0.00
0.00
0.00
0.00
0.00
0.00
587.64
0.00
0.00
0.00
0.00
425.26
0.00
0.00
0.00
0.00
0.00
456.93
703.46
0.00
0.00
0.00
0.00
352.02
0.00
0.00
0.00
0.00
0.00
662.83
0.00
0.00
1396.74
0.00
43.56
701.27
0.00
0.00
0.00
0.00
0.00
504.41
429.79
0.00
0.00
0.00
0.00
826.45
301.76
0.00
0.00
0.00
1029.14
635.28
0.00
0.00
0.00
0.00
0.00
848.92
0.00
36.33
0.00
0.00
1119.68
607.54
0.00
0.00
1340.47
1375.08
0.00
354.86
0.00
0.00
0.00
0.00
1389.39
391.79
0.00
0.00
1168.72
0.00
450.52
427.44
0.00
541.12
222.13
296.56
0.00
0.00
0.00
0.00
0.00
0.00
0.00
0.00
0.00
0.00
0.00
0.00
0.00
0.00
0.00
0.00
0.00
0.00
0.00
0.00
0.00
0.00
0.00
0.00
0.00
0.00
0.00
0.00
0.00
0.00
0.00
0.00
0.00
0.00
0.00
0.00
0.00
0.00
0.00
0.00
0.00
0.00
0.00
0.00
0.00
0.00
0.00
0.00
0.00
0.00
0.00
44.70
0.00
293.31
979.28
392.57
422.13
0.00
0.00
0.00
1028.12
0.00
453.57
0.00
0.00
801.18
0.00
0.00
349.43
0.00
580.11
1038.90
131.62
0.00
657.95
1036.02
0.00
338.32
0.00
0.00
696.11
0.00
0.00
0.00
0.00
46.32
500.70
1096.14
436.84
0.00
0.00
0.00
820.37
947.88
817.72
0.00
0.00
0.00
630.61
0.00
0.00
0.00
529.77
0.00
842.67
0.00
0.00
1035.50
0.00
0.00
603.08
0.00
0.00
0.00
0.00
0.00
352.25
943.38
1147.09
321.22
0.00
0.00
388.91
1280.53
0.00
0.00
0.00
314.14
424.30
0.00
0.00
0.00
0.00
0.00
0.00
0.00
0.00
0.00
0.00
0.00
0.00
0.00
0.00
0.00
0.00
0.00
0.00
0.00
0.00
0.00
0.00
0.00
0.00
0.00
0.00
0.00
0.00
0.00
0.00
0.00
0.00
0.00
0.00
0.00
0.00
0.00
0.00
0.00
0.00
0.00
0.00
0.00
0.00
0.00
0.00
0.00
0.00
0.00
0.00
0.00
0.00
0.00
0.00
0.00
0.00
583.06
872.71
0.00
0.00
185.00
0.00
0.00
0.00
435.32
0.00
198.78
0.00
1324.18
0.00
0.00
0.00
153.14
0.00
0.00
0.00
891.03
0.00
288.35
0.00
0.00
0.00
0.00
197.23
305.07
977.88
0.00
0.00
0.00
0.00
219.43
0.00
0.00
0.00
0.00
0.00
359.53
0.00
0.00
0.00
0.00
1213.68
276.36
0.00
0.00
0.00
0.00
0.00
369.30
0.00
128.95
0.00
0.00
0.00
264.30
0.00
0.00
140.29
135.86
0.00
154.37
0.00
556.44
0.00
0.00
0.00
170.44
630.82
148.59
575.81
0.00
1119.73
185.95
0.00
587.38
0.00
0.00
0.00
0.00
0.00
0.00
0.00
0.00
0.00
0.00
0.00
0.00
0.00
0.00
0.00
0.00
0.00
0.00
0.00
0.00
0.00
0.00
0.00
0.00
0.00
0.00
0.00
0.00
0.00
0.00
0.00
0.00
0.00
0.00
0.00
0.00
0.00
0.00
0.00
0.00
0.00
0.00
0.00
0.00
0.00
0.00
0.00
0.00
0.00
0.00
0.00
0.00
0.00
0.00
1047.07
0.00
0.00
1234.72
480.94
0.00
0.00
0.00
0.00
0.00
516.77
0.00
0.00
1305.66
0.00
0.00
398.12
0.00
0.00
0.00
0.00
0.00
749.63
0.00
0.00
697.00
0.00
0.00
793.10
0.00
0.00
723.25
629.10
864.25
570.47
0.00
0.00
0.00
0.00
0.00
934.67
0.00
0.00
924.16
0.00
0.00
718.47
0.00
1308.47
554.04
0.00
0.00
960.08
0.00
0.00
363.33
81.55
0.00
687.10
467.80
0.00
21.71
0.00
0.00
401.33
0.00
0.00
0.00
0.00
0.00
443.09
0.00
0.00
0.00
0.00
271.81
483.41
438.88
0.00
0.00
0.00
0.00
0.00
0.00
0.00
0.00
0.00
0.00
0.00
0.00
0.00
0.00
0.00
0.00
0.00
0.00
0.00
0.00
0.00
0.00
0.00
0.00
0.00
0.00
0.00
0.00
0.00
0.00
0.00
0.00
0.00
0.00
0.00
0.00
0.00
0.00
0.00
0.00
0.00
0.00
0.00
0.00
0.00
0.00
0.00
0.00
0.00
0.00
0.00
0.00
0.00
0.00
0.00
0.00
0.00
0.00
0.00
558.30
0.00
120.79
440.61
0.00
0.00
599.88
0.00
70.28
0.00
0.00
0.00
462.15
936.78
0.00
0.00
0.00
0.00
870.20
0.00
0.00
668.23
0.00
0.00
920.66
0.00
0.00
0.00
0.00
472.91
662.22
0.00
0.00
0.00
861.23
0.00
1085.01
1305.30
0.00
0.00
0.00
0.00
834.03
0.00
0.00
0.00
145.98
0.00
1114.50
0.00
245.49
0.00
578.70
0.00
797.62
1088.11
0.00
0.00
0.00
0.00
465.88
0.00
0.00
0.00
0.00
499.92
514.36
0.00
0.00
0.00
0.00
1153.29
561.17
0.00
0.00
0.00
0.00
0.00
0.00
0.00
0.00
0.00
0.00
0.00
0.00
0.00
0.00
0.00
0.00
0.00
0.00
0.00
0.00
0.00
0.00
0.00
0.00
0.00
0.00
0.00
0.00
0.00
0.00
0.00
0.00
0.00
0.00
0.00
0.00
0.00
0.00
0.00
0.00
0.00
0.00
0.00
0.00
0.00
0.00
0.00
0.00
0.00
0.00
0.00
0.00
0.00
0.00
0.00
736.83
1191.93
0.00
0.00
0.00
235.35
0.00
233.20
252.46
0.00
1100.35
136.30
0.00
0.00
0.00
184.83
1198.10
429.76
271.83
0.00
1348.22
0.00
1286.35
466.06
224.23
0.00
0.00
0.00
1009.28
280.19
0.00
0.00
0.00
0.00
0.00
584.26
0.00
0.00
1134.96
0.00
0.00
403.75
0.00
0.00
0.00
0.00
0.00
605.47
1028.34
0.00
0.00
0.00
245.88
377.56
0.00
191.65
227.93
776.96
0.00
138.97
0.00
688.28
0.00
0.00
280.09
173.84
0.00
1127.97
0.00
0.00
0.00
207.51
0.00
0.00
1321.09
0.00
0.00
0.00
0.00
0.00
0.00
0.00
0.00
0.00
0.00
0.00
0.00
0.00
0.00
0.00
0.00
0.00
0.00
0.00
0.00
0.00
0.00
0.00
0.00
0.00
0.00
0.00
0.00
0.00
0.00
0.00
0.00
0.00
0.00
0.00
0.00
0.00
0.00
0.00
0.00
0.00
0.00
0.00
0.00
0.00
0.00
0.00
0.00
0.00
0.00
0.00
0.00
0.00
0.00
0.00
0.00
0.00
0.00
820.68
0.00
0.00
1272.78
0.00
249.26
998.82
0.00
0.00
0.00
0.00
144.35
0.00
0.00
0.00
0.00
0.00
455.15
0.00
0.00
0.00
0.00
0.00
493.59
0.00
0.00
103.86
981.50
0.00
296.74
0.00
0.00
0.00
501.76
0.00
618.77
0.00
1022.76
0.00
0.00
0.00
427.60
0.00
0.00
1109.52
0.00
0.00
641.24
840.50
0.00
574.33
0.00
0.00
399.87
0.00
1260.40
0.00
0.00
0.00
147.18
0.00
0.00
0.00
0.00
0.00
184.11
0.00
0.00
0.00
0.00
0.00
219.77
664.58
0.00
0.00
0.00
0.00
0.00
0.00
0.00
0.00
0.00
0.00
0.00
0.00
0.00
0.00
0.00
0.00
0.00
0.00
0.00
0.00
0.00
0.00
0.00
0.00
0.00
0.00
0.00
0.00
0.00
0.00
0.00
0.00
0.00
0.00
0.00
0.00
0.00
0.00
0.00
0.00
0.00
0.00
0.00
0.00
0.00
0.00
0.00
0.00
0.00
0.00
0.00
0.00
0.00
0.00
0.00
0.00
0.00
0.00
0.00
0.00
0.00
0.00
0.00
0.00
0.00
247.42
399.49
0.00
999.63
0.00
1015.61
143.29
0.00
0.00
0.00
0.00
0.00
451.81
1025.92
0.00
0.00
0.00
0.00
489.96
0.00
0.00
0.00
0.00
471.26
294.56
520.21
0.00
0.00
0.00
0.00
614.22
0.00
0.00
0.00
0.00
0.00
424.46
0.00
0.00
994.43
668.33
0.00
636.53
0.00
0.00
214.61
0.00
0.00
396.93
599.56
0.00
0.00
0.00
0.00
146.10
701.37
0.00
0.00
0.00
223.95
182.76
0.00
0.00
0.00
1105.48
0.00
218.15
1175.81
0.00
499.40
0.00
0.00
0.00
0.00
0.00
0.00
0.00
0.00
0.00
0.00
0.00
0.00
0.00
0.00
0.00
0.00
0.00
0.00
0.00
0.00
0.00
0.00
0.00
0.00
0.00
0.00
0.00
0.00
0.00
0.00
0.00
0.00
0.00
0.00
0.00
0.00
0.00
0.00
0.00
0.00
0.00
0.00
0.00
0.00
0.00
0.00
0.00
0.00
0.00
0.00
0.00
0.00
0.00
0.00
0.00
0.00
0.00
0.00
0.00
0.00
0.00
0.00
0.00
108.43
0.00
0.00
0.00
0.00
0.00
62.80
0.00
209.41
0.00
0.00
0.00
198.01
0.00
0.00
0.00
0.00
0.00
214.73
0.00
633.24
0.00
0.00
0.00
129.09
173.75
0.00
0.00
0.00
0.00
269.18
0.00
0.00
0.00
0.00
0.00
186.02
1211.89
0.00
0.00
0.00
1117.00
278.96
0.00
296.26
0.00
0.00
0.00
173.95
798.58
0.00
280.70
0.00
0.00
64.03
1079.29
286.79
0.00
0.00
0.00
80.09
0.00
415.05
139.11
407.08
0.00
95.60
0.00
124.86
0.00
0.00
0.00
0.00
0.00
0.00
0.00
0.00
0.00
0.00
0.00
0.00
0.00
0.00
0.00
0.00
0.00
0.00
0.00
0.00
0.00
0.00
0.00
0.00
0.00
0.00
0.00
0.00
0.00
0.00
0.00
0.00
0.00
0.00
0.00
0.00
0.00
0.00
0.00
0.00
0.00
0.00
0.00
0.00
0.00
0.00
0.00
0.00
0.00
0.00
0.00
0.00
0.00
0.00
0.00
0.00
0.00
0.00
0.00
1257.31
0.00
0.00
1375.32
74.56
281.90
0.00
0.00
498.77
0.00
0.00
163.25
0.00
0.00
0.00
0.00
362.34
514.76
407.01
0.00
0.00
0.00
1236.61
558.23
0.00
0.00
0.00
0.00
433.99
335.60
0.00
0.00
623.82
0.00
989.76
699.80
0.00
0.00
0.00
0.00
0.00
483.60
1237.50
0.00
0.00
0.00
0.00
725.21
1006.58
0.00
0.00
199.09
0.00
452.23
0.00
226.91
0.00
0.00
0.00
166.46
0.00
0.00
0.00
1123.18
0.00
208.22
0.00
0.00
0.00
0.00
0.00
248.54
0.00
0.00
0.00
0.00
0.00
0.00
0.00
0.00
0.00
0.00
0.00
0.00
0.00
0.00
0.00
0.00
0.00
0.00
0.00
0.00
0.00
0.00
0.00
0.00
0.00
0.00
0.00
0.00
0.00
0.00
0.00
0.00
0.00
0.00
0.00
0.00
0.00
0.00
0.00
0.00
0.00
0.00
0.00
0.00
0.00
0.00
0.00
0.00
0.00
0.00
0.00
0.00
0.00
0.00
0.00
0.00
0.00
0.00
0.00
0.00
0.00
0.00
0.00
251.24
0.00
0.00
327.24
0.00
700.08
0.00
0.00
0.00
189.51
0.00
892.25
0.00
0.00
0.00
597.55
1063.08
0.00
657.00
289.24
0.00
648.02
0.00
1210.98
1038.68
0.00
679.50
389.57
795.15
90.34
781.50
0.00
0.00
812.36
0.00
0.00
0.00
0.00
0.00
561.38
0.00
0.00
998.87
0.00
0.00
841.85
549.68
0.00
242.52
0.00
0.00
524.97
0.00
0.00
0.00
0.00
0.00
193.23
0.00
0.00
0.00
556.66
0.00
241.71
81.69
0.00
0.00
0.00
252.68
288.52
0.00
0.00
0.00
0.00
0.00
0.00
0.00
0.00
0.00
0.00
0.00
0.00
0.00
0.00
0.00
0.00
0.00
0.00
0.00
0.00
0.00
0.00
0.00
0.00
0.00
0.00
0.00
0.00
0.00
0.00
0.00
0.00
0.00
0.00
0.00
0.00
0.00
0.00
0.00
0.00
0.00
0.00
0.00
0.00
0.00
0.00
0.00
0.00
0.00
0.00
0.00
0.00
0.00
0.00
0.00
0.00
0.00
0.00
0.00
0.00
0.00
0.00
855.76
0.00
0.00
0.00
166.20
467.22
0.00
0.00
38.73
0.00
459.67
0.00
0.00
0.00
0.00
0.00
495.97
0.00
0.00
0.00
0.00
133.12
310.10
0.00
0.00
0.00
0.00
0.00
614.17
0.00
0.00
0.00
0.00
0.00
433.66
0.00
0.00
0.00
530.05
0.00
635.38
0.00
0.00
0.00
0.00
0.00
407.47
0.00
0.00
695.59
0.00
0.00
168.88
989.30
0.00
0.00
0.00
0.00
203.75
0.00
0.00
206.91
968.52
0.00
237.42
0.00
0.00
0.00
0.00
339.07
0.00
0.00
0.00
0.00
0.00
0.00
0.00
0.00
0.00
0.00
0.00
0.00
0.00
0.00
0.00
0.00
0.00
0.00
0.00
0.00
0.00
0.00
0.00
0.00
0.00
0.00
0.00
0.00
0.00
0.00
0.00
0.00
0.00
0.00
0.00
0.00
0.00
0.00
0.00
0.00
0.00
0.00
0.00
0.00
0.00
0.00
0.00
0.00
0.00
0.00
0.00
0.00
0.00
0.00
0.00
0.00
0.00
0.00
0.00
0.00
0.00
0.00
0.00
390.31
0.00
0.00
0.00
176.02
0.00
0.00
0.00
0.00
1142.47
486.83
0.00
0.00
0.00
146.51
0.00
525.27
0.00
0.00
0.00
0.00
0.00
328.42
0.00
0.00
0.00
0.00
140.30
650.45
0.00
0.00
0.00
0.00
0.00
459.28
0.00
416.03
0.00
836.50
0.00
672.92
0.00
0.00
0.00
0.00
0.00
431.54
0.00
676.48
0.00
0.00
851.87
178.86
0.00
0.00
0.00
0.00
0.00
215.79
560.78
0.00
0.00
0.00
0.00
251.44
0.00
710.54
1164.27
0.00
0.00
0.00
0.00
0.00
0.00
0.00
0.00
0.00
0.00
0.00
0.00
0.00
0.00
0.00
0.00
0.00
0.00
0.00
0.00
0.00
0.00
0.00
0.00
0.00
0.00
0.00
0.00
0.00
0.00
0.00
0.00
0.00
0.00
0.00
0.00
0.00
0.00
0.00
0.00
0.00
0.00
0.00
0.00
0.00
0.00
0.00
0.00
0.00
0.00
0.00
0.00
0.00
0.00
0.00
0.00
0.00
0.00
0.00
0.00
0.00
0.00
0.00
0.00
0.00
0.00
0.00
0.00
371.03
174.73
518.97
0.00
973.62
0.00
0.00
483.25
0.00
1316.91
0.00
0.00
0.00
521.41
82.82
0.00
0.00
0.00
0.00
326.00
0.00
0.00
0.00
0.00
173.42
645.67
0.00
0.00
0.00
0.00
457.26
455.90
0.00
0.00
0.00
0.00
0.00
667.97
0.00
537.75
0.00
0.00
0.00
428.37
0.00
76.39
1148.24
0.00
139.37
177.54
0.00
0.00
0.00
0.00
0.00
214.20
0.00
0.00
0.00
0.00
0.00
249.59
0.00
0.00
1105.18
0.00
0.00
0.00
0.00
0.00
0.00
0.00
0.00
0.00
0.00
0.00
0.00
0.00
0.00
0.00
0.00
0.00
0.00
0.00
0.00
0.00
0.00
0.00
0.00
0.00
0.00
0.00
0.00
0.00
0.00
0.00
0.00
0.00
0.00
0.00
0.00
0.00
0.00
0.00
0.00
0.00
0.00
0.00
0.00
0.00
0.00
0.00
0.00
0.00
0.00
0.00
0.00
0.00
0.00
0.00
0.00
0.00
0.00
0.00
0.00
0.00
0.00
0.00
0.00
0.00
0.00
0.00
0.00
105.60
76.58
690.53
0.00
951.50
0.00
0.00
211.79
0.00
0.00
955.03
0.00
0.00
228.51
0.00
0.00
109.53
0.00
0.00
142.87
0.00
353.26
0.00
1342.85
0.00
282.96
0.00
0.00
0.00
0.00
0.00
199.80
276.70
0.00
0.00
0.00
0.00
292.74
0.00
0.00
0.00
0.00
0.00
187.73
0.00
0.00
670.21
0.00
1147.94
77.81
0.00
379.11
176.93
995.11
0.00
93.87
0.00
0.00
0.00
0.00
0.00
109.38
369.98
0.00
0.00
0.00
0.00
0.00
0.00
0.00
0.00
0.00
0.00
0.00
0.00
0.00
0.00
0.00
0.00
0.00
0.00
0.00
0.00
0.00
0.00
0.00
0.00
0.00
0.00
0.00
0.00
0.00
0.00
0.00
0.00
0.00
0.00
0.00
0.00
0.00
0.00
0.00
0.00
0.00
0.00
0.00
0.00
0.00
0.00
0.00
0.00
0.00
0.00
0.00
0.00
0.00
0.00
0.00
0.00
0.00
0.00
0.00
0.00
0.00
0.00
0.00
0.00
0.00
0.00
0.00
803.93
0.00
509.67
0.00
199.07
1010.42
0.00
1213.93
0.00
0.00
550.58
0.00
0.00
0.00
182.91
0.00
594.05
0.00
0.00
0.00
0.00
0.00
371.42
1082.73
0.00
0.00
0.00
0.00
735.63
0.00
1357.47
0.00
458.44
0.00
519.42
0.00
0.00
0.00
217.87
1165.99
761.03
0.00
0.00
0.00
0.00
0.00
488.05
0.00
0.00
0.00
0.00
0.00
202.28
584.96
0.00
895.28
0.00
0.00
244.05
0.00
0.00
0.00
0.00
0.00
284.37
0.00
0.00
0.00
0.00
0.00
0.00
0.00
0.00
0.00
0.00
0.00
0.00
0.00
0.00
0.00
0.00
0.00
0.00
0.00
0.00
0.00
0.00
0.00
0.00
0.00
0.00
0.00
0.00
0.00
0.00
0.00
0.00
0.00
0.00
0.00
0.00
0.00
0.00
0.00
0.00
0.00
0.00
0.00
0.00
0.00
0.00
0.00
0.00
0.00
0.00
0.00
0.00
0.00
0.00
0.00
0.00
0.00
0.00
0.00
0.00
0.00
0.00
0.00
0.00
0.00
0.00
0.00
609.36
0.00
875.32
297.42
0.00
231.09
0.00
0.00
0.00
0.00
97.78
639.14
132.89
0.00
0.00
1092.36
0.00
689.60
258.14
0.00
0.00
0.00
0.00
431.16
0.00
0.00
0.00
0.00
0.00
853.94
760.26
0.00
0.00
0.00
0.00
602.97
206.27
0.00
535.18
635.97
0.00
883.44
0.00
0.00
0.00
0.00
0.00
566.55
0.00
0.00
0.00
0.00
0.00
234.82
682.34
0.00
0.00
0.00
0.00
283.30
0.00
0.00
0.00
0.00
600.63
330.10
0.00
0.00
0.00
0.00
0.00
0.00
0.00
0.00
0.00
0.00
0.00
0.00
0.00
0.00
0.00
0.00
0.00
0.00
0.00
0.00
0.00
0.00
0.00
0.00
0.00
0.00
0.00
0.00
0.00
0.00
0.00
0.00
0.00
0.00
0.00
0.00
0.00
0.00
0.00
0.00
0.00
0.00
0.00
0.00
0.00
0.00
0.00
0.00
0.00
0.00
0.00
0.00
0.00
0.00
0.00
0.00
0.00
0.00
0.00
0.00
0.00
0.00
0.00
0.00
0.00
0.00
0.00
0.00
0.00
1399.93
0.00
233.41
360.62
0.00
1180.08
0.00
0.00
981.06
396.91
0.00
0.00
120.85
0.00
711.43
211.04
0.00
0.00
0.00
0.00
0.00
515.11
0.00
0.00
0.00
1075.71
100.34
334.60
350.93
0.00
165.26
0.00
0.00
536.32
1053.06
0.00
0.00
0.00
0.00
308.42
0.00
0.00
0.00
0.00
0.00
69.83
0.00
0.00
0.00
0.00
0.00
104.70
0.00
0.00
0.00
0.00
0.00
138.36
0.00
810.96
0.00
834.28
647.15
0.00
0.00
0.00
0.00
0.00
0.00
0.00
0.00
0.00
0.00
0.00
0.00
0.00
0.00
0.00
0.00
0.00
0.00
0.00
0.00
0.00
0.00
0.00
0.00
0.00
0.00
0.00
0.00
0.00
0.00
0.00
0.00
0.00
0.00
0.00
0.00
0.00
0.00
0.00
0.00
0.00
0.00
0.00
0.00
0.00
0.00
0.00
0.00
0.00
0.00
0.00
0.00
0.00
0.00
0.00
0.00
0.00
0.00
0.00
0.00
0.00
0.00
0.00
0.00
0.00
0.00
0.00
0.00
0.00
0.00
0.00
0.00
0.00
381.92
0.00
223.19
0.00
164.11
0.00
420.36
1145.77
0.00
1272.14
0.00
0.00
223.51
0.00
914.53
1129.59
1319.68
0.00
545.54
0.00
0.00
0.00
0.00
0.00
354.37
0.00
417.91
181.66
0.00
0.00
568.01
0.00
1245.63
0.00
0.00
0.00
326.64
0.00
0.00
0.00
0.00
0.00
73.95
520.33
1144.05
600.38
0.00
0.00
110.88
0.00
0.00
520.40
0.00
0.00
146.53
1346.21
0.00
0.00
0.00
0.00
0.00
0.00
0.00
0.00
0.00
0.00
0.00
0.00
0.00
0.00
0.00
0.00
0.00
0.00
0.00
0.00
0.00
0.00
0.00
0.00
0.00
0.00
0.00
0.00
0.00
0.00
0.00
0.00
0.00
0.00
0.00
0.00
0.00
0.00
0.00
0.00
0.00
0.00
0.00
0.00
0.00
0.00
0.00
0.00
0.00
0.00
0.00
0.00
0.00
0.00
0.00
0.00
0.00
0.00
0.00
0.00
0.00
0.00
0.00
0.00
0.00
0.00
0.00
0.00
0.00
0.00
0.00
0.00
0.00
0.00
0.00
0.00
0.00
379.11
0.00
0.00
0.00
920.96
0.00
417.27
0.00
0.00
0.00
0.00
0.00
221.86
0.00
449.20
0.00
30.16
0.00
541.53
0.00
0.00
0.00
0.00
0.00
351.77
0.00
1128.22
0.00
0.00
1358.33
563.83
1215.85
0.00
0.00
0.00
0.00
324.23
628.61
0.00
0.00
0.00
0.00
73.41
0.00
0.00
0.00
1222.15
0.00
110.07
0.00
0.00
0.00
0.00
577.16
145.46
763.59
0.00
0.00
0.00
0.00
0.00
0.00
0.00
0.00
0.00
0.00
0.00
0.00
0.00
0.00
0.00
0.00
0.00
0.00
0.00
0.00
0.00
0.00
0.00
0.00
0.00
0.00
0.00
0.00
0.00
0.00
0.00
0.00
0.00
0.00
0.00
0.00
0.00
0.00
0.00
0.00
0.00
0.00
0.00
0.00
0.00
0.00
0.00
0.00
0.00
0.00
0.00
0.00
0.00
0.00
0.00
0.00
0.00
0.00
0.00
0.00
0.00
0.00
0.00
0.00
0.00
0.00
0.00
0.00
0.00
0.00
0.00
0.00
379.89
0.00
0.00
0.00
1298.68
166.15
0.00
0.00
0.00
0.00
0.00
182.87
0.00
0.00
776.19
576.22
0.00
97.23
0.00
0.00
0.00
0.00
0.00
237.33
577.35
0.00
0.00
983.42
0.00
154.16
0.00
0.00
0.00
0.00
0.00
247.10
0.00
0.00
0.00
0.00
1245.75
142.10
0.00
113.99
0.00
0.00
0.00
32.17
0.00
0.00
1232.48
0.00
0.00
48.24
0.00
0.00
0.00
783.76
0.00
63.75
0.00
0.00
0.00
0.00
0.00
0.00
0.00
0.00
0.00
0.00
0.00
0.00
0.00
0.00
0.00
0.00
0.00
0.00
0.00
0.00
0.00
0.00
0.00
0.00
0.00
0.00
0.00
0.00
0.00
0.00
0.00
0.00
0.00
0.00
0.00
0.00
0.00
0.00
0.00
0.00
0.00
0.00
0.00
0.00
0.00
0.00
0.00
0.00
0.00
0.00
0.00
0.00
0.00
0.00
0.00
0.00
0.00
0.00
0.00
0.00
0.00
0.00
0.00
0.00
0.00
0.00
0.00
0.00
0.00
0.00
0.00
0.00
0.00
441.28
0.00
750.13
1039.41
0.00
431.93
0.00
246.34
1103.89
0.00
0.00
475.41
0.00
0.00
498.40
0.00
0.00
252.78
0.00
729.07
0.00
0.00
546.96
616.98
336.84
0.00
0.00
1363.22
46.27
400.78
107.98
1056.96
0.00
0.00
0.00
642.39
0.00
0.00
0.00
0.00
0.00
369.41
0.00
0.00
1296.84
74.27
664.23
83.64
0.00
0.00
631.88
0.00
0.00
125.40
0.00
0.00
0.00
0.00
108.90
165.72
0.00
0.00
0.00
0.00
0.00
0.00
0.00
0.00
0.00
0.00
0.00
0.00
0.00
0.00
0.00
0.00
0.00
0.00
0.00
0.00
0.00
0.00
0.00
0.00
0.00
0.00
0.00
0.00
0.00
0.00
0.00
0.00
0.00
0.00
0.00
0.00
0.00
0.00
0.00
0.00
0.00
0.00
0.00
0.00
0.00
0.00
0.00
0.00
0.00
0.00
0.00
0.00
0.00
0.00
0.00
0.00
0.00
0.00
0.00
0.00
0.00
0.00
0.00
0.00
0.00
0.00
0.00
0.00
0.00
0.00
0.00
0.00
0.00
0.00
0.00
0.00
319.40
752.83
501.41
0.00
0.00
232.94
0.00
0.00
551.87
0.00
0.00
0.00
0.00
0.00
293.43
0.00
1300.02
0.00
504.25
0.00
716.22
0.00
0.00
0.00
0.00
0.00
465.24
0.00
0.00
0.00
0.00
221.76
745.71
167.73
0.00
436.46
373.65
0.00
428.83
0.00
0.00
0.00
0.00
1077.57
97.09
533.46
0.00
959.72
0.00
1390.52
145.57
0.00
0.00
0.00
0.00
225.68
192.38
0.00
0.00
0.00
0.00
0.00
0.00
0.00
0.00
0.00
0.00
0.00
0.00
0.00
0.00
0.00
0.00
0.00
0.00
0.00
0.00
0.00
0.00
0.00
0.00
0.00
0.00
0.00
0.00
0.00
0.00
0.00
0.00
0.00
0.00
0.00
0.00
0.00
0.00
0.00
0.00
0.00
0.00
0.00
0.00
0.00
0.00
0.00
0.00
0.00
0.00
0.00
0.00
0.00
0.00
0.00
0.00
0.00
0.00
0.00
0.00
0.00
0.00
0.00
0.00
0.00
0.00
0.00
0.00
0.00
0.00
0.00
0.00
0.00
0.00
0.00
0.00
80.00
0.00
690.38
0.00
0.00
1347.78
319.90
0.00
504.51
0.00
0.00
0.00
0.00
0.00
808.58
0.00
397.04
0.00
1098.26
0.00
628.07
31.89
0.00
0.00
0.00
0.00
829.79
743.02
1162.37
0.00
0.00
0.00
601.89
0.00
0.00
0.00
0.00
0.00
363.30
0.00
1307.72
0.00
0.00
1066.31
398.16
0.00
279.77
763.49
0.00
231.16
431.83
0.00
0.00
0.00
0.00
0.00
0.00
0.00
0.00
0.00
0.00
0.00
0.00
0.00
0.00
0.00
0.00
0.00
0.00
0.00
0.00
0.00
0.00
0.00
0.00
0.00
0.00
0.00
0.00
0.00
0.00
0.00
0.00
0.00
0.00
0.00
0.00
0.00
0.00
0.00
0.00
0.00
0.00
0.00
0.00
0.00
0.00
0.00
0.00
0.00
0.00
0.00
0.00
0.00
0.00
0.00
0.00
0.00
0.00
0.00
0.00
0.00
0.00
0.00
0.00
0.00
0.00
0.00
0.00
0.00
0.00
0.00
0.00
0.00
0.00
0.00
0.00
0.00
0.00
0.00
0.00
0.00
205.62
0.00
0.00
731.17
0.00
0.00
0.00
0.00
1023.90
534.31
0.00
0.00
612.99
1141.53
1332.66
856.35
0.00
1133.61
0.00
174.79
0.00
665.18
0.00
301.94
800.31
0.00
0.00
878.82
0.00
0.00
470.08
0.00
0.00
637.44
1180.77
0.00
0.00
0.00
0.00
384.76
208.19
0.00
1288.19
0.00
0.00
421.69
1284.96
0.00
0.00
0.00
0.00
457.34
0.00
136.28
0.00
104.90
0.00
0.00
0.00
0.00
0.00
0.00
0.00
0.00
0.00
0.00
0.00
0.00
0.00
0.00
0.00
0.00
0.00
0.00
0.00
0.00
0.00
0.00
0.00
0.00
0.00
0.00
0.00
0.00
0.00
0.00
0.00
0.00
0.00
0.00
0.00
0.00
0.00
0.00
0.00
0.00
0.00
0.00
0.00
0.00
0.00
0.00
0.00
0.00
0.00
0.00
0.00
0.00
0.00
0.00
0.00
0.00
0.00
0.00
0.00
0.00
0.00
0.00
0.00
0.00
0.00
0.00
0.00
0.00
0.00
0.00
0.00
0.00
0.00
0.00
0.00
0.00
0.00
0.00
0.00
1233.26
725.79
0.00
0.00
0.00
241.41
0.00
530.38
0.00
0.00
0.00
397.08
0.00
850.05
0.00
0.00
0.00
0.00
0.00
660.29
0.00
0.00
1215.96
0.00
0.00
872.35
0.00
0.00
0.00
0.00
174.67
632.75
0.00
456.88
1270.44
0.00
0.00
381.93
0.00
0.00
0.00
0.00
679.02
418.59
0.00
0.00
0.00
0.00
0.00
453.98
0.00
0.00
452.08
0.00
0.00
0.00
0.00
0.00
0.00
0.00
0.00
0.00
0.00
0.00
0.00
0.00
0.00
0.00
0.00
0.00
0.00
0.00
0.00
0.00
0.00
0.00
0.00
0.00
0.00
0.00
0.00
0.00
0.00
0.00
0.00
0.00
0.00
0.00
0.00
0.00
0.00
0.00
0.00
0.00
0.00
0.00
0.00
0.00
0.00
0.00
0.00
0.00
0.00
0.00
0.00
0.00
0.00
0.00
0.00
0.00
0.00
0.00
0.00
0.00
0.00
0.00
0.00
0.00
0.00
0.00
0.00
0.00
0.00
0.00
0.00
0.00
0.00
0.00
0.00
0.00
0.00
0.00
0.00
595.19
318.08
0.00
0.00
1053.36
0.00
0.00
232.44
0.00
320.53
0.00
605.08
890.63
372.54
0.00
1278.75
1183.65
56.30
242.23
289.37
1031.68
0.00
0.00
0.00
0.00
382.31
659.26
0.00
0.00
0.00
0.00
277.31
0.00
0.00
0.00
0.00
0.00
167.38
27.54
0.00
1330.24
0.00
886.60
183.45
0.00
0.00
0.00
0.00
0.00
198.96
0.00
0.00
0.00
0.00
0.00
0.00
0.00
0.00
0.00
0.00
0.00
0.00
0.00
0.00
0.00
0.00
0.00
0.00
0.00
0.00
0.00
0.00
0.00
0.00
0.00
0.00
0.00
0.00
0.00
0.00
0.00
0.00
0.00
0.00
0.00
0.00
0.00
0.00
0.00
0.00
0.00
0.00
0.00
0.00
0.00
0.00
0.00
0.00
0.00
0.00
0.00
0.00
0.00
0.00
0.00
0.00
0.00
0.00
0.00
0.00
0.00
0.00
0.00
0.00
0.00
0.00
0.00
0.00
0.00
0.00
0.00
0.00
0.00
0.00
0.00
0.00
0.00
0.00
0.00
0.00
0.00
0.00
0.00
0.00
826.91
0.00
0.00
310.99
0.00
0.00
604.28
0.00
0.00
579.91
0.00
0.00
968.49
0.00
1287.02
0.00
0.00
0.00
752.28
0.00
0.00
0.00
0.00
0.00
993.89
0.00
0.00
0.00
991.66
0.00
720.92
0.00
0.00
0.00
0.00
0.00
435.14
0.00
0.00
0.00
0.00
879.41
476.91
0.00
0.00
0.00
0.00
0.00
517.23
0.00
0.00
0.00
0.00
0.00
0.00
0.00
0.00
0.00
0.00
0.00
0.00
0.00
0.00
0.00
0.00
0.00
0.00
0.00
0.00
0.00
0.00
0.00
0.00
0.00
0.00
0.00
0.00
0.00
0.00
0.00
0.00
0.00
0.00
0.00
0.00
0.00
0.00
0.00
0.00
0.00
0.00
0.00
0.00
0.00
0.00
0.00
0.00
0.00
0.00
0.00
0.00
0.00
0.00
0.00
0.00
0.00
0.00
0.00
0.00
0.00
0.00
0.00
0.00
0.00
0.00
0.00
0.00
0.00
0.00
0.00
0.00
0.00
0.00
0.00
0.00
0.00
0.00
0.00
0.00
0.00
0.00
0.00
0.00
959.92
0.00
429.98
563.19
824.82
0.00
701.47
0.00
1119.83
1077.05
0.00
0.00
1124.26
1367.70
0.00
0.00
1106.37
0.00
873.28
0.00
0.00
1119.28
0.00
0.00
1153.75
0.00
0.00
0.00
0.00
563.38
836.87
0.00
0.00
0.00
0.00
0.00
505.13
0.00
0.00
0.00
0.00
0.00
553.61
0.00
0.00
0.00
0.00
0.00
600.42
0.00
0.00
0.00
0.00
0.00
0.00
0.00
0.00
0.00
0.00
0.00
0.00
0.00
0.00
0.00
0.00
0.00
0.00
0.00
0.00
0.00
0.00
0.00
0.00
0.00
0.00
0.00
0.00
0.00
0.00
0.00
0.00
0.00
0.00
0.00
0.00
0.00
0.00
0.00
0.00
0.00
0.00
0.00
0.00
0.00
0.00
0.00
0.00
0.00
0.00
0.00
0.00
0.00
0.00
0.00
0.00
0.00
0.00
0.00
0.00
0.00
0.00
0.00
0.00
0.00
0.00
0.00
0.00
0.00
0.00
0.00
0.00
0.00
0.00
0.00
0.00
0.00
0.00
0.00
0.00
0.00
0.00
0.00
531.54
540.80
0.00
0.00
537.33
0.00
0.00
844.88
0.00
0.00
1260.34
0.00
0.00
664.37
0.00
0.00
1289.85
1080.63
780.32
866.09
0.00
0.00
47.12
0.00
0.00
638.18
0.00
0.00
0.00
439.61
0.00
399.59
0.00
1087.32
1354.72
0.00
488.78
434.46
0.00
187.34
1290.13
418.41
0.00
468.12
0.00
0.00
0.00
0.00
0.00
0.00
0.00
0.00
0.00
0.00
0.00
0.00
0.00
0.00
0.00
0.00
0.00
0.00
0.00
0.00
0.00
0.00
0.00
0.00
0.00
0.00
0.00
0.00
0.00
0.00
0.00
0.00
0.00
0.00
0.00
0.00
0.00
0.00
0.00
0.00
0.00
0.00
0.00
0.00
0.00
0.00
0.00
0.00
0.00
0.00
0.00
0.00
0.00
0.00
0.00
0.00
0.00
0.00
0.00
0.00
0.00
0.00
0.00
0.00
0.00
0.00
0.00
0.00
0.00
0.00
0.00
0.00
0.00
0.00
0.00
0.00
0.00
0.00
0.00
0.00
0.00
0.00
0.00
0.00
0.00
0.00
0.00
0.00
599.13
797.42
572.75
0.00
0.00
0.00
0.00
0.00
894.79
871.43
484.33
0.00
0.00
0.00
703.62
0.00
786.79
0.00
0.00
0.00
917.26
1081.97
0.00
0.00
701.48
0.00
675.88
1226.96
0.00
1132.52
0.00
849.55
423.20
0.00
0.00
31.77
0.00
217.51
460.13
0.00
0.00
27.71
0.00
0.00
495.78
0.00
373.93
189.36
0.00
0.00
0.00
0.00
0.00
0.00
0.00
0.00
0.00
0.00
0.00
0.00
0.00
0.00
0.00
0.00
0.00
0.00
0.00
0.00
0.00
0.00
0.00
0.00
0.00
0.00
0.00
0.00
0.00
0.00
0.00
0.00
0.00
0.00
0.00
0.00
0.00
0.00
0.00
0.00
0.00
0.00
0.00
0.00
0.00
0.00
0.00
0.00
0.00
0.00
0.00
0.00
0.00
0.00
0.00
0.00
0.00
0.00
0.00
0.00
0.00
0.00
0.00
0.00
0.00
0.00
0.00
0.00
0.00
0.00
0.00
0.00
0.00
0.00
0.00
0.00
0.00
0.00
0.00
0.00
0.00
0.00
0.00
0.00
456.79
1118.84
0.00
568.54
825.79
995.62
78.59
0.00
0.00
888.21
0.00
187.45
311.85
0.00
0.00
698.44
0.00
884.86
0.00
888.74
0.00
910.51
715.88
0.00
0.00
0.00
0.00
670.91
0.00
0.00
0.00
0.00
0.00
420.09
0.00
0.00
106.04
0.00
0.00
456.74
0.00
0.00
0.00
0.00
0.00
492.13
0.00
98.55
0.00
0.00
0.00
0.00
0.00
0.00
0.00
0.00
0.00
0.00
0.00
0.00
0.00
0.00
0.00
0.00
0.00
0.00
0.00
0.00
0.00
0.00
0.00
0.00
0.00
0.00
0.00
0.00
0.00
0.00
0.00
0.00
0.00
0.00
0.00
0.00
0.00
0.00
0.00
0.00
0.00
0.00
0.00
0.00
0.00
0.00
0.00
0.00
0.00
0.00
0.00
0.00
0.00
0.00
0.00
0.00
0.00
0.00
0.00
0.00
0.00
0.00
0.00
0.00
0.00
0.00
0.00
0.00
0.00
0.00
0.00
0.00
0.00
0.00
0.00
0.00
0.00
0.00
0.00
0.00
0.00
0.00
0.00
0.00
0.00
0.00
419.81
0.00
249.16
0.00
0.00
0.00
0.00
0.00
389.26
0.00
0.00
0.00
0.00
0.00
306.09
1097.33
0.00
0.00
1339.82
537.26
399.03
0.00
1069.72
1266.41
478.21
0.00
294.03
0.00
165.79
0.00
0.00
0.00
184.10
0.00
0.00
442.57
0.00
0.00
200.17
0.00
728.74
682.78
0.00
0.00
215.68
0.00
0.00
0.00
0.00
0.00
0.00
0.00
0.00
0.00
0.00
0.00
0.00
0.00
0.00
0.00
0.00
0.00
0.00
0.00
0.00
0.00
0.00
0.00
0.00
0.00
0.00
0.00
0.00
0.00
0.00
0.00
0.00
0.00
0.00
0.00
0.00
0.00
0.00
0.00
0.00
0.00
0.00
0.00
0.00
0.00
0.00
0.00
0.00
0.00
0.00
0.00
0.00
0.00
0.00
0.00
0.00
0.00
0.00
0.00
0.00
0.00
0.00
0.00
0.00
0.00
0.00
0.00
0.00
0.00
0.00
0.00
0.00
0.00
0.00
0.00
0.00
0.00
0.00
0.00
0.00
0.00
0.00
0.00
0.00
0.00
0.00
0.00
895.14
0.00
0.00
647.75
963.79
0.00
0.00
0.00
0.00
1011.96
0.00
0.00
0.00
0.00
0.00
795.76
1117.42
0.00
0.00
0.00
0.00
1037.37
0.00
0.00
0.00
0.00
0.00
764.39
0.00
0.00
984.03
0.00
0.00
478.62
0.00
0.00
0.00
755.07
0.00
520.38
0.00
0.00
0.00
0.00
0.00
560.70
0.00
0.00
0.00
0.00
0.00
0.00
0.00
0.00
0.00
0.00
0.00
0.00
0.00
0.00
0.00
0.00
0.00
0.00
0.00
0.00
0.00
0.00
0.00
0.00
0.00
0.00
0.00
0.00
0.00
0.00
0.00
0.00
0.00
0.00
0.00
0.00
0.00
0.00
0.00
0.00
0.00
0.00
0.00
0.00
0.00
0.00
0.00
0.00
0.00
0.00
0.00
0.00
0.00
0.00
0.00
0.00
0.00
0.00
0.00
0.00
0.00
0.00
0.00
0.00
0.00
0.00
0.00
0.00
0.00
0.00
0.00
0.00
0.00
0.00
0.00
0.00
0.00
0.00
0.00
0.00
0.00
0.00
0.00
0.00
0.00
0.00
0.00
371.81
1129.84
0.00
751.94
0.00
0.00
972.79
0.00
496.86
1174.73
0.00
0.00
0.00
0.00
0.00
923.75
450.73
0.00
0.00
0.00
0.00
1204.22
0.00
1310.27
0.00
0.00
0.00
887.33
0.00
344.22
0.00
0.00
0.00
555.60
0.00
0.00
684.38
1363.53
791.63
604.08
422.10
0.00
0.00
0.00
0.00
650.89
0.00
0.00
0.00
0.00
0.00
0.00
0.00
0.00
0.00
0.00
0.00
0.00
0.00
0.00
0.00
0.00
0.00
0.00
0.00
0.00
0.00
0.00
0.00
0.00
0.00
0.00
0.00
0.00
0.00
0.00
0.00
0.00
0.00
0.00
0.00
0.00
0.00
0.00
0.00
0.00
0.00
0.00
0.00
0.00
0.00
0.00
0.00
0.00
0.00
0.00
0.00
0.00
0.00
0.00
0.00
0.00
0.00
0.00
0.00
0.00
0.00
0.00
0.00
0.00
0.00
0.00
0.00
0.00
0.00
0.00
0.00
0.00
0.00
0.00
0.00
0.00
0.00
0.00
0.00
0.00
0.00
0.00
0.00
0.00
0.00
0.00
0.00
0.00
907.00
0.00
659.00
0.00
0.00
0.00
1242.10
0.00
478.50
0.00
1248.43
0.00
1281.34
573.45
680.22
372.30
0.00
0.00
0.00
0.00
452.31
0.00
0.00
0.00
0.00
0.00
213.72
0.00
525.20
0.00
429.87
0.00
248.59
0.00
0.00
0.00
0.00
801.77
282.25
0.00
0.00
0.00
0.00
0.00
0.00
0.00
0.00
0.00
0.00
0.00
0.00
0.00
0.00
0.00
0.00
0.00
0.00
0.00
0.00
0.00
0.00
0.00
0.00
0.00
0.00
0.00
0.00
0.00
0.00
0.00
0.00
0.00
0.00
0.00
0.00
0.00
0.00
0.00
0.00
0.00
0.00
0.00
0.00
0.00
0.00
0.00
0.00
0.00
0.00
0.00
0.00
0.00
0.00
0.00
0.00
0.00
0.00
0.00
0.00
0.00
0.00
0.00
0.00
0.00
0.00
0.00
0.00
0.00
0.00
0.00
0.00
0.00
0.00
0.00
0.00
0.00
0.00
0.00
0.00
0.00
0.00
0.00
0.00
0.00
0.00
0.00
0.00
0.00
0.00
0.00
147.66
0.00
0.00
0.00
0.00
697.93
578.07
0.00
325.38
0.00
0.00
506.76
0.00
0.00
0.00
0.00
0.00
720.40
0.00
0.00
0.00
270.42
0.00
479.03
553.67
0.00
915.71
1331.57
0.00
226.34
789.84
1099.27
0.00
0.00
0.00
263.27
0.00
0.00
662.79
1360.69
0.00
298.92
0.00
0.00
0.00
1045.42
0.00
0.00
0.00
0.00
0.00
0.00
0.00
0.00
0.00
0.00
0.00
0.00
0.00
0.00
0.00
0.00
0.00
0.00
0.00
0.00
0.00
0.00
0.00
0.00
0.00
0.00
0.00
0.00
0.00
0.00
0.00
0.00
0.00
0.00
0.00
0.00
0.00
0.00
0.00
0.00
0.00
0.00
0.00
0.00
0.00
0.00
0.00
0.00
0.00
0.00
0.00
0.00
0.00
0.00
0.00
0.00
0.00
0.00
0.00
0.00
0.00
0.00
0.00
0.00
0.00
0.00
0.00
0.00
0.00
0.00
0.00
0.00
0.00
0.00
0.00
0.00
0.00
0.00
0.00
0.00
0.00
0.00
0.00
0.00
0.00
0.00
0.00
0.00
0.00
0.00
0.00
0.00
692.80
0.00
0.00
419.03
525.19
0.00
503.04
0.00
0.00
0.00
0.00
0.00
715.10
250.37
0.00
0.00
0.00
0.00
475.50
686.24
0.00
0.00
0.00
0.00
224.68
0.00
0.00
0.00
0.00
0.00
261.34
0.00
0.00
0.00
1340.13
0.00
296.73
844.12
1237.98
0.00
0.00
0.00
0.00
0.00
0.00
0.00
0.00
0.00
0.00
0.00
0.00
0.00
0.00
0.00
0.00
0.00
0.00
0.00
0.00
0.00
0.00
0.00
0.00
0.00
0.00
0.00
0.00
0.00
0.00
0.00
0.00
0.00
0.00
0.00
0.00
0.00
0.00
0.00
0.00
0.00
0.00
0.00
0.00
0.00
0.00
0.00
0.00
0.00
0.00
0.00
0.00
0.00
0.00
0.00
0.00
0.00
0.00
0.00
0.00
0.00
0.00
0.00
0.00
0.00
0.00
0.00
0.00
0.00
0.00
0.00
0.00
0.00
0.00
0.00
0.00
0.00
0.00
0.00
0.00
0.00
0.00
0.00
0.00
0.00
0.00
0.00
0.00
0.00
0.00
442.05
601.39
0.00
0.00
303.62
99.49
0.00
0.00
0.00
0.00
220.46
1042.27
0.00
0.00
0.00
0.00
313.39
1149.14
0.00
0.00
0.00
1308.96
208.39
0.00
0.00
0.00
0.00
0.00
98.47
0.00
0.00
0.00
0.00
1174.10
114.53
0.00
1107.13
0.00
0.00
0.00
130.04
0.00
83.58
0.00
0.00
0.00
0.00
0.00
0.00
0.00
0.00
0.00
0.00
0.00
0.00
0.00
0.00
0.00
0.00
0.00
0.00
0.00
0.00
0.00
0.00
0.00
0.00
0.00
0.00
0.00
0.00
0.00
0.00
0.00
0.00
0.00
0.00
0.00
0.00
0.00
0.00
0.00
0.00
0.00
0.00
0.00
0.00
0.00
0.00
0.00
0.00
0.00
0.00
0.00
0.00
0.00
0.00
0.00
0.00
0.00
0.00
0.00
0.00
0.00
0.00
0.00
0.00
0.00
0.00
0.00
0.00
0.00
0.00
0.00
0.00
0.00
0.00
0.00
0.00
0.00
0.00
0.00
0.00
0.00
0.00
0.00
0.00
0.00
0.00
0.00
0.00
0.00
0.00
0.00
0.00
0.00
0.00
789.33
0.00
0.00
623.16
1079.71
305.55
573.12
0.00
802.14
0.00
0.00
0.00
814.74
0.00
0.00
0.00
0.00
991.09
541.76
894.87
0.00
0.00
0.00
995.83
255.98
0.00
0.00
0.00
0.00
1103.69
297.75
0.00
0.00
0.00
0.00
0.00
338.07
261.04
0.00
0.00
0.00
0.00
0.00
0.00
0.00
0.00
0.00
0.00
0.00
0.00
0.00
0.00
0.00
0.00
0.00
0.00
0.00
0.00
0.00
0.00
0.00
0.00
0.00
0.00
0.00
0.00
0.00
0.00
0.00
0.00
0.00
0.00
0.00
0.00
0.00
0.00
0.00
0.00
0.00
0.00
0.00
0.00
0.00
0.00
0.00
0.00
0.00
0.00
0.00
0.00
0.00
0.00
0.00
0.00
0.00
0.00
0.00
0.00
0.00
0.00
0.00
0.00
0.00
0.00
0.00
0.00
0.00
0.00
0.00
0.00
0.00
0.00
0.00
0.00
0.00
0.00
0.00
0.00
0.00
0.00
0.00
0.00
0.00
0.00
0.00
0.00
0.00
0.00
0.00
183.70
0.00
585.72
0.00
916.28
1238.81
0.00
0.00
0.00
0.00
665.31
663.74
0.00
0.00
1098.10
0.00
945.78
993.33
0.00
0.00
0.00
375.87
628.89
0.00
725.80
0.00
0.00
512.55
297.16
0.00
0.00
722.47
967.75
0.00
345.64
0.00
0.00
0.00
1200.44
0.00
392.44
0.00
0.00
0.00
0.00
0.00
0.00
0.00
0.00
0.00
0.00
0.00
0.00
0.00
0.00
0.00
0.00
0.00
0.00
0.00
0.00
0.00
0.00
0.00
0.00
0.00
0.00
0.00
0.00
0.00
0.00
0.00
0.00
0.00
0.00
0.00
0.00
0.00
0.00
0.00
0.00
0.00
0.00
0.00
0.00
0.00
0.00
0.00
0.00
0.00
0.00
0.00
0.00
0.00
0.00
0.00
0.00
0.00
0.00
0.00
0.00
0.00
0.00
0.00
0.00
0.00
0.00
0.00
0.00
0.00
0.00
0.00
0.00
0.00
0.00
0.00
0.00
0.00
0.00
0.00
0.00
0.00
0.00
0.00
0.00
0.00
0.00
0.00
0.00
0.00
0.00
0.00
1221.69
918.93
108.94
0.00
0.00
782.57
0.00
1049.50
0.00
0.00
0.00
984.29
1172.27
0.00
0.00
716.44
0.00
756.38
0.00
0.00
0.00
0.00
0.00
517.79
0.00
891.08
0.00
1384.17
0.00
552.66
0.00
0.00
902.47
0.00
0.00
586.32
0.00
0.00
959.09
0.00
1136.02
0.00
0.00
0.00
0.00
0.00
0.00
0.00
0.00
0.00
0.00
0.00
0.00
0.00
0.00
0.00
0.00
0.00
0.00
0.00
0.00
0.00
0.00
0.00
0.00
0.00
0.00
0.00
0.00
0.00
0.00
0.00
0.00
0.00
0.00
0.00
0.00
0.00
0.00
0.00
0.00
0.00
0.00
0.00
0.00
0.00
0.00
0.00
0.00
0.00
0.00
0.00
0.00
0.00
0.00
0.00
0.00
0.00
0.00
0.00
0.00
0.00
0.00
0.00
0.00
0.00
0.00
0.00
0.00
0.00
0.00
0.00
0.00
0.00
0.00
0.00
0.00
0.00
0.00
0.00
0.00
0.00
0.00
0.00
0.00
0.00
0.00
0.00
0.00
0.00
0.00
0.00
0.00
0.00
0.00
0.00
0.00
0.00
828.80
0.00
0.00
0.00
0.00
741.46
1042.44
0.00
0.00
0.00
0.00
0.00
801.06
0.00
0.00
0.00
0.00
0.00
548.38
184.60
0.00
611.33
620.42
0.00
585.31
0.00
340.66
0.00
0.00
0.00
620.96
71.34
0.00
0.00
1390.00
0.00
0.00
0.00
0.00
0.00
0.00
0.00
0.00
0.00
0.00
0.00
0.00
0.00
0.00
0.00
0.00
0.00
0.00
0.00
0.00
0.00
0.00
0.00
0.00
0.00
0.00
0.00
0.00
0.00
0.00
0.00
0.00
0.00
0.00
0.00
0.00
0.00
0.00
0.00
0.00
0.00
0.00
0.00
0.00
0.00
0.00
0.00
0.00
0.00
0.00
0.00
0.00
0.00
0.00
0.00
0.00
0.00
0.00
0.00
0.00
0.00
0.00
0.00
0.00
0.00
0.00
0.00
0.00
0.00
0.00
0.00
0.00
0.00
0.00
0.00
0.00
0.00
0.00
0.00
0.00
0.00
0.00
0.00
0.00
0.00
0.00
0.00
0.00
0.00
0.00
0.00
0.00
0.00
0.00
78.66
0.00
0.00
0.00
822.70
0.00
0.00
819.53
0.00
1163.49
1034.77
570.32
0.00
418.31
84.06
0.00
795.17
0.00
0.00
0.00
0.00
0.00
544.35
0.00
0.00
0.00
0.00
1059.55
581.00
0.00
0.00
0.00
0.00
0.00
616.39
0.00
0.00
0.00
0.00
0.00
0.00
0.00
0.00
0.00
0.00
0.00
0.00
0.00
0.00
0.00
0.00
0.00
0.00
0.00
0.00
0.00
0.00
0.00
0.00
0.00
0.00
0.00
0.00
0.00
0.00
0.00
0.00
0.00
0.00
0.00
0.00
0.00
0.00
0.00
0.00
0.00
0.00
0.00
0.00
0.00
0.00
0.00
0.00
0.00
0.00
0.00
0.00
0.00
0.00
0.00
0.00
0.00
0.00
0.00
0.00
0.00
0.00
0.00
0.00
0.00
0.00
0.00
0.00
0.00
0.00
0.00
0.00
0.00
0.00
0.00
0.00
0.00
0.00
0.00
0.00
0.00
0.00
0.00
0.00
0.00
0.00
0.00
0.00
0.00
0.00
0.00
0.00
0.00
0.00
0.00
0.00
0.00
0.00
0.00
1403.78
0.00
0.00
360.55
0.00
0.00
0.00
1185.92
0.00
453.49
0.00
496.81
695.44
0.00
0.00
348.49
0.00
0.00
0.00
0.00
0.00
238.56
816.30
0.00
0.00
0.00
0.00
254.63
455.12
0.00
874.87
0.00
164.58
270.14
0.00
0.00
0.00
0.00
0.00
0.00
0.00
0.00
0.00
0.00
0.00
0.00
0.00
0.00
0.00
0.00
0.00
0.00
0.00
0.00
0.00
0.00
0.00
0.00
0.00
0.00
0.00
0.00
0.00
0.00
0.00
0.00
0.00
0.00
0.00
0.00
0.00
0.00
0.00
0.00
0.00
0.00
0.00
0.00
0.00
0.00
0.00
0.00
0.00
0.00
0.00
0.00
0.00
0.00
0.00
0.00
0.00
0.00
0.00
0.00
0.00
0.00
0.00
0.00
0.00
0.00
0.00
0.00
0.00
0.00
0.00
0.00
0.00
0.00
0.00
0.00
0.00
0.00
0.00
0.00
0.00
0.00
0.00
0.00
0.00
0.00
0.00
0.00
0.00
0.00
0.00
0.00
0.00
0.00
0.00
0.00
0.00
0.00
153.84
817.28
0.00
0.00
937.33
804.88
0.00
0.00
0.00
0.00
1178.94
0.00
0.00
0.00
0.00
572.55
905.96
0.00
0.00
0.00
548.38
0.00
620.19
0.00
0.00
0.00
0.00
0.00
661.95
0.00
0.00
461.84
0.00
0.00
702.27
0.00
0.00
0.00
0.00
0.00
0.00
0.00
0.00
0.00
0.00
0.00
0.00
0.00
0.00
0.00
0.00
0.00
0.00
0.00
0.00
0.00
0.00
0.00
0.00
0.00
0.00
0.00
0.00
0.00
0.00
0.00
0.00
0.00
0.00
0.00
0.00
0.00
0.00
0.00
0.00
0.00
0.00
0.00
0.00
0.00
0.00
0.00
0.00
0.00
0.00
0.00
0.00
0.00
0.00
0.00
0.00
0.00
0.00
0.00
0.00
0.00
0.00
0.00
0.00
0.00
0.00
0.00
0.00
0.00
0.00
0.00
0.00
0.00
0.00
0.00
0.00
0.00
0.00
0.00
0.00
0.00
0.00
0.00
0.00
0.00
0.00
0.00
0.00
0.00
0.00
0.00
0.00
0.00
0.00
0.00
0.00
0.00
0.00
0.00
0.00
0.00
351.37
1088.09
0.00
0.00
0.00
0.00
1244.53
1368.56
267.38
0.00
0.00
0.00
0.00
1051.68
0.00
0.00
651.19
0.00
0.00
719.94
1062.86
492.50
0.00
0.00
0.00
768.42
0.00
0.00
0.00
0.00
221.08
815.23
0.00
0.00
0.00
0.00
0.00
0.00
0.00
0.00
0.00
0.00
0.00
0.00
0.00
0.00
0.00
0.00
0.00
0.00
0.00
0.00
0.00
0.00
0.00
0.00
0.00
0.00
0.00
0.00
0.00
0.00
0.00
0.00
0.00
0.00
0.00
0.00
0.00
0.00
0.00
0.00
0.00
0.00
0.00
0.00
0.00
0.00
0.00
0.00
0.00
0.00
0.00
0.00
0.00
0.00
0.00
0.00
0.00
0.00
0.00
0.00
0.00
0.00
0.00
0.00
0.00
0.00
0.00
0.00
0.00
0.00
0.00
0.00
0.00
0.00
0.00
0.00
0.00
0.00
0.00
0.00
0.00
0.00
0.00
0.00
0.00
0.00
0.00
0.00
0.00
0.00
0.00
0.00
0.00
0.00
0.00
0.00
0.00
0.00
0.00
0.00
0.00
0.00
803.78
0.00
0.00
0.00
0.00
0.00
575.87
0.00
0.00
0.00
0.00
0.00
337.28
0.00
0.00
0.00
1334.67
0.00
372.15
1110.99
201.02
1010.89
0.00
0.00
405.82
0.00
0.00
0.00
0.00
0.00
0.00
0.00
0.00
0.00
0.00
0.00
0.00
0.00
0.00
0.00
0.00
0.00
0.00
0.00
0.00
0.00
0.00
0.00
0.00
0.00
0.00
0.00
0.00
0.00
0.00
0.00
0.00
0.00
0.00
0.00
0.00
0.00
0.00
0.00
0.00
0.00
0.00
0.00
0.00
0.00
0.00
0.00
0.00
0.00
0.00
0.00
0.00
0.00
0.00
0.00
0.00
0.00
0.00
0.00
0.00
0.00
0.00
0.00
0.00
0.00
0.00
0.00
0.00
0.00
0.00
0.00
0.00
0.00
0.00
0.00
0.00
0.00
0.00
0.00
0.00
0.00
0.00
0.00
0.00
0.00
0.00
0.00
0.00
0.00
0.00
0.00
0.00
0.00
0.00
0.00
0.00
0.00
0.00
0.00
0.00
0.00
0.00
0.00
1271.20
0.00
0.00
0.00
0.00
851.27
0.00
0.00
304.90
0.00
0.00
609.89
0.00
0.00
0.00
0.00
0.00
357.21
0.00
0.00
0.00
646.41
68.80
394.14
0.00
243.22
0.00
0.00
0.00
429.79
0.00
0.00
0.00
0.00
0.00
0.00
0.00
0.00
0.00
0.00
0.00
0.00
0.00
0.00
0.00
0.00
0.00
0.00
0.00
0.00
0.00
0.00
0.00
0.00
0.00
0.00
0.00
0.00
0.00
0.00
0.00
0.00
0.00
0.00
0.00
0.00
0.00
0.00
0.00
0.00
0.00
0.00
0.00
0.00
0.00
0.00
0.00
0.00
0.00
0.00
0.00
0.00
0.00
0.00
0.00
0.00
0.00
0.00
0.00
0.00
0.00
0.00
0.00
0.00
0.00
0.00
0.00
0.00
0.00
0.00
0.00
0.00
0.00
0.00
0.00
0.00
0.00
0.00
0.00
0.00
0.00
0.00
0.00
0.00
0.00
0.00
0.00
0.00
0.00
0.00
0.00
0.00
0.00
0.00
0.00
0.00
0.00
0.00
0.00
0.00
0.00
0.00
0.00
1090.39
0.00
0.00
0.00
0.00
845.00
0.00
0.00
0.00
0.00
1219.07
605.41
0.00
0.00
0.00
0.00
0.00
354.58
0.00
0.00
0.00
749.60
0.00
391.24
377.20
0.00
0.00
355.28
0.00
426.63
0.00
828.66
1209.90
0.00
0.00
0.00
0.00
0.00
0.00
0.00
0.00
0.00
0.00
0.00
0.00
0.00
0.00
0.00
0.00
0.00
0.00
0.00
0.00
0.00
0.00
0.00
0.00
0.00
0.00
0.00
0.00
0.00
0.00
0.00
0.00
0.00
0.00
0.00
0.00
0.00
0.00
0.00
0.00
0.00
0.00
0.00
0.00
0.00
0.00
0.00
0.00
0.00
0.00
0.00
0.00
0.00
0.00
0.00
0.00
0.00
0.00
0.00
0.00
0.00
0.00
0.00
0.00
0.00
0.00
0.00
0.00
0.00
0.00
0.00
0.00
0.00
0.00
0.00
0.00
0.00
0.00
0.00
0.00
0.00
0.00
0.00
0.00
0.00
0.00
0.00
0.00
0.00
0.00
0.00
0.00
0.00
0.00
0.00
0.00
0.00
0.00
0.00
0.00
0.00
353.38
0.00
0.00
674.84
370.32
0.00
0.00
0.00
286.94
824.44
265.32
0.00
0.00
0.00
1167.66
0.00
155.40
1269.79
0.00
0.00
0.00
0.00
171.46
663.92
1077.95
0.00
0.00
0.00
186.97
1037.44
0.00
0.00
0.00
0.00
0.00
0.00
0.00
0.00
0.00
0.00
0.00
0.00
0.00
0.00
0.00
0.00
0.00
0.00
0.00
0.00
0.00
0.00
0.00
0.00
0.00
0.00
0.00
0.00
0.00
0.00
0.00
0.00
0.00
0.00
0.00
0.00
0.00
0.00
0.00
0.00
0.00
0.00
0.00
0.00
0.00
0.00
0.00
0.00
0.00
0.00
0.00
0.00
0.00
0.00
0.00
0.00
0.00
0.00
0.00
0.00
0.00
0.00
0.00
0.00
0.00
0.00
0.00
0.00
0.00
0.00
0.00
0.00
0.00
0.00
0.00
0.00
0.00
0.00
0.00
0.00
0.00
0.00
0.00
0.00
0.00
0.00
0.00
0.00
0.00
0.00
0.00
0.00
0.00
0.00
0.00
0.00
0.00
0.00
0.00
0.00
0.00
0.00
788.13
1046.59
0.00
0.00
0.00
962.74
0.00
1004.48
0.00
0.00
0.00
689.76
0.00
0.00
0.00
0.00
0.00
403.98
0.00
0.00
50.04
0.00
36.57
445.75
0.00
0.00
0.00
0.00
0.00
486.07
1317.86
0.00
0.00
0.00
0.00
0.00
0.00
0.00
0.00
0.00
0.00
0.00
0.00
0.00
0.00
0.00
0.00
0.00
0.00
0.00
0.00
0.00
0.00
0.00
0.00
0.00
0.00
0.00
0.00
0.00
0.00
0.00
0.00
0.00
0.00
0.00
0.00
0.00
0.00
0.00
0.00
0.00
0.00
0.00
0.00
0.00
0.00
0.00
0.00
0.00
0.00
0.00
0.00
0.00
0.00
0.00
0.00
0.00
0.00
0.00
0.00
0.00
0.00
0.00
0.00
0.00
0.00
0.00
0.00
0.00
0.00
0.00
0.00
0.00
0.00
0.00
0.00
0.00
0.00
0.00
0.00
0.00
0.00
0.00
0.00
0.00
0.00
0.00
0.00
0.00
0.00
0.00
0.00
0.00
0.00
0.00
0.00
0.00
0.00
0.00
0.00
0.00
0.00
293.34
0.00
0.00
650.32
0.00
1117.59
0.00
921.48
0.00
0.00
0.00
800.70
0.00
0.00
914.98
0.00
0.00
468.96
0.00
0.00
0.00
494.86
0.00
517.44
0.00
1330.56
0.00
0.00
0.00
564.25
0.00
0.00
0.00
0.00
0.00
0.00
0.00
0.00
0.00
0.00
0.00
0.00
0.00
0.00
0.00
0.00
0.00
0.00
0.00
0.00
0.00
0.00
0.00
0.00
0.00
0.00
0.00
0.00
0.00
0.00
0.00
0.00
0.00
0.00
0.00
0.00
0.00
0.00
0.00
0.00
0.00
0.00
0.00
0.00
0.00
0.00
0.00
0.00
0.00
0.00
0.00
0.00
0.00
0.00
0.00
0.00
0.00
0.00
0.00
0.00
0.00
0.00
0.00
0.00
0.00
0.00
0.00
0.00
0.00
0.00
0.00
0.00
0.00
0.00
0.00
0.00
0.00
0.00
0.00
0.00
0.00
0.00
0.00
0.00
0.00
0.00
0.00
0.00
0.00
0.00
0.00
0.00
0.00
0.00
0.00
0.00
0.00
0.00
0.00
0.00
0.00
0.00
0.00
0.00
1240.34
0.00
0.00
0.00
777.59
0.00
0.00
0.00
0.00
0.00
539.00
184.93
0.00
0.00
0.00
0.00
573.87
0.00
0.00
0.00
0.00
1175.59
607.54
0.00
0.00
0.00
0.00
0.00
0.00
0.00
0.00
0.00
0.00
0.00
0.00
0.00
0.00
0.00
0.00
0.00
0.00
0.00
0.00
0.00
0.00
0.00
0.00
0.00
0.00
0.00
0.00
0.00
0.00
0.00
0.00
0.00
0.00
0.00
0.00
0.00
0.00
0.00
0.00
0.00
0.00
0.00
0.00
0.00
0.00
0.00
0.00
0.00
0.00
0.00
0.00
0.00
0.00
0.00
0.00
0.00
0.00
0.00
0.00
0.00
0.00
0.00
0.00
0.00
0.00
0.00
0.00
0.00
0.00
0.00
0.00
0.00
0.00
0.00
0.00
0.00
0.00
0.00
0.00
0.00
0.00
0.00
0.00
0.00
0.00
0.00
0.00
0.00
0.00
0.00
0.00
0.00
0.00
0.00
0.00
0.00
0.00
0.00
0.00
0.00
0.00
0.00
0.00
0.00
0.00
0.00
0.00
0.00
0.00
0.00
891.75
0.00
0.00
823.53
0.00
0.00
0.00
88.69
0.00
570.85
0.00
1388.40
0.00
0.00
1169.81
607.77
0.00
570.97
0.00
0.00
0.00
643.43
0.00
0.00
1021.91
0.00
0.00
0.00
0.00
0.00
0.00
0.00
0.00
0.00
0.00
0.00
0.00
0.00
0.00
0.00
0.00
0.00
0.00
0.00
0.00
0.00
0.00
0.00
0.00
0.00
0.00
0.00
0.00
0.00
0.00
0.00
0.00
0.00
0.00
0.00
0.00
0.00
0.00
0.00
0.00
0.00
0.00
0.00
0.00
0.00
0.00
0.00
0.00
0.00
0.00
0.00
0.00
0.00
0.00
0.00
0.00
0.00
0.00
0.00
0.00
0.00
0.00
0.00
0.00
0.00
0.00
0.00
0.00
0.00
0.00
0.00
0.00
0.00
0.00
0.00
0.00
0.00
0.00
0.00
0.00
0.00
0.00
0.00
0.00
0.00
0.00
0.00
0.00
0.00
0.00
0.00
0.00
0.00
0.00
0.00
0.00
0.00
0.00
0.00
0.00
0.00
0.00
0.00
0.00
0.00
0.00
0.00
150.06
383.72
0.00
0.00
817.47
764.72
1169.39
0.00
0.00
793.16
566.65
0.00
916.34
1288.88
0.00
0.00
603.30
769.57
0.00
0.00
1194.49
0.00
638.69
1179.82
0.00
0.00
0.00
0.00
0.00
0.00
0.00
0.00
0.00
0.00
0.00
0.00
0.00
0.00
0.00
0.00
0.00
0.00
0.00
0.00
0.00
0.00
0.00
0.00
0.00
0.00
0.00
0.00
0.00
0.00
0.00
0.00
0.00
0.00
0.00
0.00
0.00
0.00
0.00
0.00
0.00
0.00
0.00
0.00
0.00
0.00
0.00
0.00
0.00
0.00
0.00
0.00
0.00
0.00
0.00
0.00
0.00
0.00
0.00
0.00
0.00
0.00
0.00
0.00
0.00
0.00
0.00
0.00
0.00
0.00
0.00
0.00
0.00
0.00
0.00
0.00
0.00
0.00
0.00
0.00
0.00
0.00
0.00
0.00
0.00
0.00
0.00
0.00
0.00
0.00
0.00
0.00
0.00
0.00
0.00
0.00
0.00
0.00
0.00
0.00
0.00
0.00
0.00
0.00
0.00
0.00
0.00
0.00
1400.89
0.00
0.00
0.00
846.75
358.26
0.00
0.00
0.00
328.75
0.00
248.33
0.00
0.00
0.00
0.00
0.00
264.40
546.81
0.00
0.00
0.00
0.00
279.91
0.00
0.00
0.00
0.00
0.00
0.00
0.00
0.00
0.00
0.00
0.00
0.00
0.00
0.00
0.00
0.00
0.00
0.00
0.00
0.00
0.00
0.00
0.00
0.00
0.00
0.00
0.00
0.00
0.00
0.00
0.00
0.00
0.00
0.00
0.00
0.00
0.00
0.00
0.00
0.00
0.00
0.00
0.00
0.00
0.00
0.00
0.00
0.00
0.00
0.00
0.00
0.00
0.00
0.00
0.00
0.00
0.00
0.00
0.00
0.00
0.00
0.00
0.00
0.00
0.00
0.00
0.00
0.00
0.00
0.00
0.00
0.00
0.00
0.00
0.00
0.00
0.00
0.00
0.00
0.00
0.00
0.00
0.00
0.00
0.00
0.00
0.00
0.00
0.00
0.00
0.00
0.00
0.00
0.00
0.00
0.00
0.00
0.00
0.00
0.00
0.00
0.00
0.00
0.00
0.00
0.00
0.00
0.00
0.00
0.00
0.00
0.00
69.06
0.00
931.37
0.00
0.00
0.00
0.00
0.00
645.60
424.68
0.00
0.00
0.00
1395.76
687.36
0.00
0.00
1181.35
0.00
0.00
727.68
256.03
0.00
0.00
0.00
0.00
0.00
0.00
0.00
0.00
0.00
0.00
0.00
0.00
0.00
0.00
0.00
0.00
0.00
0.00
0.00
0.00
0.00
0.00
0.00
0.00
0.00
0.00
0.00
0.00
0.00
0.00
0.00
0.00
0.00
0.00
0.00
0.00
0.00
0.00
0.00
0.00
0.00
0.00
0.00
0.00
0.00
0.00
0.00
0.00
0.00
0.00
0.00
0.00
0.00
0.00
0.00
0.00
0.00
0.00
0.00
0.00
0.00
0.00
0.00
0.00
0.00
0.00
0.00
0.00
0.00
0.00
0.00
0.00
0.00
0.00
0.00
0.00
0.00
0.00
0.00
0.00
0.00
0.00
0.00
0.00
0.00
0.00
0.00
0.00
0.00
0.00
0.00
0.00
0.00
0.00
0.00
0.00
0.00
0.00
0.00
0.00
0.00
0.00
0.00
0.00
0.00
0.00
0.00
0.00
126.35
0.00
0.00
0.00
0.00
1081.17
0.00
0.00
0.00
0.00
0.00
749.44
370.72
0.00
0.00
0.00
0.00
797.92
0.00
0.00
0.00
0.00
0.00
844.72
0.00
0.00
0.00
0.00
0.00
0.00
0.00
0.00
0.00
0.00
0.00
0.00
0.00
0.00
0.00
0.00
0.00
0.00
0.00
0.00
0.00
0.00
0.00
0.00
0.00
0.00
0.00
0.00
0.00
0.00
0.00
0.00
0.00
0.00
0.00
0.00
0.00
0.00
0.00
0.00
0.00
0.00
0.00
0.00
0.00
0.00
0.00
0.00
0.00
0.00
0.00
0.00
0.00
0.00
0.00
0.00
0.00
0.00
0.00
0.00
0.00
0.00
0.00
0.00
0.00
0.00
0.00
0.00
0.00
0.00
0.00
0.00
0.00
0.00
0.00
0.00
0.00
0.00
0.00
0.00
0.00
0.00
0.00
0.00
0.00
0.00
0.00
0.00
0.00
0.00
0.00
0.00
0.00
0.00
0.00
0.00
0.00
0.00
0.00
0.00
0.00
0.00
0.00
0.00
0.00
0.00
0.00
0.00
0.00
0.00
0.00
724.31
0.00
1400.74
311.09
1155.52
0.00
122.87
0.00
0.00
345.96
0.00
0.00
0.00
0.00
0.00
379.63
0.00
0.00
0.00
0.00
0.00
0.00
0.00
0.00
0.00
0.00
0.00
0.00
0.00
0.00
0.00
0.00
0.00
0.00
0.00
0.00
0.00
0.00
0.00
0.00
0.00
0.00
0.00
0.00
0.00
0.00
0.00
0.00
0.00
0.00
0.00
0.00
0.00
0.00
0.00
0.00
0.00
0.00
0.00
0.00
0.00
0.00
0.00
0.00
0.00
0.00
0.00
0.00
0.00
0.00
0.00
0.00
0.00
0.00
0.00
0.00
0.00
0.00
0.00
0.00
0.00
0.00
0.00
0.00
0.00
0.00
0.00
0.00
0.00
0.00
0.00
0.00
0.00
0.00
0.00
0.00
0.00
0.00
0.00
0.00
0.00
0.00
0.00
0.00
0.00
0.00
0.00
0.00
0.00
0.00
0.00
0.00
0.00
0.00
0.00
0.00
0.00
0.00
0.00
0.00
0.00
0.00
0.00
0.00
0.00
0.00
0.00
0.00
0.00
0.00
0.00
0.00
0.00
0.00
1203.96
994.65
329.47
251.65
0.00
158.64
0.00
0.00
366.40
0.00
1082.05
0.00
0.00
0.00
402.05
0.00
0.00
0.00
0.00
0.00
0.00
0.00
0.00
0.00
0.00
0.00
0.00
0.00
0.00
0.00
0.00
0.00
0.00
0.00
0.00
0.00
0.00
0.00
0.00
0.00
0.00
0.00
0.00
0.00
0.00
0.00
0.00
0.00
0.00
0.00
0.00
0.00
0.00
0.00
0.00
0.00
0.00
0.00
0.00
0.00
0.00
0.00
0.00
0.00
0.00
0.00
0.00
0.00
0.00
0.00
0.00
0.00
0.00
0.00
0.00
0.00
0.00
0.00
0.00
0.00
0.00
0.00
0.00
0.00
0.00
0.00
0.00
0.00
0.00
0.00
0.00
0.00
0.00
0.00
0.00
0.00
0.00
0.00
0.00
0.00
0.00
0.00
0.00
0.00
0.00
0.00
0.00
0.00
0.00
0.00
0.00
0.00
0.00
0.00
0.00
0.00
0.00
0.00
0.00
0.00
0.00
0.00
0.00
0.00
0.00
0.00
0.00
0.00
0.00
0.00
1357.81
0.00
0.00
0.00
0.00
327.05
243.84
414.49
0.00
219.89
0.00
363.71
0.00
0.00
432.13
0.00
0.00
399.10
0.00
0.00
0.00
0.00
0.00
0.00
0.00
0.00
0.00
0.00
0.00
0.00
0.00
0.00
0.00
0.00
0.00
0.00
0.00
0.00
0.00
0.00
0.00
0.00
0.00
0.00
0.00
0.00
0.00
0.00
0.00
0.00
0.00
0.00
0.00
0.00
0.00
0.00
0.00
0.00
0.00
0.00
0.00
0.00
0.00
0.00
0.00
0.00
0.00
0.00
0.00
0.00
0.00
0.00
0.00
0.00
0.00
0.00
0.00
0.00
0.00
0.00
0.00
0.00
0.00
0.00
0.00
0.00
0.00
0.00
0.00
0.00
0.00
0.00
0.00
0.00
0.00
0.00
0.00
0.00
0.00
0.00
0.00
0.00
0.00
0.00
0.00
0.00
0.00
0.00
0.00
0.00
0.00
0.00
0.00
0.00
0.00
0.00
0.00
0.00
0.00
0.00
0.00
0.00
0.00
0.00
0.00
0.00
0.00
0.00
0.00
0.00
0.00
0.00
0.00
209.63
0.00
0.00
0.00
918.64
143.33
0.00
0.00
1295.53
0.00
0.00
159.40
0.00
0.00
0.00
0.00
0.00
174.91
0.00
0.00
0.00
0.00
0.00
0.00
0.00
0.00
0.00
0.00
0.00
0.00
0.00
0.00
0.00
0.00
0.00
0.00
0.00
0.00
0.00
0.00
0.00
0.00
0.00
0.00
0.00
0.00
0.00
0.00
0.00
0.00
0.00
0.00
0.00
0.00
0.00
0.00
0.00
0.00
0.00
0.00
0.00
0.00
0.00
0.00
0.00
0.00
0.00
0.00
0.00
0.00
0.00
0.00
0.00
0.00
0.00
0.00
0.00
0.00
0.00
0.00
0.00
0.00
0.00
0.00
0.00
0.00
0.00
0.00
0.00
0.00
0.00
0.00
0.00
0.00
0.00
0.00
0.00
0.00
0.00
0.00
0.00
0.00
0.00
0.00
0.00
0.00
0.00
0.00
0.00
0.00
0.00
0.00
0.00
0.00
0.00
0.00
0.00
0.00
0.00
0.00
0.00
0.00
0.00
0.00
0.00
0.00
0.00
0.00
0.00
0.00
0.00
0.00
0.00
0.00
0.00
0.00
0.00
0.00
372.62
0.00
0.00
0.00
0.00
1405.47
414.38
814.81
369.60
0.00
0.00
0.00
454.70
0.00
0.00
0.00
0.00
0.00
0.00
0.00
0.00
0.00
0.00
0.00
0.00
0.00
0.00
0.00
0.00
0.00
0.00
0.00
0.00
0.00
0.00
0.00
0.00
0.00
0.00
0.00
0.00
0.00
0.00
0.00
0.00
0.00
0.00
0.00
0.00
0.00
0.00
0.00
0.00
0.00
0.00
0.00
0.00
0.00
0.00
0.00
0.00
0.00
0.00
0.00
0.00
0.00
0.00
0.00
0.00
0.00
0.00
0.00
0.00
0.00
0.00
0.00
0.00
0.00
0.00
0.00
0.00
0.00
0.00
0.00
0.00
0.00
0.00
0.00
0.00
0.00
0.00
0.00
0.00
0.00
0.00
0.00
0.00
0.00
0.00
0.00
0.00
0.00
0.00
0.00
0.00
0.00
0.00
0.00
0.00
0.00
0.00
0.00
0.00
0.00
0.00
0.00
0.00
0.00
0.00
0.00
0.00
0.00
0.00
0.00
0.00
0.00
0.00
0.00
0.00
0.00
0.00
0.00
0.00
432.55
943.41
0.00
1237.39
0.00
0.00
481.03
773.41
1222.40
0.00
556.79
399.52
527.84
0.00
0.00
0.00
0.00
0.00
0.00
0.00
0.00
0.00
0.00
0.00
0.00
0.00
0.00
0.00
0.00
0.00
0.00
0.00
0.00
0.00
0.00
0.00
0.00
0.00
0.00
0.00
0.00
0.00
0.00
0.00
0.00
0.00
0.00
0.00
0.00
0.00
0.00
0.00
0.00
0.00
0.00
0.00
0.00
0.00
0.00
0.00
0.00
0.00
0.00
0.00
0.00
0.00
0.00
0.00
0.00
0.00
0.00
0.00
0.00
0.00
0.00
0.00
0.00
0.00
0.00
0.00
0.00
0.00
0.00
0.00
0.00
0.00
0.00
0.00
0.00
0.00
0.00
0.00
0.00
0.00
0.00
0.00
0.00
0.00
0.00
0.00
0.00
0.00
0.00
0.00
0.00
0.00
0.00
0.00
0.00
0.00
0.00
0.00
0.00
0.00
0.00
0.00
0.00
0.00
0.00
0.00
0.00
0.00
0.00
0.00
0.00
0.00
0.00
0.00
622.93
0.00
0.00
0.00
0.00
107.37
0.00
0.00
0.00
0.00
0.00
141.04
0.00
0.00
0.00
0.00
233.17
0.00
0.00
0.00
0.00
0.00
0.00
0.00
0.00
0.00
0.00
0.00
0.00
0.00
0.00
0.00
0.00
0.00
0.00
0.00
0.00
0.00
0.00
0.00
0.00
0.00
0.00
0.00
0.00
0.00
0.00
0.00
0.00
0.00
0.00
0.00
0.00
0.00
0.00
0.00
0.00
0.00
0.00
0.00
0.00
0.00
0.00
0.00
0.00
0.00
0.00
0.00
0.00
0.00
0.00
0.00
0.00
0.00
0.00
0.00
0.00
0.00
0.00
0.00
0.00
0.00
0.00
0.00
0.00
0.00
0.00
0.00
0.00
0.00
0.00
0.00
0.00
0.00
0.00
0.00
0.00
0.00
0.00
0.00
0.00
0.00
0.00
0.00
0.00
0.00
0.00
0.00
0.00
0.00
0.00
0.00
0.00
0.00
0.00
0.00
0.00
0.00
0.00
0.00
0.00
0.00
0.00
0.00
0.00
0.00
0.00
0.00
0.00
0.00
0.00
0.00
0.00
0.00
668.77
0.00
0.00
0.00
113.72
0.00
0.00
0.00
0.00
0.00
149.37
936.26
0.00
0.00
0.00
0.00
0.00
0.00
0.00
0.00
0.00
0.00
0.00
0.00
0.00
0.00
0.00
0.00
0.00
0.00
0.00
0.00
0.00
0.00
0.00
0.00
0.00
0.00
0.00
0.00
0.00
0.00
0.00
0.00
0.00
0.00
0.00
0.00
0.00
0.00
0.00
0.00
0.00
0.00
0.00
0.00
0.00
0.00
0.00
0.00
0.00
0.00
0.00
0.00
0.00
0.00
0.00
0.00
0.00
0.00
0.00
0.00
0.00
0.00
0.00
0.00
0.00
0.00
0.00
0.00
0.00
0.00
0.00
0.00
0.00
0.00
0.00
0.00
0.00
0.00
0.00
0.00
0.00
0.00
0.00
0.00
0.00
0.00
0.00
0.00
0.00
0.00
0.00
0.00
0.00
0.00
0.00
0.00
0.00
0.00
0.00
0.00
0.00
0.00
0.00
0.00
0.00
0.00
0.00
0.00
0.00
0.00
0.00
0.00
0.00
0.00
0.00
0.00
0.00
0.00
0.00
0.00
0.00
735.84
0.00
0.00
0.00
112.88
0.00
0.00
0.00
0.00
41.31
148.27
53.26
0.00
0.00
0.00
0.00
0.00
0.00
0.00
0.00
0.00
0.00
0.00
0.00
0.00
0.00
0.00
0.00
0.00
0.00
0.00
0.00
0.00
0.00
0.00
0.00
0.00
0.00
0.00
0.00
0.00
0.00
0.00
0.00
0.00
0.00
0.00
0.00
0.00
0.00
0.00
0.00
0.00
0.00
0.00
0.00
0.00
0.00
0.00
0.00
0.00
0.00
0.00
0.00
0.00
0.00
0.00
0.00
0.00
0.00
0.00
0.00
0.00
0.00
0.00
0.00
0.00
0.00
0.00
0.00
0.00
0.00
0.00
0.00
0.00
0.00
0.00
0.00
0.00
0.00
0.00
0.00
0.00
0.00
0.00
0.00
0.00
0.00
0.00
0.00
0.00
0.00
0.00
0.00
0.00
0.00
0.00
0.00
0.00
0.00
0.00
0.00
0.00
0.00
0.00
0.00
0.00
0.00
0.00
0.00
0.00
0.00
0.00
0.00
0.00
0.00
0.00
0.00
0.00
0.00
0.00
0.00
0.00
0.00
0.00
0.00
0.00
49.47
0.00
325.32
241.95
0.00
0.00
64.98
0.00
766.90
0.00
0.00
0.00
0.00
0.00
0.00
0.00
0.00
0.00
0.00
0.00
0.00
0.00
0.00
0.00
0.00
0.00
0.00
0.00
0.00
0.00
0.00
0.00
0.00
0.00
0.00
0.00
0.00
0.00
0.00
0.00
0.00
0.00
0.00
0.00
0.00
0.00
0.00
0.00
0.00
0.00
0.00
0.00
0.00
0.00
0.00
0.00
0.00
0.00
0.00
0.00
0.00
0.00
0.00
0.00
0.00
0.00
0.00
0.00
0.00
0.00
0.00
0.00
0.00
0.00
0.00
0.00
0.00
0.00
0.00
0.00
0.00
0.00
0.00
0.00
0.00
0.00
0.00
0.00
0.00
0.00
0.00
0.00
0.00
0.00
0.00
0.00
0.00
0.00
0.00
0.00
0.00
0.00
0.00
0.00
0.00
0.00
0.00
0.00
0.00
0.00
0.00
0.00
0.00
0.00
0.00
0.00
0.00
0.00
0.00
0.00
0.00
0.00
0.00
0.00
0.00
0.00
0.00
0.00
0.00
0.00
0.00
971.04
0.00
128.61
0.00
0.00
0.00
0.00
0.00
168.93
0.00
0.00
0.00
0.00
0.00
0.00
0.00
0.00
0.00
0.00
0.00
0.00
0.00
0.00
0.00
0.00
0.00
0.00
0.00
0.00
0.00
0.00
0.00
0.00
0.00
0.00
0.00
0.00
0.00
0.00
0.00
0.00
0.00
0.00
0.00
0.00
0.00
0.00
0.00
0.00
0.00
0.00
0.00
0.00
0.00
0.00
0.00
0.00
0.00
0.00
0.00
0.00
0.00
0.00
0.00
0.00
0.00
0.00
0.00
0.00
0.00
0.00
0.00
0.00
0.00
0.00
0.00
0.00
0.00
0.00
0.00
0.00
0.00
0.00
0.00
0.00
0.00
0.00
0.00
0.00
0.00
0.00
0.00
0.00
0.00
0.00
0.00
0.00
0.00
0.00
0.00
0.00
0.00
0.00
0.00
0.00
0.00
0.00
0.00
0.00
0.00
0.00
0.00
0.00
0.00
0.00
0.00
0.00
0.00
0.00
0.00
0.00
0.00
0.00
0.00
0.00
0.00
0.00
0.00
0.00
0.00
1136.81
0.00
0.00
1395.17
256.10
149.29
0.00
0.00
0.00
811.41
90.86
196.10
0.00
0.00
0.00
0.00
0.00
0.00
0.00
0.00
0.00
0.00
0.00
0.00
0.00
0.00
0.00
0.00
0.00
0.00
0.00
0.00
0.00
0.00
0.00
0.00
0.00
0.00
0.00
0.00
0.00
0.00
0.00
0.00
0.00
0.00
0.00
0.00
0.00
0.00
0.00
0.00
0.00
0.00
0.00
0.00
0.00
0.00
0.00
0.00
0.00
0.00
0.00
0.00
0.00
0.00
0.00
0.00
0.00
0.00
0.00
0.00
0.00
0.00
0.00
0.00
0.00
0.00
0.00
0.00
0.00
0.00
0.00
0.00
0.00
0.00
0.00
0.00
0.00
0.00
0.00
0.00
0.00
0.00
0.00
0.00
0.00
0.00
0.00
0.00
0.00
0.00
0.00
0.00
0.00
0.00
0.00
0.00
0.00
0.00
0.00
0.00
0.00
0.00
0.00
0.00
0.00
0.00
0.00
0.00
0.00
0.00
0.00
0.00
0.00
0.00
0.00
0.00
0.00
0.00
0.00
0.00
0.00
1053.42
0.00
0.00
0.00
0.00
175.91
0.00
0.00
151.11
0.00
1249.04
0.00
0.00
0.00
0.00
0.00
0.00
0.00
0.00
0.00
0.00
0.00
0.00
0.00
0.00
0.00
0.00
0.00
0.00
0.00
0.00
0.00
0.00
0.00
0.00
0.00
0.00
0.00
0.00
0.00
0.00
0.00
0.00
0.00
0.00
0.00
0.00
0.00
0.00
0.00
0.00
0.00
0.00
0.00
0.00
0.00
0.00
0.00
0.00
0.00
0.00
0.00
0.00
0.00
0.00
0.00
0.00
0.00
0.00
0.00
0.00
0.00
0.00
0.00
0.00
0.00
0.00
0.00
0.00
0.00
0.00
0.00
0.00
0.00
0.00
0.00
0.00
0.00
0.00
0.00
0.00
0.00
0.00
0.00
0.00
0.00
0.00
0.00
0.00
0.00
0.00
0.00
0.00
0.00
0.00
0.00
0.00
0.00
0.00
0.00
0.00
0.00
0.00
0.00
0.00
0.00
0.00
0.00
0.00
0.00
0.00
0.00
0.00
0.00
0.00
0.00
0.00
0.00
0.00
0.00
0.00
0.00
0.00
276.81
56.92
1098.65
0.00
0.00
186.30
871.83
913.07
982.87
0.00
0.00
0.00
0.00
0.00
0.00
0.00
0.00
0.00
0.00
0.00
0.00
0.00
0.00
0.00
0.00
0.00
0.00
0.00
0.00
0.00
0.00
0.00
0.00
0.00
0.00
0.00
0.00
0.00
0.00
0.00
0.00
0.00
0.00
0.00
0.00
0.00
0.00
0.00
0.00
0.00
0.00
0.00
0.00
0.00
0.00
0.00
0.00
0.00
0.00
0.00
0.00
0.00
0.00
0.00
0.00
0.00
0.00
0.00
0.00
0.00
0.00
0.00
0.00
0.00
0.00
0.00
0.00
0.00
0.00
0.00
0.00
0.00
0.00
0.00
0.00
0.00
0.00
0.00
0.00
0.00
0.00
0.00
0.00
0.00
0.00
0.00
0.00
0.00
0.00
0.00
0.00
0.00
0.00
0.00
0.00
0.00
0.00
0.00
0.00
0.00
0.00
0.00
0.00
0.00
0.00
0.00
0.00
0.00
0.00
0.00
0.00
0.00
0.00
0.00
0.00
0.00
0.00
0.00
0.00
0.00
0.00
0.00
0.00
0.00
0.00
0.00
0.00
0.00
184.93
0.00
0.00
0.00
0.00
0.00
0.00
0.00
0.00
0.00
0.00
0.00
0.00
0.00
0.00
0.00
0.00
0.00
0.00
0.00
0.00
0.00
0.00
0.00
0.00
0.00
0.00
0.00
0.00
0.00
0.00
0.00
0.00
0.00
0.00
0.00
0.00
0.00
0.00
0.00
0.00
0.00
0.00
0.00
0.00
0.00
0.00
0.00
0.00
0.00
0.00
0.00
0.00
0.00
0.00
0.00
0.00
0.00
0.00
0.00
0.00
0.00
0.00
0.00
0.00
0.00
0.00
0.00
0.00
0.00
0.00
0.00
0.00
0.00
0.00
0.00
0.00
0.00
0.00
0.00
0.00
0.00
0.00
0.00
0.00
0.00
0.00
0.00
0.00
0.00
0.00
0.00
0.00
0.00
0.00
0.00
0.00
0.00
0.00
0.00
0.00
0.00
0.00
0.00
0.00
0.00
0.00
0.00
0.00
0.00
0.00
0.00
0.00
0.00
0.00
0.00
0.00
0.00
0.00
0.00
0.00
0.00
0.00
0.00
0.00
0.00
0.00
0.00
0.00
256.48
1201.80
0.00
0.00
81.04
0.00
0.00
0.00
0.00
0.00
0.00
0.00
0.00
0.00
0.00
0.00
0.00
0.00
0.00
0.00
0.00
0.00
0.00
0.00
0.00
0.00
0.00
0.00
0.00
0.00
0.00
0.00
0.00
0.00
0.00
0.00
0.00
0.00
0.00
0.00
0.00
0.00
0.00
0.00
0.00
0.00
0.00
0.00
0.00
0.00
0.00
0.00
0.00
0.00
0.00
0.00
0.00
0.00
0.00
0.00
0.00
0.00
0.00
0.00
0.00
0.00
0.00
0.00
0.00
0.00
0.00
0.00
0.00
0.00
0.00
0.00
0.00
0.00
0.00
0.00
0.00
0.00
0.00
0.00
0.00
0.00
0.00
0.00
0.00
0.00
0.00
0.00
0.00
0.00
0.00
0.00
0.00
0.00
0.00
0.00
0.00
0.00
0.00
0.00
0.00
0.00
0.00
0.00
0.00
0.00
0.00
0.00
0.00
0.00
0.00
0.00
0.00
0.00
0.00
0.00
0.00
0.00
0.00
0.00
0.00
0.00
0.00
0.00
0.00
0.00
0.00
0.00
643.16
0.00
0.00
0.00
0.00
210.69
0.00
0.00
0.00
0.00
0.00
0.00
0.00
0.00
0.00
0.00
0.00
0.00
0.00
0.00
0.00
0.00
0.00
0.00
0.00
0.00
0.00
0.00
0.00
0.00
0.00
0.00
0.00
0.00
0.00
0.00
0.00
0.00
0.00
0.00
0.00
0.00
0.00
0.00
0.00
0.00
0.00
0.00
0.00
0.00
0.00
0.00
0.00
0.00
0.00
0.00
0.00
0.00
0.00
0.00
0.00
0.00
0.00
0.00
0.00
0.00
0.00
0.00
0.00
0.00
0.00
0.00
0.00
0.00
0.00
0.00
0.00
0.00
0.00
0.00
0.00
0.00
0.00
0.00
0.00
0.00
0.00
0.00
0.00
0.00
0.00
0.00
0.00
0.00
0.00
0.00
0.00
0.00
0.00
0.00
0.00
0.00
0.00
0.00
0.00
0.00
0.00
0.00
0.00
0.00
0.00
0.00
0.00
0.00
0.00
0.00
0.00
0.00
0.00
0.00
0.00
0.00
0.00
0.00
0.00
0.00
0.00
0.00
0.00
0.00
0.00
0.00
0.00
0.00
0.00
0.00
0.00
351.66
244.58
0.00
0.00
0.00
0.00
0.00
0.00
0.00
0.00
0.00
0.00
0.00
0.00
0.00
0.00
0.00
0.00
0.00
0.00
0.00
0.00
0.00
0.00
0.00
0.00
0.00
0.00
0.00
0.00
0.00
0.00
0.00
0.00
0.00
0.00
0.00
0.00
0.00
0.00
0.00
0.00
0.00
0.00
0.00
0.00
0.00
0.00
0.00
0.00
0.00
0.00
0.00
0.00
0.00
0.00
0.00
0.00
0.00
0.00
0.00
0.00
0.00
0.00
0.00
0.00
0.00
0.00
0.00
0.00
0.00
0.00
0.00
0.00
0.00
0.00
0.00
0.00
0.00
0.00
0.00
0.00
0.00
0.00
0.00
0.00
0.00
0.00
0.00
0.00
0.00
0.00
0.00
0.00
0.00
0.00
0.00
0.00
0.00
0.00
0.00
0.00
0.00
0.00
0.00
0.00
0.00
0.00
0.00
0.00
0.00
0.00
0.00
0.00
0.00
0.00
0.00
0.00
0.00
0.00
0.00
0.00
0.00
0.00
0.00
0.00
0.00
0.00
0.00
0.00
0.00
499.64
895.73
0.00
0.00
0.00
0.00
0.00
0.00
0.00
0.00
0.00
0.00
0.00
0.00
0.00
0.00
0.00
0.00
0.00
0.00
0.00
0.00
0.00
0.00
0.00
0.00
0.00
0.00
0.00
0.00
0.00
0.00
0.00
0.00
0.00
0.00
0.00
0.00
0.00
0.00
0.00
0.00
0.00
0.00
0.00
0.00
0.00
0.00
0.00
0.00
0.00
0.00
0.00
0.00
0.00
0.00
0.00
0.00
0.00
0.00
0.00
0.00
0.00
0.00
0.00
0.00
0.00
0.00
0.00
0.00
0.00
0.00
0.00
0.00
0.00
0.00
0.00
0.00
0.00
0.00
0.00
0.00
0.00
0.00
0.00
0.00
0.00
0.00
0.00
0.00
0.00
0.00
0.00
0.00
0.00
0.00
0.00
0.00
0.00
0.00
0.00
0.00
0.00
0.00
0.00
0.00
0.00
0.00
0.00
0.00
0.00
0.00
0.00
0.00
0.00
0.00
0.00
0.00
0.00
0.00
0.00
0.00
0.00
0.00
0.00
0.00
0.00
0.00
0.00
0.00
0.00
0.00
0.00
0.00
186.42
0.00
0.00
0.00
0.00
0.00
0.00
0.00
0.00
0.00
0.00
0.00
0.00
0.00
0.00
0.00
0.00
0.00
0.00
0.00
0.00
0.00
0.00
0.00
0.00
0.00
0.00
0.00
0.00
0.00
0.00
0.00
0.00
0.00
0.00
0.00
0.00
0.00
0.00
0.00
0.00
0.00
0.00
0.00
0.00
0.00
0.00
0.00
0.00
0.00
0.00
0.00
0.00
0.00
0.00
0.00
0.00
0.00
0.00
0.00
0.00
0.00
0.00
0.00
0.00
0.00
0.00
0.00
0.00
0.00
0.00
0.00
0.00
0.00
0.00
0.00
0.00
0.00
0.00
0.00
0.00
0.00
0.00
0.00
0.00
0.00
0.00
0.00
0.00
0.00
0.00
0.00
0.00
0.00
0.00
0.00
0.00
0.00
0.00
0.00
0.00
0.00
0.00
0.00
0.00
0.00
0.00
0.00
0.00
0.00
0.00
0.00
0.00
0.00
0.00
0.00
0.00
0.00
0.00
0.00
0.00
0.00
0.00
0.00
0.00
0.00
0.00
0.00
0.00
0.00
811.97
0.00
347.21
0.00
0.00
0.00
0.00
0.00
0.00
0.00
0.00
0.00
0.00
0.00
0.00
0.00
0.00
0.00
0.00
0.00
0.00
0.00
0.00
0.00
0.00
0.00
0.00
0.00
0.00
0.00
0.00
0.00
0.00
0.00
0.00
0.00
0.00
0.00
0.00
0.00
0.00
0.00
0.00
0.00
0.00
0.00
0.00
0.00
0.00
0.00
0.00
0.00
0.00
0.00
0.00
0.00
0.00
0.00
0.00
0.00
0.00
0.00
0.00
0.00
0.00
0.00
0.00
0.00
0.00
0.00
0.00
0.00
0.00
0.00
0.00
0.00
0.00
0.00
0.00
0.00
0.00
0.00
0.00
0.00
0.00
0.00
0.00
0.00
0.00
0.00
0.00
0.00
0.00
0.00
0.00
0.00
0.00
0.00
0.00
0.00
0.00
0.00
0.00
0.00
0.00
0.00
0.00
0.00
0.00
0.00
0.00
0.00
0.00
0.00
0.00
0.00
0.00
0.00
0.00
0.00
0.00
0.00
0.00
0.00
0.00
0.00
0.00
0.00
0.00
0.00
0.00
0.00
0.00
1392.83
0.00
0.00
0.00
0.00
0.00
0.00
0.00
0.00
0.00
0.00
0.00
0.00
0.00
0.00
0.00
0.00
0.00
0.00
0.00
0.00
0.00
0.00
0.00
0.00
0.00
0.00
0.00
0.00
0.00
0.00
0.00
0.00
0.00
0.00
0.00
0.00
0.00
0.00
0.00
0.00
0.00
0.00
0.00
0.00
0.00
0.00
0.00
0.00
0.00
0.00
0.00
0.00
0.00
0.00
0.00
0.00
0.00
0.00
0.00
0.00
0.00
0.00
0.00
0.00
0.00
0.00
0.00
0.00
0.00
0.00
0.00
0.00
0.00
0.00
0.00
0.00
0.00
0.00
0.00
0.00
0.00
0.00
0.00
0.00
0.00
0.00
0.00
0.00
0.00
0.00
0.00
0.00
0.00
0.00
0.00
0.00
0.00
0.00
0.00
0.00
0.00
0.00
0.00
0.00
0.00
0.00
0.00
0.00
0.00
0.00
0.00
0.00
0.00
0.00
0.00
0.00
0.00
0.00
0.00
0.00
0.00
0.00
0.00
0.00
0.00
0.00
0.00
0.00
0.00
0.00
0.00
0.00
285.07
0.00
0.00
0.00
0.00
0.00
0.00
0.00
0.00
0.00
0.00
0.00
0.00
0.00
0.00
0.00
0.00
0.00
0.00
0.00
0.00
0.00
0.00
0.00
0.00
0.00
0.00
0.00
0.00
0.00
0.00
0.00
0.00
0.00
0.00
0.00
0.00
0.00
0.00
0.00
0.00
0.00
0.00
0.00
0.00
0.00
0.00
0.00
0.00
0.00
0.00
0.00
0.00
0.00
0.00
0.00
0.00
0.00
0.00
0.00
0.00
0.00
0.00
0.00
0.00
0.00
0.00
0.00
0.00
0.00
0.00
0.00
0.00
0.00
0.00
0.00
0.00
0.00
0.00
0.00
0.00
0.00
0.00
0.00
0.00
0.00
0.00
0.00
0.00
0.00
0.00
0.00
0.00
0.00
0.00
0.00
0.00
0.00
0.00
0.00
0.00
0.00
0.00
0.00
0.00
0.00
0.00
0.00
0.00
0.00
0.00
0.00
0.00
0.00
0.00
0.00
0.00
0.00
0.00
0.00
0.00
0.00
0.00
0.00
0.00
0.00
0.00
0.00
0.00
0.00
0.00
0.00
0.00
