0.00
0.00
0.00
277.38
0.00
0.00
303.17
0.00
169.65
269.04
0.00
1276.71
265.10
491.73
0.00
379.37
0.00
0.00
387.22
654.49
1063.36
356.91
0.00
0.00
295.57
1203.13
0.00
205.23
0.00
0.00
219.01
0.00
0.00
173.37
0.00
0.00
308.58
0.00
0.00
325.30
0.00
0.00
239.67
0.00
0.00
379.76
521.22
0.00
296.60
0.00
0.00
389.54
0.00
0.00
284.53
0.00
0.00
174.61
390.06
0.00
190.67
0.00
0.00
206.18
0.00
0.00
275.65
0.00
0.00
282.60
0.00
1149.47
281.69
0.00
0.00
0.00
0.00
0.00
0.00
721.10
0.00
0.00
788.16
0.00
0.00
699.41
0.00
0.00
689.19
0.00
0.00
986.25
733.04
1162.76
1006.66
516.22
0.00
927.86
0.00
0.00
768.41
0.00
0.00
533.54
0.00
0.00
569.36
0.00
0.00
450.72
0.00
0.00
802.22
566.83
0.00
845.70
0.00
0.00
623.06
0.00
0.00
987.27
0.00
0.00
771.07
0.00
0.00
1012.68
0.00
0.00
739.70
0.00
0.00
453.93
0.00
0.00
495.69
0.00
0.00
536.01
0.00
0.00
716.60
0.00
0.00
734.68
0.00
0.00
732.30
0.00
0.00
0.00
0.00
664.06
0.00
837.08
0.00
0.00
914.93
0.00
0.00
811.91
0.00
0.00
800.04
285.50
0.00
1144.88
0.00
0.00
1168.58
0.00
125.39
1077.09
0.00
0.00
892.00
0.00
0.00
619.35
0.00
0.00
660.94
0.00
0.00
523.21
0.00
0.00
931.25
0.00
0.00
981.72
0.00
0.00
723.28
0.00
0.00
1146.06
0.00
0.00
895.08
0.00
0.00
1175.56
0.00
0.00
858.67
0.00
0.00
526.94
0.00
0.00
575.42
0.00
0.00
622.22
0.00
0.00
831.86
0.00
0.00
852.85
0.00
0.00
850.08
0.00
0.00
0.00
0.00
0.00
0.00
264.74
0.00
0.00
230.61
0.00
0.00
226.67
0.00
0.00
340.94
0.00
0.00
348.79
0.00
0.00
318.48
0.00
0.00
257.15
0.00
0.00
166.80
0.00
837.95
180.58
0.00
0.00
134.94
0.00
0.00
270.15
0.00
0.00
286.87
0.00
537.17
201.24
0.00
0.00
341.33
1038.81
0.00
258.17
0.00
0.00
351.11
1263.67
0.00
246.10
623.14
0.00
136.18
0.00
0.00
152.24
0.00
781.97
167.75
0.00
0.00
237.22
0.00
0.00
244.17
0.00
1098.67
243.26
0.00
1084.99
0.00
0.00
0.00
0.00
0.00
0.00
0.00
688.25
0.00
0.00
599.51
0.00
0.00
589.29
0.00
0.00
886.35
446.05
0.00
906.76
0.00
0.00
827.95
0.00
0.00
668.50
0.00
1098.59
433.63
0.00
0.00
469.46
0.00
0.00
350.81
0.00
0.00
702.32
0.00
0.00
745.79
0.00
1316.92
523.16
0.00
0.00
887.36
172.48
0.00
671.16
0.00
0.00
912.77
0.00
0.00
639.79
0.00
0.00
354.02
0.00
0.00
395.78
838.86
0.00
436.10
0.00
542.55
616.69
0.00
0.00
634.78
0.00
0.00
632.39
0.00
0.00
0.00
0.00
0.00
0.00
0.00
0.00
0.00
798.95
0.00
0.00
695.93
0.00
0.00
684.07
0.00
0.00
1028.91
863.61
0.00
1052.60
0.00
0.00
961.12
0.00
0.00
776.03
0.00
0.00
503.38
460.16
0.00
544.96
0.00
0.00
407.24
0.00
1111.84
815.28
0.00
0.00
865.75
0.00
0.00
607.30
0.00
0.00
1030.09
0.00
0.00
779.11
1084.18
0.00
1059.58
615.12
390.16
742.70
0.00
0.00
410.96
0.00
0.00
459.44
0.00
0.00
506.25
0.00
0.00
715.88
672.56
0.00
736.88
0.00
671.87
734.11
0.00
0.00
0.00
0.00
0.00
0.00
0.00
0.00
0.00
256.40
0.00
0.00
252.47
1041.07
0.00
366.74
0.00
267.70
374.59
931.89
0.00
344.27
0.00
0.00
282.94
0.00
0.00
192.59
0.00
0.00
206.37
0.00
0.00
160.74
0.00
0.00
295.95
1251.86
0.00
312.67
0.00
0.00
227.03
1125.93
0.00
367.13
0.00
669.21
283.96
0.00
0.00
376.90
0.00
0.00
271.90
0.00
0.00
161.97
0.00
0.00
178.04
0.00
0.00
193.55
0.00
0.00
263.01
0.00
1127.37
269.97
0.00
299.10
269.05
0.00
0.00
0.00
0.00
0.00
0.00
0.00
0.00
0.00
0.00
0.00
0.00
666.57
0.00
0.00
656.34
0.00
0.00
953.40
0.00
0.00
973.82
345.59
0.00
895.01
0.00
0.00
735.56
0.00
0.00
500.69
0.00
850.28
536.51
0.00
0.00
417.87
0.00
1313.74
769.37
0.00
0.00
812.85
0.00
0.00
590.22
0.00
0.00
954.42
0.00
0.00
738.22
0.00
0.00
979.83
0.00
0.00
706.85
0.00
0.00
421.08
0.00
0.00
462.84
0.00
1132.93
503.16
0.00
0.00
683.75
0.00
0.00
701.84
0.00
0.00
699.45
1059.66
0.00
0.00
0.00
0.00
0.00
0.00
0.00
0.00
0.00
0.00
0.00
773.78
0.00
0.00
761.91
0.00
0.00
1106.75
0.00
1333.73
1130.45
0.00
0.00
1038.96
673.93
500.50
853.87
0.00
0.00
581.22
0.00
0.00
622.81
0.00
0.00
485.08
0.00
0.00
893.12
0.00
0.00
943.59
0.00
0.00
685.15
0.00
0.00
1107.93
0.00
1249.08
856.95
0.00
0.00
1137.43
189.87
0.00
820.54
0.00
0.00
488.80
0.00
0.00
537.28
0.00
0.00
584.09
0.00
0.00
793.73
0.00
0.00
814.72
0.00
0.00
811.95
0.00
0.00
0.00
0.00
0.00
0.00
0.00
0.00
0.00
0.00
0.00
563.10
218.33
0.00
0.00
332.60
199.03
0.00
340.45
0.00
0.00
310.14
0.00
0.00
248.80
0.00
0.00
158.46
0.00
0.00
172.24
0.00
914.72
126.60
499.28
0.00
261.81
0.00
0.00
278.53
0.00
0.00
192.90
216.28
0.00
332.99
0.00
0.00
249.83
0.00
266.87
342.76
373.29
0.00
237.76
0.00
0.00
127.83
983.95
1244.58
143.90
1216.57
0.00
159.41
0.00
0.00
228.87
0.00
0.00
235.83
0.00
0.00
234.91
0.00
0.00
0.00
0.00
0.00
0.00
0.00
0.00
0.00
0.00
0.00
0.00
0.00
0.00
0.00
567.60
0.00
0.00
864.66
0.00
0.00
885.07
0.00
0.00
806.26
0.00
397.90
646.82
0.00
0.00
411.95
0.00
0.00
447.77
0.00
0.00
329.12
0.00
839.03
680.63
0.00
612.24
724.10
0.00
0.00
501.47
0.00
0.00
865.68
0.00
0.00
649.47
0.00
0.00
891.09
0.00
0.00
618.11
202.51
0.00
332.33
0.00
0.00
374.10
0.00
0.00
414.42
0.00
0.00
595.01
307.07
0.00
613.09
896.85
0.00
610.71
0.00
0.00
0.00
0.00
0.00
0.00
0.00
0.00
0.00
0.00
0.00
0.00
0.00
0.00
0.00
658.89
0.00
0.00
1003.73
1185.59
0.00
1027.43
0.00
0.00
935.95
0.00
0.00
750.85
0.00
0.00
478.20
0.00
1101.21
519.79
0.00
0.00
382.06
0.00
0.00
790.10
0.00
724.69
840.57
0.00
0.00
582.13
0.00
0.00
1004.91
0.00
0.00
753.93
0.00
0.00
1034.41
0.00
0.00
717.52
687.58
0.00
385.79
0.00
0.00
434.27
0.00
0.00
481.07
83.95
0.00
690.71
0.00
0.00
711.70
0.00
0.00
708.93
0.00
0.00
0.00
0.00
0.00
0.00
0.00
0.00
0.00
0.00
0.00
0.00
0.00
0.00
0.00
328.67
0.00
0.00
336.52
0.00
0.00
306.20
0.00
0.00
244.87
0.00
0.00
154.53
1199.22
0.00
168.31
0.00
519.02
122.67
1000.76
0.00
257.88
0.00
1230.93
274.60
0.00
0.00
188.96
0.00
993.32
329.06
0.00
1343.37
245.89
0.00
624.26
338.83
0.00
0.00
233.83
0.00
0.00
123.90
0.00
0.00
139.97
0.00
0.00
155.48
863.47
1362.16
224.94
0.00
0.00
231.90
0.00
0.00
230.98
528.98
0.00
0.00
0.00
0.00
0.00
0.00
0.00
0.00
0.00
0.00
0.00
0.00
0.00
0.00
0.00
0.00
0.00
854.44
390.30
896.46
874.85
0.00
0.00
796.04
0.00
0.00
636.59
0.00
0.00
401.72
0.00
1148.57
437.55
0.00
0.00
318.90
0.00
0.00
670.41
0.00
0.00
713.88
820.58
0.00
491.25
0.00
232.02
855.45
0.00
301.17
639.25
383.70
0.00
880.86
0.00
0.00
607.88
0.00
0.00
322.11
0.00
0.00
363.87
0.00
907.67
404.20
0.00
0.00
584.79
0.00
0.00
602.87
0.00
0.00
600.48
0.00
0.00
0.00
0.00
0.00
0.00
0.00
0.00
0.00
0.00
0.00
0.00
0.00
0.00
0.00
0.00
0.00
217.83
991.87
0.00
0.00
1015.56
0.00
0.00
924.08
0.00
0.00
738.98
0.00
0.00
466.34
233.61
0.00
507.92
0.00
1276.44
370.20
0.00
0.00
778.24
0.00
0.00
828.70
0.00
0.00
570.26
0.00
0.00
993.05
934.66
0.00
742.07
0.00
0.00
1022.54
0.00
0.00
705.66
707.04
0.00
373.92
383.15
0.00
422.40
0.00
0.00
469.21
0.00
0.00
678.84
0.00
115.84
699.84
0.00
0.00
697.07
0.00
0.00
0.00
0.00
0.00
0.00
0.00
0.00
0.00
0.00
0.00
0.00
0.00
0.00
0.00
0.00
172.08
473.53
450.79
0.00
0.00
420.47
0.00
0.00
359.14
0.00
409.58
268.79
0.00
0.00
282.57
0.00
954.99
236.94
1404.77
0.00
372.15
533.03
0.00
388.87
0.00
0.00
303.23
0.00
175.97
443.33
0.00
0.00
360.16
0.00
0.00
453.10
0.00
175.79
348.09
0.00
0.00
238.17
0.00
0.00
254.23
0.00
0.00
269.74
0.00
0.00
339.21
0.00
194.36
346.17
0.00
0.00
345.25
1095.99
0.00
0.00
0.00
0.00
0.00
0.00
0.00
0.00
0.00
0.00
0.00
0.00
0.00
0.00
0.00
0.00
0.00
0.00
0.00
0.00
1171.91
0.00
0.00
1093.10
0.00
1164.50
933.66
0.00
0.00
698.79
0.00
0.00
734.61
0.00
0.00
615.96
0.00
0.00
967.47
0.00
0.00
1010.94
0.00
1031.91
788.31
476.64
0.00
1152.52
0.00
0.00
936.31
0.00
0.00
1177.92
0.00
0.00
904.95
0.00
0.00
619.17
0.00
0.00
660.94
998.79
0.00
701.26
0.00
0.00
881.85
0.00
0.00
899.93
0.00
0.00
897.55
0.00
0.00
0.00
0.00
0.00
0.00
0.00
0.00
0.00
0.00
0.00
0.00
0.00
0.00
0.00
0.00
0.00
0.00
0.00
0.00
0.00
1360.40
0.00
0.00
1268.92
0.00
0.00
1083.83
0.00
0.00
811.18
0.00
0.00
852.77
0.00
0.00
715.04
0.00
844.18
1123.08
0.00
0.00
1173.55
0.00
0.00
915.10
0.00
0.00
1337.89
0.00
0.00
1086.91
1394.36
0.00
1367.38
247.84
1137.09
1050.50
0.00
283.33
718.76
0.00
0.00
767.24
670.01
0.00
814.05
1275.06
0.00
1023.69
0.00
0.00
1044.68
0.00
0.00
1041.91
0.00
0.00
0.00
0.00
0.00
0.00
0.00
0.00
0.00
0.00
0.00
0.00
0.00
0.00
0.00
0.00
0.00
0.00
0.00
0.00
0.00
428.32
0.00
884.14
366.99
1396.76
0.00
276.65
0.00
0.00
290.43
0.00
0.00
244.79
0.00
0.00
380.00
987.44
0.00
396.72
0.00
0.00
311.08
835.21
842.25
451.18
0.00
1188.99
368.01
0.00
0.00
460.95
0.00
0.00
355.95
0.00
0.00
246.02
0.00
0.00
262.09
0.00
0.00
277.60
0.00
0.00
347.06
599.57
0.00
354.02
0.00
0.00
353.10
0.00
0.00
0.00
0.00
0.00
0.00
0.00
0.00
0.00
0.00
0.00
0.00
0.00
0.00
0.00
0.00
0.00
0.00
0.00
0.00
0.00
0.00
0.00
0.00
1113.52
0.00
0.00
954.07
0.00
0.00
719.20
0.00
0.00
755.02
0.00
0.00
636.38
0.00
0.00
987.88
0.00
0.00
1031.36
0.00
0.00
808.72
0.00
0.00
1172.93
632.39
0.00
956.72
0.00
0.00
1198.34
0.00
0.00
925.36
0.00
141.77
639.58
0.00
0.00
681.35
0.00
0.00
721.67
0.00
0.00
902.26
926.58
0.00
920.34
0.00
0.00
917.96
0.00
0.00
0.00
0.00
0.00
0.00
0.00
0.00
0.00
0.00
0.00
0.00
0.00
0.00
0.00
0.00
0.00
0.00
0.00
0.00
0.00
0.00
1228.77
0.00
1292.62
0.00
682.27
1107.52
0.00
1149.06
834.87
0.00
0.00
876.46
0.00
0.00
738.73
0.00
0.00
1146.77
0.00
0.00
1197.24
0.00
205.68
938.80
0.00
0.00
1361.58
0.00
0.00
1110.61
0.00
0.00
1391.08
0.00
0.00
1074.19
0.00
0.00
742.46
1073.68
0.00
790.94
1157.46
0.00
837.74
0.00
0.00
1047.38
0.00
0.00
1068.37
0.00
0.00
1065.60
0.00
0.00
0.00
0.00
0.00
0.00
0.00
0.00
0.00
0.00
0.00
0.00
0.00
0.00
0.00
0.00
0.00
0.00
0.00
0.00
0.00
0.00
796.67
0.00
336.68
0.00
0.00
246.33
0.00
0.00
260.11
0.00
0.00
214.47
0.00
0.00
349.68
0.00
0.00
366.41
0.00
1281.72
280.77
0.00
0.00
420.86
1391.25
0.00
337.70
0.00
0.00
430.64
0.00
0.00
325.63
0.00
0.00
215.71
0.00
0.00
231.77
0.00
0.00
247.28
0.00
0.00
316.75
0.00
0.00
323.70
0.00
0.00
322.79
0.00
1076.49
0.00
0.00
0.00
0.00
0.00
0.00
0.00
0.00
0.00
0.00
0.00
0.00
0.00
0.00
0.00
0.00
0.00
0.00
0.00
0.00
0.00
0.00
0.00
0.00
0.00
875.26
0.00
0.00
640.39
675.81
0.00
676.21
0.00
0.00
557.57
76.63
0.00
909.07
0.00
0.00
952.55
0.00
771.10
729.91
1181.27
0.00
1094.12
971.44
0.00
877.92
0.00
0.00
1119.53
0.00
0.00
846.55
0.00
0.00
560.78
0.00
0.00
602.54
0.00
0.00
642.86
0.00
1220.22
823.45
0.00
0.00
841.54
0.00
0.00
839.15
0.00
0.00
0.00
0.00
0.00
0.00
0.00
0.00
0.00
0.00
0.00
0.00
0.00
0.00
0.00
0.00
0.00
0.00
0.00
0.00
0.00
0.00
0.00
0.00
0.00
0.00
0.00
1016.04
0.00
0.00
743.39
0.00
0.00
784.98
0.00
0.00
647.25
0.00
1290.76
1055.29
0.00
0.00
1105.76
0.00
0.00
847.32
577.01
0.00
1270.10
0.00
0.00
1019.12
0.00
0.00
1299.60
0.00
0.00
982.71
0.00
0.00
650.97
0.00
0.00
699.45
0.00
0.00
746.26
0.00
0.00
955.90
0.00
0.00
976.89
0.00
0.00
974.12
0.00
0.00
0.00
0.00
0.00
0.00
0.00
0.00
0.00
0.00
0.00
0.00
0.00
0.00
0.00
0.00
0.00
0.00
0.00
0.00
0.00
0.00
0.00
0.00
0.00
0.00
0.00
185.00
0.00
0.00
198.78
0.00
722.50
153.14
0.00
0.00
288.35
0.00
0.00
305.07
0.00
0.00
219.43
0.00
0.00
359.53
0.00
0.00
276.36
0.00
0.00
369.30
95.01
0.00
264.30
766.59
67.29
154.37
0.00
0.00
170.44
0.00
0.00
185.95
0.00
0.00
255.41
0.00
0.00
262.37
33.35
0.00
261.45
375.36
0.00
0.00
0.00
0.00
0.00
0.00
0.00
0.00
0.00
0.00
0.00
0.00
0.00
0.00
0.00
0.00
0.00
0.00
0.00
0.00
0.00
0.00
0.00
0.00
0.00
0.00
0.00
1378.76
0.00
480.94
0.00
0.00
516.77
0.00
0.00
398.12
0.00
0.00
749.63
1334.36
0.00
793.10
0.00
0.00
570.47
993.96
0.00
934.67
0.00
0.00
718.47
0.00
0.00
960.08
0.00
0.00
687.10
0.00
0.00
401.33
0.00
0.00
443.09
0.00
0.00
483.41
0.00
0.00
664.00
0.00
0.00
682.09
0.00
0.00
679.70
0.00
0.00
0.00
0.00
0.00
0.00
0.00
0.00
0.00
0.00
0.00
0.00
0.00
0.00
0.00
0.00
0.00
0.00
0.00
0.00
0.00
0.00
0.00
0.00
0.00
0.00
0.00
0.00
999.38
0.00
558.30
0.00
0.00
599.88
839.14
0.00
462.15
0.00
1264.17
870.20
0.00
0.00
920.66
0.00
0.00
662.22
0.00
0.00
1085.01
0.00
0.00
834.03
0.00
0.00
1114.50
0.00
0.00
797.62
833.46
1139.87
465.88
0.00
0.00
514.36
0.00
0.00
561.17
0.00
0.00
770.80
0.00
0.00
791.80
0.00
0.00
789.03
0.00
0.00
0.00
0.00
0.00
0.00
0.00
0.00
0.00
0.00
0.00
0.00
0.00
0.00
0.00
0.00
0.00
0.00
0.00
0.00
0.00
0.00
0.00
0.00
0.00
0.00
0.00
0.00
0.00
0.00
108.43
179.11
0.00
62.80
0.00
0.00
198.01
911.60
1051.58
214.73
621.05
0.00
129.09
1004.76
0.00
269.18
0.00
542.24
186.02
0.00
0.00
278.96
0.00
0.00
173.95
0.00
0.00
64.03
0.00
1304.05
80.09
0.00
0.00
95.60
0.00
1317.87
165.07
0.00
0.00
172.03
0.00
0.00
171.11
0.00
0.00
0.00
0.00
0.00
0.00
0.00
0.00
0.00
0.00
0.00
0.00
0.00
0.00
0.00
0.00
0.00
0.00
0.00
0.00
0.00
0.00
0.00
0.00
0.00
0.00
0.00
0.00
0.00
0.00
0.00
0.00
0.00
281.90
0.00
0.00
163.25
0.00
0.00
514.76
371.21
0.00
558.23
311.36
0.00
335.60
0.00
0.00
699.80
0.00
0.00
483.60
0.00
887.07
725.21
0.00
0.00
452.23
0.00
0.00
166.46
0.00
0.00
208.22
0.00
0.00
248.54
0.00
0.00
429.13
0.00
0.00
447.22
0.00
0.00
444.83
0.00
0.00
0.00
0.00
0.00
0.00
0.00
0.00
0.00
0.00
0.00
0.00
0.00
0.00
0.00
0.00
0.00
0.00
0.00
0.00
0.00
0.00
0.00
0.00
0.00
0.00
0.00
0.00
0.00
0.00
0.00
0.00
0.00
327.24
0.00
0.00
189.51
0.00
0.00
597.55
0.00
0.00
648.02
0.00
0.00
389.57
0.00
1168.47
812.36
0.00
0.00
561.38
0.00
0.00
841.85
0.00
0.00
524.97
0.00
0.00
193.23
0.00
0.00
241.71
616.73
1157.18
288.52
0.00
0.00
498.16
0.00
0.00
519.15
0.00
0.00
516.38
0.00
0.00
0.00
0.00
0.00
0.00
0.00
0.00
0.00
0.00
0.00
0.00
0.00
0.00
0.00
0.00
0.00
0.00
0.00
0.00
0.00
0.00
0.00
0.00
0.00
0.00
0.00
0.00
0.00
0.00
0.00
0.00
0.00
76.58
0.00
0.00
211.79
0.00
0.00
228.51
0.00
931.15
142.87
0.00
0.00
282.96
0.00
0.00
199.80
0.00
0.00
292.74
1234.21
0.00
187.73
0.00
745.93
77.81
0.00
0.00
93.87
0.00
0.00
109.38
0.00
0.00
178.85
0.00
0.00
185.81
0.00
0.00
184.89
0.00
0.00
0.00
0.00
0.00
0.00
0.00
0.00
0.00
0.00
0.00
0.00
0.00
0.00
0.00
0.00
0.00
0.00
0.00
0.00
0.00
0.00
0.00
0.00
0.00
0.00
0.00
0.00
0.00
0.00
0.00
0.00
0.00
0.00
0.00
0.00
199.07
0.00
0.00
550.58
0.00
192.13
594.05
0.00
0.00
371.42
0.00
311.40
735.63
0.00
374.79
519.42
0.00
1135.68
761.03
488.74
0.00
488.05
665.45
0.00
202.28
0.00
490.61
244.05
733.09
0.00
284.37
0.00
0.00
464.96
0.00
0.00
483.04
0.00
0.00
480.66
0.00
0.00
0.00
0.00
0.00
0.00
0.00
0.00
0.00
0.00
0.00
0.00
0.00
0.00
0.00
0.00
0.00
0.00
0.00
0.00
0.00
0.00
0.00
0.00
0.00
0.00
0.00
0.00
0.00
0.00
0.00
0.00
0.00
0.00
0.00
0.00
231.09
0.00
0.00
639.14
0.00
0.00
689.60
0.00
0.00
431.16
0.00
0.00
853.94
0.00
0.00
602.97
0.00
0.00
883.44
0.00
0.00
566.55
0.00
0.00
234.82
0.00
0.00
283.30
0.00
0.00
330.10
0.00
0.00
539.74
0.00
0.00
560.73
0.00
0.00
557.97
0.00
0.00
0.00
0.00
0.00
0.00
0.00
0.00
0.00
0.00
0.00
0.00
0.00
0.00
0.00
0.00
0.00
0.00
0.00
0.00
0.00
0.00
0.00
0.00
0.00
0.00
0.00
0.00
0.00
0.00
0.00
0.00
0.00
0.00
0.00
0.00
166.15
0.00
0.00
182.87
0.00
0.00
97.23
877.70
0.00
237.33
0.00
0.00
154.16
0.00
0.00
247.10
0.00
0.00
142.10
526.45
0.00
32.17
0.00
0.00
48.24
0.00
488.81
63.75
0.00
0.00
133.21
0.00
0.00
140.17
0.00
0.00
139.25
0.00
0.00
0.00
0.00
0.00
0.00
0.00
0.00
0.00
0.00
0.00
0.00
0.00
0.00
0.00
0.00
0.00
0.00
0.00
0.00
0.00
0.00
0.00
0.00
0.00
0.00
0.00
0.00
0.00
0.00
0.00
0.00
0.00
0.00
0.00
0.00
0.00
1369.56
0.00
431.93
0.00
0.00
475.41
453.88
1334.94
252.78
0.00
0.00
616.98
0.00
0.00
400.78
0.00
0.00
642.39
0.00
0.00
369.41
0.00
0.00
83.64
0.00
0.00
125.40
0.00
0.00
165.72
0.00
358.02
346.31
0.00
0.00
364.40
0.00
0.00
362.01
0.00
0.00
0.00
0.00
0.00
0.00
0.00
0.00
0.00
0.00
0.00
0.00
0.00
0.00
0.00
0.00
0.00
0.00
0.00
0.00
0.00
0.00
0.00
0.00
0.00
0.00
0.00
0.00
0.00
0.00
0.00
0.00
0.00
0.00
0.00
0.00
0.00
0.00
0.00
501.41
0.00
0.00
551.87
0.00
0.00
293.43
0.00
805.35
716.22
0.00
0.00
465.24
0.00
0.00
745.71
0.00
0.00
428.83
0.00
0.00
97.09
0.00
0.00
145.57
0.00
140.47
192.38
0.00
0.00
402.01
0.00
0.00
423.01
0.00
0.00
420.24
0.00
0.00
0.00
0.00
0.00
0.00
0.00
0.00
0.00
0.00
0.00
0.00
0.00
0.00
0.00
0.00
0.00
0.00
0.00
0.00
0.00
0.00
0.00
0.00
0.00
0.00
0.00
0.00
0.00
0.00
0.00
0.00
0.00
0.00
0.00
0.00
0.00
0.00
0.00
318.08
0.00
0.00
232.44
0.00
0.00
372.54
44.34
0.00
289.37
0.00
1075.38
382.31
0.00
0.00
277.31
0.00
0.00
167.38
0.00
0.00
183.45
0.00
0.00
198.96
280.16
0.00
268.42
0.00
0.00
275.38
1308.61
0.00
274.46
442.63
0.00
0.00
0.00
0.00
0.00
0.00
0.00
0.00
0.00
0.00
0.00
0.00
0.00
0.00
0.00
0.00
0.00
0.00
0.00
0.00
0.00
0.00
0.00
0.00
0.00
0.00
0.00
0.00
0.00
0.00
0.00
0.00
0.00
0.00
0.00
0.00
0.00
0.00
0.00
0.00
0.00
826.91
376.99
0.00
604.28
0.00
0.00
968.49
0.00
53.31
752.28
0.00
0.00
993.89
0.00
172.26
720.92
0.00
0.00
435.14
0.00
0.00
476.91
654.33
0.00
517.23
554.21
0.00
697.82
0.00
0.00
715.90
0.00
0.00
713.52
0.00
0.00
0.00
0.00
0.00
0.00
0.00
0.00
0.00
0.00
0.00
0.00
0.00
0.00
0.00
0.00
0.00
0.00
0.00
0.00
0.00
0.00
0.00
0.00
0.00
0.00
0.00
0.00
0.00
0.00
0.00
0.00
0.00
0.00
0.00
0.00
0.00
0.00
0.00
0.00
1117.60
0.00
959.92
0.00
0.00
701.47
0.00
0.00
1124.26
0.00
0.00
873.28
0.00
0.00
1153.75
0.00
0.00
836.87
0.00
0.00
505.13
0.00
0.00
553.61
375.93
0.00
600.42
0.00
0.00
810.06
0.00
463.75
831.05
0.00
1188.54
828.28
0.00
0.00
0.00
0.00
0.00
0.00
0.00
0.00
0.00
0.00
0.00
0.00
0.00
0.00
0.00
0.00
0.00
0.00
0.00
0.00
0.00
0.00
0.00
0.00
0.00
0.00
0.00
0.00
0.00
0.00
0.00
0.00
0.00
0.00
0.00
0.00
0.00
0.00
0.00
0.00
0.00
0.00
249.16
0.00
690.63
389.26
0.00
0.00
306.09
0.00
1079.88
399.03
0.00
0.00
294.03
0.00
0.00
184.10
0.00
1002.15
200.17
0.00
0.00
215.68
0.00
0.00
285.14
912.52
0.00
292.10
0.00
527.45
291.18
0.00
0.00
0.00
0.00
0.00
0.00
0.00
0.00
0.00
0.00
0.00
0.00
0.00
0.00
0.00
0.00
0.00
0.00
0.00
0.00
0.00
0.00
0.00
0.00
0.00
0.00
0.00
0.00
0.00
0.00
0.00
0.00
0.00
0.00
0.00
0.00
0.00
0.00
0.00
0.00
0.00
0.00
0.00
0.00
0.00
647.75
0.00
0.00
1011.96
0.00
1355.74
795.76
0.00
0.00
1037.37
0.00
0.00
764.39
0.00
0.00
478.62
1001.88
447.31
520.38
0.00
0.00
560.70
0.00
0.00
741.29
0.00
0.00
759.37
0.00
0.00
756.99
0.00
0.00
0.00
0.00
0.00
0.00
0.00
0.00
0.00
0.00
0.00
0.00
0.00
0.00
0.00
0.00
0.00
0.00
0.00
0.00
0.00
0.00
0.00
0.00
0.00
0.00
0.00
0.00
0.00
0.00
0.00
0.00
0.00
0.00
0.00
0.00
0.00
0.00
0.00
0.00
0.00
0.00
0.00
0.00
0.00
751.94
0.00
0.00
1174.73
0.00
0.00
923.75
0.00
0.00
1204.22
0.00
0.00
887.33
0.00
0.00
555.60
622.55
591.81
604.08
0.00
0.00
650.89
0.00
0.00
860.52
0.00
0.00
881.51
0.00
0.00
878.75
0.00
0.00
0.00
0.00
0.00
0.00
0.00
0.00
0.00
0.00
0.00
0.00
0.00
0.00
0.00
0.00
0.00
0.00
0.00
0.00
0.00
0.00
0.00
0.00
0.00
0.00
0.00
0.00
0.00
0.00
0.00
0.00
0.00
0.00
0.00
0.00
0.00
0.00
0.00
0.00
0.00
0.00
0.00
0.00
1301.94
303.62
1059.65
0.00
220.46
0.00
0.00
313.39
0.00
1160.03
208.39
0.00
0.00
98.47
0.00
0.00
114.53
0.00
0.00
130.04
61.39
0.00
199.51
0.00
0.00
206.46
1318.24
0.00
205.55
0.00
0.00
0.00
0.00
0.00
0.00
0.00
0.00
0.00
0.00
0.00
0.00
0.00
0.00
0.00
0.00
0.00
0.00
0.00
0.00
0.00
0.00
0.00
0.00
0.00
0.00
0.00
0.00
0.00
0.00
0.00
0.00
0.00
0.00
0.00
0.00
0.00
0.00
0.00
0.00
0.00
0.00
0.00
0.00
0.00
0.00
0.00
0.00
789.33
0.00
0.00
573.12
0.00
0.00
814.74
0.00
0.00
541.76
0.00
0.00
255.98
0.00
0.00
297.75
0.00
0.00
338.07
0.00
928.01
518.66
0.00
0.00
536.74
0.00
0.00
534.36
0.00
0.00
0.00
0.00
0.00
0.00
0.00
0.00
0.00
0.00
0.00
0.00
0.00
0.00
0.00
0.00
0.00
0.00
0.00
0.00
0.00
0.00
0.00
0.00
0.00
0.00
0.00
0.00
0.00
0.00
0.00
0.00
0.00
0.00
0.00
0.00
0.00
0.00
0.00
0.00
0.00
0.00
0.00
0.00
0.00
0.00
0.00
0.00
916.28
0.00
0.00
665.31
0.00
0.00
945.78
0.00
0.00
628.89
1228.13
0.00
297.16
0.00
0.00
345.64
0.00
0.00
392.44
0.00
0.00
602.08
0.00
0.00
623.07
1137.66
0.00
620.30
0.00
0.00
0.00
0.00
0.00
0.00
0.00
0.00
0.00
0.00
0.00
0.00
0.00
0.00
0.00
0.00
0.00
0.00
0.00
0.00
0.00
0.00
0.00
0.00
0.00
0.00
0.00
0.00
0.00
0.00
0.00
0.00
0.00
0.00
0.00
0.00
0.00
0.00
0.00
0.00
0.00
0.00
0.00
0.00
0.00
0.00
0.00
0.00
360.55
333.89
0.00
453.49
0.00
0.00
348.49
0.00
0.00
238.56
0.00
0.00
254.63
900.09
0.00
270.14
0.00
0.00
339.60
310.46
756.63
346.56
0.00
0.00
345.64
0.00
1308.82
0.00
0.00
0.00
0.00
0.00
0.00
0.00
0.00
0.00
0.00
0.00
0.00
0.00
0.00
0.00
0.00
0.00
0.00
0.00
0.00
0.00
0.00
0.00
0.00
0.00
0.00
0.00
0.00
0.00
0.00
0.00
0.00
0.00
0.00
0.00
0.00
0.00
0.00
0.00
0.00
0.00
0.00
0.00
0.00
0.00
0.00
0.00
0.00
0.00
937.33
0.00
0.00
1178.94
899.59
0.00
905.96
0.00
0.00
620.19
0.00
0.00
661.95
0.00
0.00
702.27
0.00
0.00
882.86
0.00
0.00
900.95
0.00
0.00
898.56
0.00
0.00
0.00
0.00
0.00
0.00
0.00
0.00
0.00
0.00
0.00
0.00
0.00
0.00
0.00
0.00
0.00
0.00
0.00
0.00
0.00
0.00
0.00
0.00
0.00
0.00
0.00
0.00
0.00
0.00
0.00
0.00
0.00
0.00
0.00
0.00
0.00
0.00
0.00
0.00
0.00
0.00
0.00
0.00
0.00
0.00
0.00
0.00
0.00
0.00
659.66
1088.09
0.00
0.00
1368.56
0.00
0.00
1051.68
457.27
0.00
719.94
0.00
137.47
768.42
0.00
789.18
815.23
0.00
0.00
1024.86
1119.37
0.00
1045.86
0.00
0.00
1043.09
0.00
0.00
0.00
0.00
0.00
0.00
0.00
0.00
0.00
0.00
0.00
0.00
0.00
0.00
0.00
0.00
0.00
0.00
0.00
0.00
0.00
0.00
0.00
0.00
0.00
0.00
0.00
0.00
0.00
0.00
0.00
0.00
0.00
0.00
0.00
0.00
0.00
0.00
0.00
0.00
0.00
0.00
0.00
0.00
0.00
0.00
0.00
0.00
0.00
0.00
0.00
370.32
0.00
0.00
265.32
0.00
0.00
155.40
0.00
0.00
171.46
0.00
0.00
186.97
0.00
0.00
256.44
0.00
584.51
263.39
0.00
0.00
262.48
585.39
0.00
0.00
0.00
0.00
0.00
0.00
0.00
0.00
0.00
0.00
0.00
0.00
0.00
0.00
0.00
0.00
0.00
0.00
0.00
0.00
0.00
0.00
0.00
0.00
0.00
0.00
0.00
0.00
0.00
0.00
0.00
0.00
0.00
0.00
0.00
0.00
0.00
0.00
0.00
0.00
0.00
0.00
0.00
0.00
0.00
0.00
0.00
0.00
0.00
0.00
0.00
1286.42
1220.15
962.74
0.00
0.00
689.76
0.00
0.00
403.98
0.00
0.00
445.75
0.00
1144.04
486.07
0.00
0.00
666.66
0.00
93.26
684.74
0.00
0.00
682.36
38.58
0.00
0.00
0.00
0.00
0.00
0.00
0.00
0.00
0.00
0.00
0.00
0.00
0.00
0.00
0.00
0.00
0.00
0.00
0.00
0.00
0.00
0.00
0.00
0.00
0.00
0.00
0.00
0.00
0.00
0.00
0.00
0.00
0.00
0.00
0.00
0.00
0.00
0.00
0.00
0.00
0.00
0.00
0.00
0.00
0.00
0.00
0.00
0.00
0.00
0.00
0.00
0.00
1132.10
1117.59
0.00
0.00
800.70
0.00
0.00
468.96
0.00
478.89
517.44
0.00
0.00
564.25
1319.91
0.00
773.89
0.00
0.00
794.88
0.00
0.00
792.11
0.00
0.00
0.00
0.00
0.00
0.00
0.00
0.00
0.00
0.00
0.00
0.00
0.00
0.00
0.00
0.00
0.00
0.00
0.00
0.00
0.00
0.00
0.00
0.00
0.00
0.00
0.00
0.00
0.00
0.00
0.00
0.00
0.00
0.00
0.00
0.00
0.00
0.00
0.00
0.00
0.00
0.00
0.00
0.00
0.00
0.00
0.00
0.00
0.00
0.00
0.00
0.00
0.00
0.00
358.26
84.14
0.00
248.33
0.00
0.00
264.40
0.00
0.00
279.91
0.00
140.36
349.37
0.00
1078.45
356.33
0.00
0.00
355.41
0.00
0.00
0.00
0.00
0.00
0.00
0.00
0.00
0.00
0.00
0.00
0.00
0.00
0.00
0.00
0.00
0.00
0.00
0.00
0.00
0.00
0.00
0.00
0.00
0.00
0.00
0.00
0.00
0.00
0.00
0.00
0.00
0.00
0.00
0.00
0.00
0.00
0.00
0.00
0.00
0.00
0.00
0.00
0.00
0.00
0.00
0.00
0.00
0.00
0.00
0.00
0.00
0.00
0.00
0.00
0.00
214.73
931.37
0.00
0.00
645.60
0.00
0.00
687.36
0.00
0.00
727.68
0.00
265.44
908.27
0.00
0.00
926.36
0.00
0.00
923.97
1358.05
0.00
0.00
0.00
0.00
0.00
0.00
0.00
0.00
0.00
0.00
0.00
0.00
0.00
0.00
0.00
0.00
0.00
0.00
0.00
0.00
0.00
0.00
0.00
0.00
0.00
0.00
0.00
0.00
0.00
0.00
0.00
0.00
0.00
0.00
0.00
0.00
0.00
0.00
0.00
0.00
0.00
0.00
0.00
0.00
0.00
0.00
0.00
0.00
0.00
0.00
0.00
0.00
0.00
0.00
0.00
0.00
1081.17
0.00
0.00
749.44
0.00
465.48
797.92
687.69
0.00
844.72
0.00
0.00
1054.36
0.00
0.00
1075.35
0.00
0.00
1072.58
0.00
0.00
0.00
0.00
0.00
0.00
0.00
0.00
0.00
0.00
0.00
0.00
0.00
0.00
0.00
0.00
0.00
0.00
0.00
0.00
0.00
0.00
0.00
0.00
0.00
0.00
0.00
0.00
0.00
0.00
0.00
0.00
0.00
0.00
0.00
0.00
0.00
0.00
0.00
0.00
0.00
0.00
0.00
0.00
0.00
0.00
0.00
0.00
0.00
0.00
0.00
0.00
0.00
0.00
0.00
0.00
0.00
143.33
0.00
0.00
159.40
0.00
95.46
174.91
784.96
1378.98
244.37
670.54
0.00
251.33
0.00
0.00
250.41
0.00
0.00
0.00
0.00
0.00
0.00
0.00
0.00
0.00
0.00
0.00
0.00
0.00
0.00
0.00
0.00
0.00
0.00
0.00
0.00
0.00
0.00
0.00
0.00
0.00
0.00
0.00
0.00
0.00
0.00
0.00
0.00
0.00
0.00
0.00
0.00
0.00
0.00
0.00
0.00
0.00
0.00
0.00
0.00
0.00
0.00
0.00
0.00
0.00
0.00
0.00
0.00
0.00
0.00
0.00
0.00
0.00
0.00
0.00
0.00
372.62
0.00
0.00
414.38
0.00
0.00
454.70
0.00
0.00
635.29
0.00
0.00
653.38
0.00
0.00
650.99
0.00
0.00
0.00
0.00
0.00
0.00
0.00
0.00
0.00
0.00
0.00
0.00
0.00
0.00
0.00
0.00
0.00
0.00
0.00
0.00
0.00
0.00
0.00
0.00
0.00
0.00
0.00
0.00
0.00
0.00
0.00
0.00
0.00
0.00
0.00
0.00
0.00
0.00
0.00
0.00
0.00
0.00
0.00
0.00
0.00
0.00
0.00
0.00
0.00
0.00
0.00
0.00
0.00
0.00
0.00
0.00
0.00
0.00
0.00
254.56
432.55
0.00
0.00
481.03
0.00
0.00
527.84
0.00
0.00
737.47
0.00
0.00
758.47
0.00
0.00
755.70
0.00
0.00
0.00
0.00
0.00
0.00
0.00
0.00
0.00
0.00
0.00
0.00
0.00
0.00
0.00
0.00
0.00
0.00
0.00
0.00
0.00
0.00
0.00
0.00
0.00
0.00
0.00
0.00
0.00
0.00
0.00
0.00
0.00
0.00
0.00
0.00
0.00
0.00
0.00
0.00
0.00
0.00
0.00
0.00
0.00
0.00
0.00
0.00
0.00
0.00
0.00
0.00
0.00
0.00
0.00
0.00
0.00
0.00
0.00
0.00
49.47
0.00
0.00
64.98
0.00
0.00
134.45
0.00
0.00
141.40
97.57
1127.64
140.48
0.00
0.00
0.00
0.00
0.00
0.00
0.00
0.00
0.00
0.00
0.00
0.00
0.00
0.00
0.00
0.00
0.00
0.00
0.00
0.00
0.00
0.00
0.00
0.00
0.00
0.00
0.00
0.00
0.00
0.00
0.00
0.00
0.00
0.00
0.00
0.00
0.00
0.00
0.00
0.00
0.00
0.00
0.00
0.00
0.00
0.00
0.00
0.00
0.00
0.00
0.00
0.00
0.00
0.00
0.00
0.00
0.00
0.00
0.00
0.00
0.00
0.00
0.00
128.61
0.00
0.00
168.93
0.00
0.00
349.52
0.00
0.00
367.60
0.00
0.00
365.22
0.00
0.00
0.00
0.00
0.00
0.00
0.00
0.00
0.00
0.00
0.00
0.00
0.00
0.00
0.00
0.00
0.00
0.00
0.00
0.00
0.00
0.00
0.00
0.00
0.00
0.00
0.00
0.00
0.00
0.00
0.00
0.00
0.00
0.00
0.00
0.00
0.00
0.00
0.00
0.00
0.00
0.00
0.00
0.00
0.00
0.00
0.00
0.00
0.00
0.00
0.00
0.00
0.00
0.00
0.00
0.00
0.00
0.00
0.00
0.00
0.00
0.00
0.00
149.29
0.00
0.00
196.10
0.00
0.00
405.74
0.00
0.00
426.73
263.09
268.82
423.96
0.00
0.00
0.00
0.00
0.00
0.00
0.00
0.00
0.00
0.00
0.00
0.00
0.00
0.00
0.00
0.00
0.00
0.00
0.00
0.00
0.00
0.00
0.00
0.00
0.00
0.00
0.00
0.00
0.00
0.00
0.00
0.00
0.00
0.00
0.00
0.00
0.00
0.00
0.00
0.00
0.00
0.00
0.00
0.00
0.00
0.00
0.00
0.00
0.00
0.00
0.00
0.00
0.00
0.00
0.00
0.00
0.00
0.00
0.00
0.00
0.00
528.04
0.00
81.04
0.00
0.00
150.51
0.00
0.00
157.47
48.64
0.00
156.55
0.00
0.00
0.00
0.00
0.00
0.00
0.00
0.00
0.00
0.00
0.00
0.00
0.00
0.00
0.00
0.00
0.00
0.00
0.00
0.00
0.00
0.00
0.00
0.00
0.00
0.00
0.00
0.00
0.00
0.00
0.00
0.00
0.00
0.00
0.00
0.00
0.00
0.00
0.00
0.00
0.00
0.00
0.00
0.00
0.00
0.00
0.00
0.00
0.00
0.00
0.00
0.00
0.00
0.00
0.00
0.00
0.00
0.00
0.00
0.00
0.00
0.00
0.00
0.00
0.00
0.00
210.69
0.00
0.00
391.28
0.00
0.00
409.37
0.00
0.00
406.98
0.00
0.00
0.00
0.00
0.00
0.00
0.00
0.00
0.00
0.00
0.00
0.00
0.00
0.00
0.00
0.00
0.00
0.00
0.00
0.00
0.00
0.00
0.00
0.00
0.00
0.00
0.00
0.00
0.00
0.00
0.00
0.00
0.00
0.00
0.00
0.00
0.00
0.00
0.00
0.00
0.00
0.00
0.00
0.00
0.00
0.00
0.00
0.00
0.00
0.00
0.00
0.00
0.00
0.00
0.00
0.00
0.00
0.00
0.00
0.00
0.00
0.00
0.00
0.00
0.00
0.00
244.58
0.00
0.00
454.22
0.00
0.00
475.21
0.00
0.00
472.44
0.00
0.00
0.00
0.00
0.00
0.00
0.00
0.00
0.00
0.00
0.00
0.00
0.00
0.00
0.00
0.00
0.00
0.00
0.00
0.00
0.00
0.00
0.00
0.00
0.00
0.00
0.00
0.00
0.00
0.00
0.00
0.00
0.00
0.00
0.00
0.00
0.00
0.00
0.00
0.00
0.00
0.00
0.00
0.00
0.00
0.00
0.00
0.00
0.00
0.00
0.00
0.00
0.00
0.00
0.00
0.00
0.00
0.00
0.00
0.00
0.00
0.00
0.00
0.00
0.00
0.00
166.02
810.77
0.00
172.98
0.00
0.00
172.06
813.45
0.00
0.00
0.00
0.00
0.00
0.00
0.00
0.00
0.00
0.00
0.00
0.00
0.00
0.00
0.00
0.00
0.00
0.00
0.00
0.00
0.00
0.00
0.00
0.00
0.00
0.00
0.00
0.00
0.00
0.00
0.00
0.00
0.00
0.00
0.00
0.00
0.00
0.00
0.00
0.00
0.00
0.00
0.00
0.00
0.00
0.00
0.00
0.00
0.00
0.00
0.00
0.00
0.00
0.00
0.00
0.00
0.00
0.00
0.00
0.00
0.00
0.00
0.00
0.00
0.00
0.00
0.00
0.00
431.60
1113.48
0.00
449.69
464.31
0.00
447.30
0.00
0.00
0.00
0.00
0.00
0.00
0.00
0.00
0.00
0.00
0.00
0.00
0.00
0.00
0.00
0.00
0.00
0.00
0.00
0.00
0.00
0.00
0.00
0.00
0.00
0.00
0.00
0.00
0.00
0.00
0.00
0.00
0.00
0.00
0.00
0.00
0.00
0.00
0.00
0.00
0.00
0.00
0.00
0.00
0.00
0.00
0.00
0.00
0.00
0.00
0.00
0.00
0.00
0.00
0.00
0.00
0.00
0.00
0.00
0.00
0.00
0.00
0.00
0.00
0.00
0.00
0.00
0.00
0.00
501.02
0.00
371.24
522.02
174.39
0.00
519.25
0.00
0.00
0.00
0.00
0.00
0.00
0.00
0.00
0.00
0.00
0.00
0.00
0.00
0.00
0.00
0.00
0.00
0.00
0.00
0.00
0.00
0.00
0.00
0.00
0.00
0.00
0.00
0.00
0.00
0.00
0.00
0.00
0.00
0.00
0.00
0.00
0.00
0.00
0.00
0.00
0.00
0.00
0.00
0.00
0.00
0.00
0.00
0.00
0.00
0.00
0.00
0.00
0.00
0.00
0.00
0.00
0.00
0.00
0.00
0.00
0.00
0.00
0.00
0.00
0.00
0.00
0.00
0.00
0.00
242.44
1049.96
0.00
241.52
0.00
0.00
0.00
0.00
0.00
0.00
0.00
0.00
0.00
0.00
0.00
0.00
0.00
0.00
0.00
0.00
0.00
0.00
0.00
0.00
0.00
0.00
0.00
0.00
0.00
0.00
0.00
0.00
0.00
0.00
0.00
0.00
0.00
0.00
0.00
0.00
0.00
0.00
0.00
0.00
0.00
0.00
0.00
0.00
0.00
0.00
0.00
0.00
0.00
0.00
0.00
0.00
0.00
0.00
0.00
0.00
0.00
0.00
0.00
0.00
0.00
0.00
0.00
0.00
0.00
0.00
0.00
0.00
0.00
0.00
0.00
0.00
630.28
0.00
723.31
627.89
0.00
0.00
0.00
0.00
0.00
0.00
0.00
0.00
0.00
0.00
0.00
0.00
0.00
0.00
0.00
0.00
0.00
0.00
0.00
0.00
0.00
0.00
0.00
0.00
0.00
0.00
0.00
0.00
0.00
0.00
0.00
0.00
0.00
0.00
0.00
0.00
0.00
0.00
0.00
0.00
0.00
0.00
0.00
0.00
0.00
0.00
0.00
0.00
0.00
0.00
0.00
0.00
0.00
0.00
0.00
0.00
0.00
0.00
0.00
0.00
0.00
0.00
0.00
0.00
0.00
0.00
0.00
0.00
0.00
0.00
0.00
0.00
731.65
1243.68
0.00
728.89
0.00
0.00
0.00
0.00
0.00
0.00
0.00
0.00
0.00
0.00
0.00
0.00
0.00
0.00
0.00
0.00
0.00
0.00
0.00
0.00
0.00
0.00
0.00
0.00
0.00
0.00
0.00
0.00
0.00
0.00
0.00
0.00
0.00
0.00
0.00
0.00
0.00
0.00
0.00
0.00
0.00
0.00
0.00
0.00
0.00
0.00
0.00
0.00
0.00
0.00
0.00
0.00
0.00
0.00
0.00
0.00
0.00
0.00
0.00
0.00
0.00
0.00
0.00
0.00
0.00
0.00
0.00
0.00
0.00
0.00
0.00
0.00
248.48
0.00
0.00
0.00
0.00
0.00
0.00
0.00
0.00
0.00
0.00
0.00
0.00
0.00
0.00
0.00
0.00
0.00
0.00
0.00
0.00
0.00
0.00
0.00
0.00
0.00
0.00
0.00
0.00
0.00
0.00
0.00
0.00
0.00
0.00
0.00
0.00
0.00
0.00
0.00
0.00
0.00
0.00
0.00
0.00
0.00
0.00
0.00
0.00
0.00
0.00
0.00
0.00
0.00
0.00
0.00
0.00
0.00
0.00
0.00
0.00
0.00
0.00
0.00
0.00
0.00
0.00
0.00
0.00
0.00
0.00
0.00
0.00
0.00
0.00
0.00
645.98
1138.01
0.00
0.00
0.00
0.00
0.00
0.00
0.00
0.00
0.00
0.00
0.00
0.00
0.00
0.00
0.00
0.00
0.00
0.00
0.00
0.00
0.00
0.00
0.00
0.00
0.00
0.00
0.00
0.00
0.00
0.00
0.00
0.00
0.00
0.00
0.00
0.00
0.00
0.00
0.00
0.00
0.00
0.00
0.00
0.00
0.00
0.00
0.00
0.00
0.00
0.00
0.00
0.00
0.00
0.00
0.00
0.00
0.00
0.00
0.00
0.00
0.00
0.00
0.00
0.00
0.00
0.00
0.00
0.00
0.00
0.00
0.00
0.00
0.00
0.00
749.88
0.00
0.00
0.00
0.00
0.00
0.00
0.00
0.00
0.00
0.00
0.00
0.00
0.00
0.00
0.00
0.00
0.00
0.00
0.00
0.00
0.00
0.00
0.00
0.00
0.00
0.00
0.00
0.00
0.00
0.00
0.00
0.00
0.00
0.00
0.00
0.00
0.00
0.00
0.00
0.00
0.00
0.00
0.00
0.00
0.00
0.00
0.00
0.00
0.00
0.00
0.00
0.00
0.00
0.00
0.00
0.00
0.00
0.00
0.00
0.00
0.00
0.00
0.00
0.00
0.00
0.00
0.00
0.00
0.00
0.00
0.00
0.00
0.00
0.00
0.00
0.00
0.00
0.00
0.00
0.00
0.00
0.00
0.00
0.00
0.00
0.00
0.00
0.00
0.00
0.00
0.00
0.00
0.00
0.00
0.00
0.00
0.00
0.00
0.00
0.00
0.00
0.00
0.00
0.00
0.00
0.00
0.00
0.00
0.00
0.00
0.00
0.00
0.00
0.00
0.00
0.00
0.00
0.00
0.00
0.00
0.00
0.00
0.00
0.00
0.00
0.00
0.00
0.00
0.00
0.00
0.00
0.00
0.00
0.00
0.00
0.00
0.00
0.00
0.00
0.00
0.00
0.00
0.00
0.00
0.00
0.00
0.00
0.00
0.00
0.00
0.00
0.00
0.00
0.00
0.00
0.00
0.00
0.00
0.00
0.00
0.00
0.00
0.00
0.00
0.00
0.00
0.00
0.00
0.00
0.00
0.00
0.00
0.00
0.00
0.00
0.00
0.00
0.00
0.00
0.00
0.00
0.00
0.00
0.00
0.00
0.00
0.00
0.00
0.00
0.00
0.00
0.00
0.00
0.00
0.00
0.00
0.00
0.00
0.00
0.00
0.00
0.00
0.00
0.00
0.00
0.00
0.00
0.00
0.00
0.00
0.00
0.00
0.00
0.00
0.00
0.00
0.00
0.00
0.00
0.00
0.00
0.00
0.00
0.00
0.00
