0.00
0.00
0.00
0.00
277.38
0.00
0.00
0.00
303.17
0.00
0.00
0.00
269.04
368.52
0.00
253.17
265.10
0.00
0.00
0.00
379.37
89.51
649.16
410.30
387.22
0.00
0.00
0.00
356.91
0.00
0.00
0.00
295.57
0.00
196.96
0.00
205.23
336.81
0.00
0.00
219.01
0.00
0.00
8.22
173.37
507.10
0.00
0.00
308.58
0.00
0.00
0.00
325.30
0.00
0.00
0.00
239.67
0.00
0.00
0.00
379.76
601.26
0.00
0.00
296.60
0.00
0.00
0.00
389.54
0.00
0.00
0.00
284.53
0.00
0.00
0.00
174.61
0.00
0.00
0.00
190.67
0.00
188.59
0.00
206.18
0.00
0.00
0.00
275.65
0.00
0.00
0.00
282.60
0.00
0.00
0.00
281.69
0.00
0.00
0.00
0.00
0.00
0.00
0.00
28.46
721.10
0.00
0.00
0.00
788.16
0.00
0.00
553.44
699.41
0.00
0.00
0.00
689.19
0.00
0.00
0.00
986.25
0.00
1390.30
0.00
1006.66
0.00
0.00
1207.57
927.86
183.17
1357.52
528.06
768.41
0.00
0.00
0.00
533.54
0.00
0.00
0.00
569.36
0.00
0.00
0.00
450.72
0.00
0.00
0.00
802.22
0.00
0.00
0.00
845.70
0.00
0.00
0.00
623.06
0.00
0.00
0.00
987.27
501.20
0.00
267.63
771.07
0.00
891.70
0.00
1012.68
0.00
0.00
0.00
739.70
0.00
0.00
0.00
453.93
0.00
0.00
0.00
495.69
0.00
0.00
0.00
536.01
0.00
0.00
0.00
716.60
0.00
0.00
0.00
734.68
0.00
0.00
0.00
732.30
0.00
0.00
0.00
0.00
0.00
430.27
0.00
0.00
837.08
1152.23
0.00
0.00
914.93
0.00
0.00
0.00
811.91
0.00
0.00
0.00
800.04
0.00
0.00
490.45
1144.88
0.00
0.00
0.00
1168.58
0.00
0.00
0.00
1077.09
0.00
0.00
0.00
892.00
0.00
0.00
0.00
619.35
0.00
0.00
968.70
660.94
0.00
0.00
0.00
523.21
0.00
0.00
0.00
931.25
0.00
0.00
0.00
981.72
0.00
0.00
0.00
723.28
0.00
0.00
0.00
1146.06
0.00
0.00
0.00
895.08
0.00
635.04
0.00
1175.56
0.00
0.00
0.00
858.67
0.00
0.00
0.00
526.94
0.00
928.45
0.00
575.42
0.00
0.00
0.00
622.22
0.00
0.00
852.57
831.86
0.00
0.00
0.00
852.85
0.00
0.00
0.00
850.08
0.00
0.00
0.00
0.00
0.00
0.00
0.00
217.55
79.35
970.99
1017.68
0.00
86.73
0.00
0.00
0.00
76.96
0.00
0.00
0.00
75.84
0.00
0.00
236.11
108.53
0.00
0.00
0.00
110.77
0.00
0.00
0.00
102.10
0.00
0.00
0.00
84.56
202.89
1221.33
0.00
58.71
0.00
0.00
0.00
62.65
0.00
0.00
0.00
49.60
0.00
1059.19
0.00
88.28
0.00
0.00
0.00
93.06
0.00
0.00
0.00
68.56
0.00
0.00
0.00
108.64
0.00
0.00
0.00
84.85
0.00
0.00
0.00
111.44
0.00
0.00
0.00
81.40
0.00
0.00
0.00
49.95
0.00
0.00
0.00
54.55
0.00
0.00
0.00
58.98
914.19
0.00
0.00
78.86
0.00
0.00
0.00
80.85
0.00
256.69
0.00
80.58
0.00
0.00
0.00
0.00
0.00
0.00
0.00
0.00
264.74
0.00
0.00
0.00
230.61
0.00
0.00
0.00
226.67
0.00
0.00
0.00
340.94
0.00
0.00
1026.54
348.79
0.00
781.64
0.00
318.48
0.00
0.00
0.00
257.15
0.00
0.00
0.00
166.80
0.00
0.00
0.00
180.58
0.00
0.00
0.00
134.94
0.00
0.00
0.00
270.15
0.00
0.00
183.13
286.87
0.00
0.00
16.79
201.24
0.00
331.19
0.00
341.33
0.00
0.00
0.00
258.17
0.00
0.00
0.00
351.11
0.00
0.00
365.64
246.10
648.86
0.00
0.00
136.18
0.00
0.00
0.00
152.24
637.49
0.00
0.00
167.75
0.00
0.00
0.00
237.22
0.00
0.00
198.11
244.17
0.00
0.00
700.98
243.26
0.00
0.00
0.00
0.00
0.00
0.00
0.00
0.00
0.00
833.11
0.00
0.00
688.25
0.00
0.00
0.00
599.51
0.00
96.24
979.12
589.29
0.00
0.00
0.00
886.35
346.62
0.00
0.00
906.76
0.00
0.00
0.00
827.95
0.00
230.70
0.00
668.50
1071.82
457.27
0.00
433.63
0.00
0.00
0.00
469.46
0.00
0.00
0.00
350.81
0.00
0.00
0.00
702.32
0.00
806.58
0.00
745.79
0.00
0.00
0.00
523.16
0.00
332.91
0.00
887.36
0.00
0.00
0.00
671.16
0.00
0.00
0.00
912.77
0.00
0.00
0.00
639.79
0.00
0.00
1386.14
354.02
0.00
905.41
0.00
395.78
0.00
0.00
408.71
436.10
0.00
0.00
0.00
616.69
0.00
0.00
0.00
634.78
0.00
986.10
58.23
632.39
0.00
0.00
0.00
0.00
0.00
0.00
0.00
0.00
0.00
0.00
1021.72
0.00
798.95
0.00
674.10
0.00
695.93
0.00
0.00
0.00
684.07
384.23
1375.33
0.00
1028.91
0.00
0.00
0.00
1052.60
0.00
0.00
0.00
961.12
0.00
0.00
0.00
776.03
0.00
0.00
0.00
503.38
0.00
0.00
0.00
544.96
0.00
0.00
1195.81
407.24
0.00
0.00
0.00
815.28
0.00
876.38
0.00
865.75
604.18
0.00
0.00
607.30
0.00
0.00
0.00
1030.09
0.00
0.00
0.00
779.11
0.00
0.00
0.00
1059.58
0.00
0.00
0.00
742.70
0.00
0.00
0.00
410.96
1033.45
0.00
0.00
459.44
0.00
0.00
0.00
506.25
0.00
1322.41
0.00
715.88
0.00
628.20
0.00
736.88
0.00
0.00
0.00
734.11
0.00
0.00
0.00
0.00
0.00
0.00
0.00
0.00
0.00
0.00
0.00
0.00
75.74
0.00
0.00
0.00
65.97
936.81
0.00
0.00
64.85
0.00
172.77
0.00
97.53
0.00
0.00
0.00
99.78
744.22
0.00
0.00
91.11
0.00
1241.98
0.00
73.56
0.00
0.00
0.00
47.72
0.00
1121.95
0.00
51.66
0.00
0.00
0.00
38.60
0.00
0.00
0.00
77.28
0.00
0.00
0.00
82.07
828.64
1090.74
0.00
57.57
0.00
0.00
0.00
97.65
973.51
944.50
0.00
73.85
0.00
0.00
0.00
100.44
0.00
0.00
0.00
70.40
0.00
0.00
0.00
38.96
0.00
0.00
0.00
43.55
0.00
0.00
0.00
47.99
0.00
475.77
847.05
67.86
0.00
0.00
0.00
69.85
0.00
1247.53
0.00
69.59
0.00
0.00
0.00
0.00
0.00
0.00
0.00
0.00
0.00
270.19
0.00
0.00
256.40
0.00
0.00
0.00
252.47
0.00
0.00
706.31
366.74
0.00
0.00
0.00
374.59
0.00
0.00
1398.77
344.27
0.00
0.00
951.57
282.94
0.00
0.00
1201.25
192.59
0.00
0.00
0.00
206.37
0.00
0.00
0.00
160.74
1194.06
0.00
0.00
295.95
0.00
266.78
0.00
312.67
0.00
0.00
0.00
227.03
0.00
0.00
0.00
367.13
0.00
0.00
1272.35
283.96
323.97
0.00
0.00
376.90
0.00
0.00
0.00
271.90
0.00
438.52
0.00
161.97
1367.69
0.00
0.00
178.04
0.00
390.38
0.00
193.55
0.00
0.00
0.00
263.01
0.00
0.00
0.00
269.97
0.00
0.00
1342.50
269.05
0.00
0.00
0.00
0.00
0.00
0.00
0.00
0.00
0.00
0.00
0.00
0.00
0.00
0.00
0.00
0.00
666.57
0.00
0.00
0.00
656.34
0.00
0.00
0.00
953.40
0.00
0.00
0.00
973.82
0.00
0.00
613.37
895.01
0.00
0.00
0.00
735.56
463.86
103.02
0.00
500.69
1237.07
0.00
0.00
536.51
0.00
0.00
0.00
417.87
0.00
1263.13
0.00
769.37
0.00
0.00
0.00
812.85
8.42
0.00
0.00
590.22
0.00
0.00
0.00
954.42
177.02
0.00
0.00
738.22
0.00
0.00
0.00
979.83
0.00
0.00
0.00
706.85
0.00
0.00
0.00
421.08
0.00
950.52
0.00
462.84
694.93
0.00
0.00
503.16
0.00
0.00
0.00
683.75
0.00
0.00
888.32
701.84
458.48
0.00
0.00
699.45
0.00
935.31
0.00
0.00
0.00
0.00
0.00
0.00
0.00
0.00
0.00
0.00
0.00
0.00
0.00
0.00
773.78
0.00
0.00
0.00
761.91
0.00
0.00
0.00
1106.75
0.00
0.00
0.00
1130.45
0.00
672.83
0.00
1038.96
0.00
0.00
0.00
853.87
0.00
0.00
0.00
581.22
0.00
0.00
0.00
622.81
0.00
0.00
0.00
485.08
0.00
0.00
388.00
893.12
638.61
0.00
0.00
943.59
0.00
0.00
0.00
685.15
0.00
0.00
0.00
1107.93
0.00
0.00
0.00
856.95
0.00
0.00
642.14
1137.43
0.00
0.00
0.00
820.54
0.00
0.00
0.00
488.80
0.00
0.00
0.00
537.28
0.00
0.00
0.00
584.09
0.00
0.00
1020.36
793.73
0.00
0.00
0.00
814.72
0.00
0.00
927.12
811.95
0.00
0.00
0.00
0.00
0.00
0.00
0.00
0.00
0.00
0.00
0.00
0.00
0.00
0.00
454.48
0.00
73.35
0.00
0.00
0.00
72.22
0.00
0.00
0.00
104.91
0.00
0.00
0.00
107.16
0.00
0.00
0.00
98.49
0.00
0.00
0.00
80.94
0.00
0.00
0.00
55.10
0.00
0.00
0.00
59.04
0.00
0.00
1372.49
45.98
0.00
0.00
0.00
84.66
0.00
0.00
1123.92
89.45
0.00
0.00
0.00
64.95
0.00
0.00
723.39
105.03
0.00
0.00
43.18
81.23
0.00
0.00
0.00
107.82
0.00
0.00
0.00
77.78
0.00
0.00
0.00
46.34
0.00
0.00
0.00
50.93
0.00
0.00
0.00
55.37
0.00
0.00
0.00
75.24
0.00
0.00
0.00
77.23
0.00
0.00
0.00
76.97
0.00
0.00
0.00
0.00
0.00
0.00
0.00
0.00
0.00
0.00
0.00
0.00
0.00
0.00
0.00
1164.82
218.33
0.00
0.00
0.00
332.60
0.00
0.00
0.00
340.45
769.75
0.00
0.00
310.14
0.00
0.00
0.00
248.80
80.77
0.00
1069.47
158.46
0.00
0.00
11.61
172.24
0.00
0.00
0.00
126.60
0.00
0.00
0.00
261.81
0.00
0.00
0.00
278.53
266.69
0.00
0.00
192.90
849.31
0.00
0.00
332.99
0.00
0.00
0.00
249.83
0.00
0.00
0.00
342.76
0.00
0.00
0.00
237.76
807.40
0.00
0.00
127.83
0.00
767.43
0.00
143.90
0.00
0.00
0.00
159.41
0.00
1020.15
1340.45
228.87
0.00
0.00
0.00
235.83
0.00
0.00
0.00
234.91
1323.66
492.36
0.00
0.00
0.00
0.00
0.00
0.00
0.00
0.00
0.00
0.00
0.00
0.00
0.00
0.00
0.00
0.00
945.27
671.64
567.60
0.00
0.00
524.31
864.66
0.00
0.00
0.00
885.07
11.42
0.00
229.37
806.26
0.00
0.00
0.00
646.82
0.00
0.00
0.00
411.95
0.00
0.00
0.00
447.77
0.00
0.00
0.00
329.12
0.00
0.00
0.00
680.63
0.00
0.00
0.00
724.10
0.00
0.00
0.00
501.47
0.00
0.00
0.00
865.68
0.00
0.00
0.00
649.47
0.00
685.73
0.00
891.09
0.00
0.00
0.00
618.11
0.00
0.00
0.00
332.33
0.00
0.00
0.00
374.10
0.00
0.00
0.00
414.42
0.00
0.00
0.00
595.01
1207.38
0.00
0.00
613.09
733.13
0.00
0.00
610.71
0.00
0.00
0.00
0.00
0.00
0.00
0.00
0.00
0.00
0.00
0.00
0.00
0.00
0.00
0.00
0.00
0.00
0.00
0.00
0.00
658.89
119.81
0.00
0.00
1003.73
0.00
0.00
0.00
1027.43
0.00
0.00
0.00
935.95
0.00
0.00
0.00
750.85
0.00
1038.40
681.72
478.20
551.27
0.00
0.00
519.79
0.00
0.00
0.00
382.06
0.00
0.00
0.00
790.10
4.40
0.00
0.00
840.57
0.00
0.00
0.00
582.13
0.00
1005.01
0.00
1004.91
0.00
330.38
689.12
753.93
0.00
0.00
0.00
1034.41
0.00
0.00
0.00
717.52
0.00
0.00
0.00
385.79
0.00
0.00
0.00
434.27
516.11
0.00
0.00
481.07
0.00
0.00
0.00
690.71
0.00
0.00
0.00
711.70
0.00
0.00
0.00
708.93
0.00
0.00
0.00
0.00
0.00
0.00
0.00
0.00
0.00
0.00
0.00
0.00
0.00
0.00
0.00
0.00
0.00
0.00
0.00
0.00
62.46
0.00
0.00
0.00
95.15
670.72
0.00
0.00
97.39
0.00
0.00
0.00
88.72
0.00
0.00
0.00
71.18
0.00
0.00
1158.64
45.33
0.00
0.00
0.00
49.27
151.70
0.00
678.92
36.22
0.00
0.00
0.00
74.90
0.00
1370.88
0.00
79.68
0.00
0.00
0.00
55.18
0.00
0.00
0.00
95.26
0.00
0.00
0.00
71.47
381.05
0.00
0.00
98.06
0.00
0.00
0.00
68.02
0.00
0.00
0.00
36.57
0.00
0.00
0.00
41.17
0.00
426.25
0.00
45.60
0.00
0.00
0.00
65.48
0.00
0.00
0.00
67.47
0.00
0.00
0.00
67.20
0.00
0.00
0.00
0.00
0.00
0.00
0.00
0.00
0.00
0.00
0.00
0.00
0.00
0.00
0.00
0.00
0.00
0.00
0.00
0.00
328.67
0.00
0.00
0.00
336.52
0.00
0.00
0.00
306.20
0.00
0.00
0.00
244.87
0.00
0.00
0.00
154.53
0.00
0.00
0.00
168.31
0.00
0.00
31.15
122.67
1219.61
0.00
0.00
257.88
0.00
0.00
0.00
274.60
1198.18
0.00
176.87
188.96
0.00
0.00
0.00
329.06
0.00
0.00
589.47
245.89
0.00
0.00
0.00
338.83
0.00
0.00
0.00
233.83
1040.06
941.44
0.00
123.90
767.28
0.00
1351.39
139.97
0.00
0.00
0.00
155.48
195.31
537.98
0.00
224.94
0.00
0.00
760.96
231.90
0.00
0.00
0.00
230.98
1164.58
0.00
0.00
0.00
0.00
0.00
0.00
0.00
0.00
0.00
0.00
0.00
0.00
0.00
0.00
0.00
0.00
0.00
0.00
0.00
0.00
0.00
0.00
0.00
854.44
0.00
0.00
0.00
874.85
253.11
639.67
0.00
796.04
0.00
0.00
0.00
636.59
0.00
629.97
0.00
401.72
0.00
0.00
1208.52
437.55
0.00
798.31
0.00
318.90
0.00
0.00
0.00
670.41
0.00
0.00
156.78
713.88
913.75
0.00
0.00
491.25
0.00
0.00
0.00
855.45
0.00
0.00
0.00
639.25
564.39
0.00
0.00
880.86
0.00
0.00
0.00
607.88
0.00
0.00
137.48
322.11
0.00
0.00
0.00
363.87
0.00
0.00
0.00
404.20
0.00
0.00
0.00
584.79
0.00
0.00
0.00
602.87
0.00
300.51
0.00
600.48
0.00
0.00
0.00
0.00
0.00
0.00
0.00
0.00
0.00
0.00
0.00
0.00
0.00
0.00
0.00
0.00
0.00
0.00
0.00
0.00
0.00
0.00
0.00
841.31
991.87
0.00
0.00
697.87
1015.56
0.00
542.43
0.00
924.08
0.00
0.00
0.00
738.98
0.00
0.00
1353.49
466.34
0.00
1003.39
0.00
507.92
0.00
0.00
0.00
370.20
0.00
1104.29
0.00
778.24
0.00
645.74
0.00
828.70
0.00
0.00
0.00
570.26
1195.55
0.00
0.00
993.05
0.00
26.67
0.00
742.07
0.00
0.00
0.00
1022.54
0.00
0.00
0.00
705.66
0.00
1244.56
0.00
373.92
0.00
0.00
0.00
422.40
0.00
0.00
0.00
469.21
0.00
0.00
0.00
678.84
0.00
394.78
0.00
699.84
0.00
0.00
0.00
697.07
0.00
0.00
0.00
0.00
0.00
0.00
0.00
0.00
0.00
0.00
0.00
0.00
0.00
0.00
0.00
0.00
0.00
0.00
0.00
0.00
0.00
1401.94
0.00
0.00
94.02
0.00
0.00
0.00
96.27
0.00
1062.42
0.00
87.60
0.00
0.00
0.00
70.05
0.00
0.00
0.00
44.21
0.00
0.00
0.00
48.15
0.00
0.00
0.00
35.09
0.00
0.00
0.00
73.77
0.00
1281.30
0.00
78.56
0.00
0.00
0.00
54.06
0.00
0.00
0.00
94.13
0.00
0.00
0.00
70.34
543.64
919.02
0.00
96.93
0.00
877.59
0.00
66.89
0.00
0.00
0.00
35.45
0.00
0.00
0.00
40.04
0.00
0.00
0.00
44.48
0.00
0.00
0.00
64.35
0.00
1173.83
0.00
66.34
0.00
0.00
0.00
66.08
0.00
0.00
0.00
0.00
0.00
0.00
0.00
0.00
0.00
0.00
0.00
0.00
0.00
0.00
0.00
0.00
0.00
0.00
0.00
0.00
0.00
1071.10
0.00
561.10
450.79
0.00
0.00
0.00
420.47
0.00
0.00
0.00
359.14
0.00
0.00
0.00
268.79
859.61
0.00
0.00
282.57
941.64
0.00
0.00
236.94
0.00
0.00
0.00
372.15
0.00
0.00
1268.55
388.87
0.00
230.10
0.00
303.23
0.00
904.59
0.00
443.33
0.00
1045.90
251.03
360.16
0.00
0.00
0.00
453.10
0.00
0.00
528.45
348.09
0.00
0.00
0.00
238.17
0.00
0.00
0.00
254.23
78.57
0.00
0.00
269.74
0.00
0.00
896.56
339.21
0.00
938.46
447.33
346.17
0.00
0.00
0.00
345.25
0.00
534.02
0.00
0.00
0.00
0.00
0.00
0.00
0.00
0.00
0.00
0.00
0.00
0.00
0.00
0.00
0.00
0.00
0.00
0.00
0.00
0.00
0.00
0.00
0.00
0.00
0.00
0.00
1171.91
0.00
0.00
0.00
1093.10
0.00
0.00
0.00
933.66
0.00
1046.97
0.00
698.79
0.00
0.00
0.00
734.61
0.00
0.00
1270.86
615.96
217.03
0.00
0.00
967.47
0.00
0.00
0.00
1010.94
0.00
0.00
0.00
788.31
0.00
0.00
0.00
1152.52
21.22
0.00
0.00
936.31
0.00
0.00
0.00
1177.92
0.00
0.00
0.00
904.95
0.00
0.00
0.00
619.17
0.00
0.00
0.00
660.94
0.00
70.60
0.00
701.26
0.00
0.00
0.00
881.85
0.00
0.00
1094.09
899.93
0.00
242.80
1039.91
897.55
0.00
0.00
0.00
0.00
0.00
0.00
0.00
0.00
0.00
0.00
0.00
0.00
0.00
0.00
0.00
0.00
0.00
0.00
0.00
0.00
0.00
0.00
0.00
0.00
0.00
0.00
0.00
0.00
1360.40
0.00
0.00
0.00
1268.92
0.00
0.00
0.00
1083.83
0.00
0.00
0.00
811.18
0.00
1082.21
0.00
852.77
0.00
0.00
0.00
715.04
0.00
0.00
0.00
1123.08
430.25
0.00
0.00
1173.55
0.00
0.00
0.00
915.10
0.00
0.00
0.00
1337.89
345.37
0.00
0.00
1086.91
0.00
0.00
0.00
1367.38
0.00
0.00
0.00
1050.50
0.00
0.00
1270.69
718.76
0.00
0.00
0.00
767.24
0.00
0.00
0.00
814.05
0.00
0.00
0.00
1023.69
0.00
975.96
0.00
1044.68
0.00
0.00
0.00
1041.91
0.00
0.00
0.00
0.00
0.00
0.00
0.00
0.00
0.00
0.00
0.00
0.00
0.00
0.00
0.00
0.00
0.00
0.00
0.00
0.00
0.00
0.00
0.00
0.00
0.00
0.00
0.00
0.00
128.96
0.00
669.02
0.00
120.29
0.00
1280.47
0.00
102.74
1005.61
0.00
0.00
76.89
0.00
0.00
0.00
80.84
0.00
0.00
0.00
67.78
0.00
0.00
0.00
106.46
0.00
0.00
0.00
111.25
0.00
788.73
0.00
86.75
0.00
0.00
456.60
126.82
154.63
1032.37
0.00
103.03
0.00
0.00
864.42
129.62
0.00
0.00
0.00
99.58
0.00
0.00
0.00
68.13
653.63
0.00
0.00
72.73
476.01
344.32
0.00
77.17
0.00
0.00
144.41
97.04
0.00
216.57
963.71
99.03
0.00
0.00
0.00
98.77
0.00
0.00
0.00
0.00
0.00
0.00
0.00
0.00
0.00
0.00
0.00
0.00
0.00
0.00
0.00
0.00
0.00
0.00
0.00
0.00
0.00
0.00
0.00
0.00
0.00
0.00
0.00
0.00
428.32
0.00
0.00
0.00
366.99
246.83
0.00
431.28
276.65
0.00
0.00
0.00
290.43
0.00
0.00
0.00
244.79
0.00
0.00
0.00
380.00
0.00
0.00
1018.72
396.72
0.00
0.00
0.00
311.08
0.00
353.75
0.00
451.18
0.00
0.00
0.00
368.01
0.00
0.00
0.00
460.95
725.13
1031.79
1333.96
355.95
0.00
0.00
761.82
246.02
0.00
895.67
0.00
262.09
0.00
199.20
0.00
277.60
0.00
0.00
1063.03
347.06
0.00
0.00
0.00
354.02
0.00
0.00
0.00
353.10
0.00
0.00
0.00
0.00
0.00
0.00
0.00
0.00
0.00
0.00
0.00
0.00
0.00
0.00
0.00
0.00
0.00
0.00
0.00
0.00
0.00
0.00
0.00
0.00
0.00
0.00
0.00
0.00
0.00
0.00
0.00
0.00
1113.52
0.00
0.00
0.00
954.07
0.00
0.00
474.17
719.20
0.00
0.00
0.00
755.02
0.00
0.00
0.00
636.38
0.00
0.00
0.00
987.88
0.00
0.00
0.00
1031.36
0.00
0.00
0.00
808.72
0.00
0.00
0.00
1172.93
1176.40
0.00
0.00
956.72
0.00
0.00
0.00
1198.34
0.00
0.00
0.00
925.36
0.00
0.00
0.00
639.58
0.00
0.00
0.00
681.35
0.00
0.00
0.00
721.67
0.00
0.00
0.00
902.26
438.69
1333.77
0.00
920.34
0.00
0.00
0.00
917.96
0.00
0.00
0.00
0.00
0.00
0.00
0.00
0.00
0.00
0.00
0.00
0.00
0.00
0.00
0.00
0.00
0.00
0.00
0.00
0.00
0.00
0.00
0.00
0.00
0.00
0.00
0.00
0.00
0.00
284.35
0.00
0.00
1292.62
0.00
0.00
0.00
1107.52
0.00
0.00
0.00
834.87
0.00
0.00
0.00
876.46
0.00
222.71
0.00
738.73
0.00
308.91
0.00
1146.77
0.00
0.00
0.00
1197.24
0.00
0.00
0.00
938.80
0.00
0.00
0.00
1361.58
0.00
1178.13
0.00
1110.61
0.00
0.00
0.00
1391.08
0.00
0.00
0.00
1074.19
0.00
280.00
0.00
742.46
0.00
0.00
0.00
790.94
0.00
940.73
0.00
837.74
0.00
0.00
384.15
1047.38
78.07
0.00
0.00
1068.37
0.00
0.00
0.00
1065.60
0.00
0.00
0.00
0.00
0.00
0.00
0.00
0.00
0.00
0.00
0.00
0.00
0.00
0.00
0.00
0.00
0.00
0.00
0.00
0.00
0.00
0.00
0.00
0.00
0.00
0.00
0.00
0.00
0.00
0.00
0.00
0.00
122.53
0.00
0.00
0.00
104.99
0.00
0.00
0.00
79.14
0.00
0.00
0.00
83.08
563.03
0.00
0.00
70.03
0.00
0.00
864.02
108.71
0.00
0.00
0.00
113.49
0.00
0.00
0.00
88.99
0.00
0.00
0.00
129.07
0.00
0.00
0.00
105.28
0.00
0.00
0.00
131.87
0.00
0.00
71.86
101.83
0.00
0.00
0.00
70.38
820.62
0.00
0.00
74.98
0.00
0.00
0.00
79.41
1125.42
0.00
0.00
99.29
0.00
0.00
1143.51
101.28
0.00
0.00
0.00
101.01
0.00
0.00
0.00
0.00
0.00
0.00
0.00
0.00
0.00
0.00
0.00
0.00
0.00
0.00
0.00
0.00
0.00
0.00
0.00
0.00
0.00
0.00
0.00
0.00
0.00
0.00
0.00
0.00
0.00
0.00
604.80
0.00
336.68
0.00
0.00
0.00
246.33
0.00
0.00
0.00
260.11
0.00
0.00
0.00
214.47
0.00
0.00
1267.98
349.68
920.84
0.00
0.00
366.41
0.00
0.00
0.00
280.77
1002.72
0.00
0.00
420.86
0.00
0.00
0.00
337.70
639.27
0.00
0.00
430.64
0.00
0.00
0.00
325.63
49.29
0.00
0.00
215.71
0.00
0.00
0.00
231.77
0.00
0.00
0.00
247.28
0.00
0.00
0.00
316.75
0.00
0.00
0.00
323.70
0.00
608.60
0.00
322.79
0.00
0.00
0.00
0.00
0.00
0.00
0.00
0.00
0.00
0.00
0.00
0.00
0.00
0.00
0.00
0.00
0.00
0.00
0.00
0.00
0.00
0.00
0.00
0.00
0.00
0.00
0.00
0.00
0.00
0.00
0.00
0.00
0.00
0.00
0.00
0.00
875.26
0.00
0.00
0.00
640.39
0.00
0.00
0.00
676.21
0.00
0.00
22.30
557.57
0.00
0.00
800.27
909.07
0.00
0.00
499.61
952.55
622.88
0.00
0.00
729.91
0.00
0.00
0.00
1094.12
0.00
0.00
134.67
877.92
0.00
0.00
0.00
1119.53
0.00
0.00
0.00
846.55
1074.65
260.49
0.00
560.78
0.00
0.00
0.00
602.54
0.00
0.00
0.00
642.86
1209.23
0.00
869.47
823.45
0.00
904.62
0.00
841.54
0.00
0.00
0.00
839.15
272.54
0.00
0.00
0.00
0.00
0.00
0.00
0.00
0.00
0.00
0.00
0.00
0.00
0.00
0.00
0.00
0.00
0.00
0.00
0.00
0.00
0.00
0.00
0.00
0.00
0.00
0.00
0.00
0.00
0.00
0.00
0.00
0.00
0.00
640.64
0.00
1016.04
0.00
0.00
0.00
743.39
0.00
0.00
0.00
784.98
0.00
0.00
0.00
647.25
0.00
0.00
0.00
1055.29
0.00
0.00
0.00
1105.76
0.00
0.00
0.00
847.32
0.00
0.00
876.73
1270.10
0.00
0.00
0.00
1019.12
0.00
0.00
0.00
1299.60
0.00
0.00
0.00
982.71
237.11
0.00
0.00
650.97
0.00
0.00
0.00
699.45
0.00
0.00
0.00
746.26
0.00
0.00
0.00
955.90
0.00
0.00
0.00
976.89
0.00
0.00
1258.70
974.12
0.00
0.00
0.00
0.00
0.00
0.00
0.00
0.00
0.00
0.00
0.00
0.00
0.00
0.00
0.00
0.00
0.00
0.00
0.00
0.00
0.00
0.00
0.00
0.00
0.00
0.00
0.00
0.00
0.00
0.00
0.00
0.00
0.00
0.00
0.00
610.05
96.31
0.00
859.18
0.00
70.47
827.90
0.00
0.00
74.41
0.00
648.22
722.53
61.36
1235.25
0.00
0.00
100.04
0.00
0.00
0.00
104.82
0.00
0.00
0.00
80.32
565.08
0.00
0.00
120.40
0.00
0.00
0.00
96.61
725.68
0.00
0.00
123.19
0.00
1196.88
0.00
93.15
0.00
0.00
0.00
61.71
0.00
0.00
0.00
66.30
0.00
0.00
0.00
70.74
0.00
0.00
0.00
90.61
0.00
1300.25
0.00
92.60
0.00
0.00
0.00
92.34
0.00
0.00
0.00
0.00
0.00
0.00
0.00
0.00
0.00
0.00
0.00
0.00
0.00
0.00
0.00
0.00
0.00
0.00
0.00
0.00
0.00
0.00
0.00
0.00
0.00
0.00
0.00
0.00
0.00
0.00
0.00
0.00
0.00
0.00
0.00
0.00
185.00
0.00
0.00
0.00
198.78
0.00
0.00
0.00
153.14
0.00
0.00
112.16
288.35
0.00
0.00
0.00
305.07
0.00
0.00
799.85
219.43
0.00
0.00
0.00
359.53
0.00
692.77
0.00
276.36
0.00
0.00
0.00
369.30
0.00
0.00
0.00
264.30
0.00
0.00
567.84
154.37
0.00
0.00
0.00
170.44
0.00
1128.42
0.00
185.95
0.00
51.19
157.10
255.41
0.00
920.37
0.00
262.37
0.00
0.00
0.00
261.45
0.00
0.00
838.05
0.00
0.00
0.00
0.00
0.00
0.00
0.00
0.00
0.00
0.00
0.00
0.00
0.00
0.00
0.00
0.00
0.00
0.00
0.00
0.00
0.00
0.00
0.00
0.00
0.00
0.00
0.00
0.00
0.00
0.00
0.00
0.00
0.00
0.00
0.00
0.00
319.01
480.94
0.00
0.00
0.00
516.77
0.00
0.00
0.00
398.12
0.00
246.23
0.00
749.63
0.00
1309.21
0.00
793.10
0.00
0.00
1225.26
570.47
0.00
0.00
0.00
934.67
309.44
0.00
0.00
718.47
0.00
0.00
0.00
960.08
0.00
0.00
0.00
687.10
0.00
0.00
0.00
401.33
0.00
754.70
0.00
443.09
0.00
0.00
493.36
483.41
0.00
0.00
0.00
664.00
696.06
0.00
0.00
682.09
859.19
0.00
0.00
679.70
0.00
296.32
0.00
0.00
0.00
0.00
0.00
0.00
0.00
0.00
0.00
0.00
0.00
0.00
0.00
0.00
0.00
0.00
0.00
0.00
0.00
0.00
0.00
0.00
0.00
0.00
0.00
0.00
0.00
0.00
0.00
0.00
0.00
0.00
0.00
0.00
0.00
0.00
0.00
0.00
558.30
0.00
0.00
0.00
599.88
0.00
0.00
0.00
462.15
0.00
0.00
0.00
870.20
0.00
0.00
0.00
920.66
0.00
0.00
0.00
662.22
0.00
0.00
554.99
1085.01
0.00
0.00
0.00
834.03
0.00
0.00
0.00
1114.50
0.00
0.00
0.00
797.62
0.00
0.00
0.00
465.88
517.93
936.35
0.00
514.36
0.00
0.00
0.00
561.17
0.00
0.00
0.00
770.80
688.15
0.00
0.00
791.80
0.00
0.00
947.09
789.03
0.00
0.00
0.00
0.00
0.00
0.00
0.00
0.00
0.00
0.00
0.00
0.00
0.00
0.00
0.00
0.00
0.00
0.00
0.00
0.00
0.00
0.00
0.00
0.00
0.00
0.00
0.00
0.00
0.00
0.00
0.00
0.00
0.00
0.00
0.00
0.00
0.00
0.00
0.00
0.00
52.92
0.00
0.00
0.00
56.87
0.00
0.00
0.00
43.81
0.00
0.00
0.00
82.49
0.00
0.00
0.00
87.27
0.00
0.00
0.00
62.77
0.00
0.00
0.00
102.85
0.00
144.14
0.00
79.06
308.66
0.00
899.18
105.65
0.00
0.00
0.00
75.61
0.00
0.00
0.00
44.16
0.00
0.00
0.00
48.76
0.00
0.00
0.00
53.20
0.00
189.33
0.00
73.07
0.00
0.00
0.00
75.06
0.00
0.00
0.00
74.80
0.00
0.00
0.00
0.00
0.00
0.00
0.00
0.00
0.00
0.00
0.00
0.00
0.00
0.00
0.00
0.00
0.00
0.00
0.00
0.00
0.00
0.00
0.00
0.00
0.00
0.00
0.00
0.00
0.00
0.00
0.00
0.00
0.00
0.00
0.00
0.00
0.00
0.00
0.00
0.00
108.43
0.00
0.00
636.43
62.80
0.00
807.29
0.00
198.01
0.00
698.25
0.00
214.73
511.57
2.41
417.11
129.09
1202.78
1129.99
0.00
269.18
0.00
0.00
0.00
186.02
577.14
0.00
0.00
278.96
962.18
0.00
783.61
173.95
0.00
0.00
0.00
64.03
0.00
0.00
0.00
80.09
864.08
0.00
0.00
95.60
0.00
0.00
0.00
165.07
0.00
0.00
0.00
172.03
0.00
934.69
0.00
171.11
1313.12
0.00
0.00
0.00
0.00
0.00
0.00
0.00
0.00
0.00
0.00
0.00
0.00
0.00
0.00
0.00
0.00
0.00
0.00
0.00
0.00
0.00
0.00
0.00
0.00
0.00
0.00
0.00
0.00
0.00
0.00
0.00
0.00
0.00
0.00
0.00
0.00
0.00
0.00
0.00
0.00
0.00
0.00
515.53
281.90
0.00
0.00
0.00
163.25
0.00
0.00
0.00
514.76
0.00
249.25
0.00
558.23
0.00
1172.54
0.00
335.60
0.00
0.00
0.00
699.80
0.00
0.00
0.00
483.60
116.28
0.00
0.00
725.21
115.90
0.00
0.00
452.23
0.00
738.72
0.00
166.46
0.00
0.00
10.98
208.22
0.00
0.00
0.00
248.54
0.00
17.66
0.00
429.13
0.00
0.00
0.00
447.22
0.00
0.00
0.00
444.83
0.00
839.18
0.00
0.00
0.00
0.00
0.00
0.00
0.00
0.00
0.00
0.00
0.00
0.00
0.00
0.00
0.00
0.00
0.00
0.00
0.00
0.00
0.00
0.00
0.00
0.00
0.00
0.00
0.00
0.00
0.00
0.00
0.00
0.00
0.00
0.00
0.00
0.00
0.00
0.00
0.00
0.00
0.00
0.00
327.24
0.00
0.00
0.00
189.51
0.00
0.00
0.00
597.55
0.00
0.00
0.00
648.02
0.00
0.00
0.00
389.57
0.00
0.00
0.00
812.36
0.00
0.00
0.00
561.38
0.00
0.00
0.00
841.85
525.22
0.00
255.72
524.97
0.00
0.00
0.00
193.23
0.00
0.00
0.00
241.71
0.00
0.00
0.00
288.52
0.00
0.00
0.00
498.16
0.00
0.00
0.00
519.15
0.00
0.00
0.00
516.38
0.00
0.00
0.00
0.00
0.00
0.00
0.00
0.00
0.00
0.00
0.00
0.00
0.00
0.00
0.00
0.00
0.00
0.00
0.00
0.00
0.00
0.00
0.00
0.00
0.00
0.00
0.00
0.00
0.00
0.00
0.00
0.00
0.00
0.00
0.00
0.00
0.00
0.00
0.00
0.00
0.00
0.00
0.00
0.00
31.02
0.00
0.00
0.00
17.96
0.00
1295.70
0.00
56.64
0.00
0.00
0.00
61.43
0.00
0.00
0.00
36.93
0.00
0.00
0.00
77.01
0.00
0.00
0.00
53.22
0.00
0.00
0.00
79.80
0.00
0.00
0.00
49.76
609.41
0.00
451.64
18.32
0.00
952.31
0.00
22.91
0.00
1388.09
0.00
27.35
0.00
0.00
16.47
47.22
0.00
0.00
0.00
49.21
0.00
0.00
0.00
48.95
0.00
0.00
0.00
0.00
0.00
0.00
0.00
0.00
0.00
0.00
0.00
0.00
0.00
0.00
0.00
0.00
0.00
0.00
0.00
0.00
0.00
0.00
0.00
0.00
0.00
0.00
0.00
0.00
0.00
0.00
0.00
0.00
0.00
0.00
0.00
0.00
0.00
0.00
0.00
0.00
0.00
0.00
0.00
0.00
76.58
0.00
0.00
0.00
211.79
57.09
0.00
0.00
228.51
0.00
999.34
0.00
142.87
0.00
0.00
0.00
282.96
319.31
0.00
0.00
199.80
0.00
0.00
0.00
292.74
0.00
0.00
0.00
187.73
0.00
0.00
0.00
77.81
0.00
0.00
271.44
93.87
0.00
0.00
0.00
109.38
0.00
676.65
0.00
178.85
0.00
0.00
0.00
185.81
0.00
0.00
0.00
184.89
0.00
0.00
0.00
0.00
0.00
0.00
0.00
0.00
0.00
0.00
0.00
0.00
0.00
0.00
0.00
0.00
0.00
0.00
0.00
0.00
0.00
0.00
0.00
0.00
0.00
0.00
0.00
0.00
0.00
0.00
0.00
0.00
0.00
0.00
0.00
0.00
0.00
0.00
0.00
0.00
0.00
0.00
0.00
0.00
0.00
0.00
643.78
0.00
199.07
0.00
0.00
0.00
550.58
0.00
0.00
0.00
594.05
120.56
0.00
0.00
371.42
0.00
0.00
0.00
735.63
0.00
0.00
0.00
519.42
0.00
0.00
0.00
761.03
0.00
0.00
0.00
488.05
986.20
0.00
1121.06
202.28
0.00
0.00
0.00
244.05
0.00
0.00
0.00
284.37
0.00
1015.15
0.00
464.96
499.64
337.33
0.00
483.04
0.00
0.00
0.00
480.66
1404.40
0.00
0.00
0.00
0.00
0.00
0.00
0.00
0.00
0.00
0.00
0.00
0.00
0.00
0.00
0.00
0.00
0.00
0.00
0.00
0.00
0.00
0.00
0.00
0.00
0.00
0.00
0.00
0.00
0.00
0.00
0.00
0.00
0.00
0.00
0.00
0.00
0.00
0.00
0.00
0.00
0.00
0.00
0.00
0.00
891.80
0.00
0.00
231.09
0.00
617.32
0.00
639.14
0.00
0.00
22.47
689.60
0.00
1.42
0.00
431.16
256.49
0.00
0.00
853.94
0.00
0.00
0.00
602.97
0.00
0.00
872.75
883.44
0.00
0.00
0.00
566.55
0.00
0.00
0.00
234.82
0.00
0.00
0.00
283.30
0.00
0.00
0.00
330.10
0.00
0.00
0.00
539.74
0.00
0.00
0.00
560.73
0.00
635.17
0.00
557.97
0.00
0.00
0.00
0.00
0.00
0.00
0.00
0.00
0.00
0.00
0.00
0.00
0.00
0.00
0.00
0.00
0.00
0.00
0.00
0.00
0.00
0.00
0.00
0.00
0.00
0.00
0.00
0.00
0.00
0.00
0.00
0.00
0.00
0.00
0.00
0.00
0.00
0.00
0.00
0.00
0.00
0.00
0.00
0.00
0.00
0.00
0.00
0.00
21.91
0.00
0.00
0.00
60.59
0.00
0.00
749.17
65.37
0.00
0.00
0.00
40.87
0.00
0.00
0.00
80.95
86.71
0.00
0.00
57.16
0.00
0.00
0.00
83.74
0.00
190.61
0.00
53.71
0.00
0.00
0.00
22.26
0.00
0.00
0.00
26.85
0.00
0.00
0.00
31.29
0.00
0.00
0.00
51.16
0.00
0.00
0.00
53.15
0.00
0.00
0.00
52.89
0.00
0.00
0.00
0.00
0.00
0.00
0.00
0.00
0.00
0.00
0.00
0.00
0.00
0.00
0.00
0.00
0.00
0.00
0.00
0.00
0.00
0.00
0.00
0.00
0.00
0.00
0.00
0.00
0.00
0.00
0.00
0.00
0.00
0.00
0.00
0.00
0.00
0.00
0.00
0.00
0.00
0.00
0.00
0.00
0.00
0.00
0.00
1394.09
166.15
0.00
0.00
0.00
182.87
0.00
0.00
0.00
97.23
0.00
651.47
0.00
237.33
624.08
0.00
0.00
154.16
0.00
0.00
0.00
247.10
0.00
0.00
0.00
142.10
0.00
753.66
0.00
32.17
0.00
0.00
0.00
48.24
0.00
628.42
0.00
63.75
0.00
649.68
0.00
133.21
0.00
342.21
0.00
140.17
0.00
0.00
1329.51
139.25
0.00
0.00
896.09
0.00
0.00
0.00
0.00
0.00
0.00
0.00
0.00
0.00
0.00
0.00
0.00
0.00
0.00
0.00
0.00
0.00
0.00
0.00
0.00
0.00
0.00
0.00
0.00
0.00
0.00
0.00
0.00
0.00
0.00
0.00
0.00
0.00
0.00
0.00
0.00
0.00
0.00
0.00
0.00
0.00
0.00
0.00
0.00
0.00
0.00
0.00
0.00
0.00
431.93
0.00
0.00
0.00
475.41
0.00
0.00
1215.92
252.78
0.00
0.00
0.00
616.98
0.00
0.00
0.00
400.78
179.91
0.00
0.00
642.39
0.00
0.00
0.00
369.41
0.00
622.51
0.00
83.64
491.53
785.50
0.00
125.40
0.00
0.00
0.00
165.72
0.00
0.00
0.00
346.31
0.00
0.00
0.00
364.40
0.00
919.45
0.00
362.01
0.00
0.00
0.00
0.00
0.00
0.00
0.00
0.00
0.00
0.00
0.00
0.00
0.00
0.00
0.00
0.00
0.00
0.00
0.00
0.00
0.00
0.00
0.00
0.00
0.00
0.00
0.00
0.00
0.00
0.00
0.00
0.00
0.00
0.00
0.00
0.00
0.00
0.00
0.00
0.00
0.00
0.00
0.00
0.00
0.00
0.00
0.00
0.00
0.00
0.00
0.00
0.00
501.41
0.00
487.49
0.00
551.87
0.00
0.00
0.00
293.43
0.00
0.00
0.00
716.22
0.00
0.00
0.00
465.24
0.00
901.05
0.00
745.71
0.00
0.00
0.00
428.83
0.00
0.00
0.00
97.09
201.10
0.00
0.00
145.57
0.00
0.00
0.00
192.38
0.00
0.00
0.00
402.01
0.00
0.00
0.00
423.01
0.00
0.00
0.00
420.24
0.00
0.00
0.00
0.00
0.00
0.00
0.00
0.00
0.00
0.00
0.00
0.00
0.00
0.00
0.00
0.00
0.00
0.00
0.00
0.00
0.00
0.00
0.00
0.00
0.00
0.00
0.00
0.00
0.00
0.00
0.00
0.00
0.00
0.00
0.00
0.00
0.00
0.00
0.00
0.00
0.00
0.00
0.00
0.00
0.00
0.00
0.00
0.00
0.00
0.00
0.00
52.58
47.53
0.00
0.00
0.00
52.31
0.00
0.00
0.00
27.82
0.00
0.00
0.00
67.89
0.00
829.35
0.00
44.10
0.00
0.00
0.00
70.69
0.00
0.00
0.00
40.65
0.00
0.00
0.00
9.20
0.00
96.70
324.59
13.80
0.00
0.00
0.00
18.24
0.00
0.00
0.00
38.11
0.00
0.00
0.00
40.10
0.00
803.99
0.00
39.84
0.00
0.00
0.00
0.00
0.00
0.00
0.00
0.00
0.00
0.00
0.00
0.00
0.00
0.00
0.00
0.00
0.00
0.00
0.00
0.00
0.00
0.00
0.00
0.00
0.00
0.00
0.00
0.00
0.00
0.00
0.00
0.00
0.00
0.00
0.00
0.00
0.00
0.00
0.00
0.00
0.00
0.00
0.00
0.00
0.00
0.00
0.00
0.00
0.00
0.00
0.00
0.00
318.08
0.00
0.00
0.00
232.44
0.00
0.00
0.00
372.54
0.00
0.00
0.00
289.37
188.85
890.02
0.00
382.31
0.00
0.00
0.00
277.31
973.02
0.00
0.00
167.38
0.00
0.00
0.00
183.45
0.00
0.00
0.00
198.96
0.00
0.00
0.00
268.42
0.00
0.00
0.00
275.38
0.00
1095.91
0.00
274.46
0.00
935.91
0.00
0.00
0.00
0.00
0.00
0.00
0.00
0.00
0.00
0.00
0.00
0.00
0.00
0.00
0.00
0.00
0.00
0.00
0.00
0.00
0.00
0.00
0.00
0.00
0.00
0.00
0.00
0.00
0.00
0.00
0.00
0.00
0.00
0.00
0.00
0.00
0.00
0.00
0.00
0.00
0.00
0.00
0.00
0.00
0.00
0.00
0.00
0.00
0.00
0.00
0.00
0.00
0.00
0.00
826.91
0.00
0.00
0.00
604.28
687.57
0.00
0.00
968.49
0.00
308.93
0.00
752.28
0.00
0.00
0.00
993.89
0.00
0.00
1406.57
720.92
0.00
0.00
0.00
435.14
0.00
0.00
274.54
476.91
0.00
0.00
0.00
517.23
0.00
1263.63
0.00
697.82
0.00
0.00
0.00
715.90
0.00
0.00
927.69
713.52
0.00
0.00
0.00
0.00
0.00
0.00
0.00
0.00
0.00
0.00
0.00
0.00
0.00
0.00
0.00
0.00
0.00
0.00
0.00
0.00
0.00
0.00
0.00
0.00
0.00
0.00
0.00
0.00
0.00
0.00
0.00
0.00
0.00
0.00
0.00
0.00
0.00
0.00
0.00
0.00
0.00
0.00
0.00
0.00
0.00
0.00
0.00
0.00
0.00
0.00
0.00
0.00
0.00
0.00
0.00
0.00
959.92
0.00
0.00
0.00
701.47
0.00
852.99
0.00
1124.26
0.00
0.00
403.57
873.28
0.00
0.00
904.40
1153.75
0.00
0.00
0.00
836.87
0.00
430.01
0.00
505.13
0.00
0.00
0.00
553.61
0.00
0.00
1117.07
600.42
0.00
393.83
1095.30
810.06
0.00
0.00
0.00
831.05
0.00
0.00
0.00
828.28
0.00
0.00
0.00
0.00
0.00
0.00
0.00
0.00
0.00
0.00
0.00
0.00
0.00
0.00
0.00
0.00
0.00
0.00
0.00
0.00
0.00
0.00
0.00
0.00
0.00
0.00
0.00
0.00
0.00
0.00
0.00
0.00
0.00
0.00
0.00
0.00
0.00
0.00
0.00
0.00
0.00
0.00
0.00
0.00
0.00
0.00
0.00
0.00
0.00
0.00
0.00
0.00
0.00
1039.73
0.00
0.00
90.99
0.00
0.00
0.00
66.50
0.00
0.00
0.00
106.57
0.00
0.00
0.00
82.78
0.00
976.86
0.00
109.37
0.00
0.00
0.00
79.33
0.00
0.00
0.00
47.88
26.10
0.00
0.00
52.48
0.00
0.00
0.00
56.92
935.08
0.00
0.00
76.79
0.00
517.60
0.00
78.78
0.00
633.34
0.00
78.52
0.00
0.00
0.00
0.00
0.00
0.00
0.00
0.00
0.00
0.00
0.00
0.00
0.00
0.00
0.00
0.00
0.00
0.00
0.00
0.00
0.00
0.00
0.00
0.00
0.00
0.00
0.00
0.00
0.00
0.00
0.00
0.00
0.00
0.00
0.00
0.00
0.00
0.00
0.00
0.00
0.00
0.00
0.00
0.00
0.00
0.00
0.00
0.00
0.00
0.00
0.00
0.00
0.00
0.00
0.00
0.00
249.16
0.00
0.00
0.00
389.26
769.10
398.72
0.00
306.09
0.00
0.00
0.00
399.03
927.05
0.00
1353.35
294.03
0.00
0.00
0.00
184.10
0.00
0.00
0.00
200.17
0.00
0.00
0.00
215.68
0.00
1052.12
287.49
285.14
692.74
0.00
0.00
292.10
0.00
0.00
640.90
291.18
0.00
0.00
0.00
0.00
0.00
0.00
0.00
0.00
0.00
0.00
0.00
0.00
0.00
0.00
0.00
0.00
0.00
0.00
0.00
0.00
0.00
0.00
0.00
0.00
0.00
0.00
0.00
0.00
0.00
0.00
0.00
0.00
0.00
0.00
0.00
0.00
0.00
0.00
0.00
0.00
0.00
0.00
0.00
0.00
0.00
0.00
0.00
0.00
0.00
0.00
0.00
0.00
0.00
0.00
0.00
0.00
0.00
924.42
0.00
0.00
647.75
0.00
0.00
0.00
1011.96
0.00
883.98
0.00
795.76
154.67
0.00
0.00
1037.37
0.00
0.00
914.18
764.39
0.00
0.00
0.00
478.62
1228.70
0.00
0.00
520.38
0.00
0.00
1143.65
560.70
0.00
0.00
0.00
741.29
0.00
0.00
0.00
759.37
0.00
0.00
0.00
756.99
0.00
0.00
0.00
0.00
0.00
0.00
0.00
0.00
0.00
0.00
0.00
0.00
0.00
0.00
0.00
0.00
0.00
0.00
0.00
0.00
0.00
0.00
0.00
0.00
0.00
0.00
0.00
0.00
0.00
0.00
0.00
0.00
0.00
0.00
0.00
0.00
0.00
0.00
0.00
0.00
0.00
0.00
0.00
0.00
0.00
0.00
0.00
0.00
0.00
0.00
0.00
0.00
0.00
0.00
0.00
0.00
0.00
1375.63
0.00
969.30
751.94
436.22
0.00
1332.13
1174.73
0.00
0.00
0.00
923.75
0.00
0.00
0.00
1204.22
0.00
0.00
0.00
887.33
0.00
0.00
0.00
555.60
0.00
0.00
0.00
604.08
0.00
0.00
0.00
650.89
0.00
0.00
0.00
860.52
0.00
0.00
0.00
881.51
0.00
0.00
0.00
878.75
0.00
0.00
0.00
0.00
0.00
0.00
0.00
0.00
0.00
0.00
0.00
0.00
0.00
0.00
0.00
0.00
0.00
0.00
0.00
0.00
0.00
0.00
0.00
0.00
0.00
0.00
0.00
0.00
0.00
0.00
0.00
0.00
0.00
0.00
0.00
0.00
0.00
0.00
0.00
0.00
0.00
0.00
0.00
0.00
0.00
0.00
0.00
0.00
0.00
0.00
0.00
0.00
0.00
0.00
0.00
0.00
0.00
0.00
0.00
0.00
71.28
0.00
0.00
0.00
111.36
0.00
0.00
0.00
87.57
0.00
0.00
0.00
114.15
0.00
475.08
906.05
84.11
399.58
0.00
0.00
52.67
0.00
0.00
702.73
57.26
0.00
0.00
0.00
61.70
0.00
0.00
0.00
81.57
0.00
0.00
0.00
83.56
0.00
0.00
0.00
83.30
0.00
0.00
0.00
0.00
0.00
0.00
0.00
0.00
0.00
0.00
0.00
0.00
0.00
0.00
0.00
0.00
0.00
0.00
0.00
0.00
0.00
0.00
0.00
0.00
0.00
0.00
0.00
0.00
0.00
0.00
0.00
0.00
0.00
0.00
0.00
0.00
0.00
0.00
0.00
0.00
0.00
0.00
0.00
0.00
0.00
0.00
0.00
0.00
0.00
0.00
0.00
0.00
0.00
0.00
0.00
0.00
0.00
0.00
0.00
226.69
303.62
0.00
317.54
0.00
220.46
0.00
0.00
0.00
313.39
0.00
0.00
0.00
208.39
0.00
0.00
1183.44
98.47
0.00
0.00
941.52
114.53
0.00
0.00
0.00
130.04
0.00
0.00
0.00
199.51
0.00
0.00
412.03
206.46
0.00
0.00
1015.74
205.55
0.00
706.80
0.00
0.00
0.00
0.00
0.00
0.00
0.00
0.00
0.00
0.00
0.00
0.00
0.00
0.00
0.00
0.00
0.00
0.00
0.00
0.00
0.00
0.00
0.00
0.00
0.00
0.00
0.00
0.00
0.00
0.00
0.00
0.00
0.00
0.00
0.00
0.00
0.00
0.00
0.00
0.00
0.00
0.00
0.00
0.00
0.00
0.00
0.00
0.00
0.00
0.00
0.00
0.00
0.00
0.00
0.00
0.00
0.00
0.00
0.00
0.00
50.45
0.00
789.33
0.00
613.23
0.00
573.12
0.00
0.00
347.43
814.74
0.00
0.00
0.00
541.76
0.00
69.92
0.00
255.98
709.17
0.00
0.00
297.75
0.00
0.00
0.00
338.07
0.00
0.00
0.00
518.66
0.00
0.00
0.00
536.74
0.00
0.00
0.00
534.36
0.00
0.00
0.00
0.00
0.00
0.00
0.00
0.00
0.00
0.00
0.00
0.00
0.00
0.00
0.00
0.00
0.00
0.00
0.00
0.00
0.00
0.00
0.00
0.00
0.00
0.00
0.00
0.00
0.00
0.00
0.00
0.00
0.00
0.00
0.00
0.00
0.00
0.00
0.00
0.00
0.00
0.00
0.00
0.00
0.00
0.00
0.00
0.00
0.00
0.00
0.00
0.00
0.00
0.00
0.00
0.00
0.00
0.00
0.00
0.00
0.00
0.00
0.00
0.00
916.28
0.00
0.00
0.00
665.31
0.00
0.00
0.00
945.78
0.00
1290.55
153.32
628.89
4.02
0.00
0.00
297.16
0.00
0.00
0.00
345.64
389.78
0.00
0.00
392.44
0.00
0.00
917.58
602.08
0.00
0.00
0.00
623.07
0.00
0.00
0.00
620.30
0.00
0.00
0.00
0.00
0.00
0.00
0.00
0.00
0.00
0.00
0.00
0.00
0.00
0.00
0.00
0.00
0.00
0.00
0.00
0.00
0.00
0.00
0.00
0.00
0.00
0.00
0.00
0.00
0.00
0.00
0.00
0.00
0.00
0.00
0.00
0.00
0.00
0.00
0.00
0.00
0.00
0.00
0.00
0.00
0.00
0.00
0.00
0.00
0.00
0.00
0.00
0.00
0.00
0.00
0.00
0.00
0.00
0.00
0.00
0.00
0.00
0.00
0.00
0.00
86.86
0.00
0.00
0.00
63.07
656.75
0.00
0.00
89.65
0.00
0.00
1354.28
59.62
0.00
296.12
0.00
28.17
0.00
0.00
0.00
32.76
0.00
0.00
0.00
37.20
0.00
0.00
0.00
57.07
0.00
0.00
730.00
59.06
0.00
0.00
0.00
58.80
0.00
0.00
0.00
0.00
0.00
0.00
0.00
0.00
0.00
0.00
0.00
0.00
0.00
0.00
0.00
0.00
0.00
0.00
0.00
0.00
0.00
0.00
0.00
0.00
0.00
0.00
0.00
0.00
0.00
0.00
0.00
0.00
0.00
0.00
0.00
0.00
0.00
0.00
0.00
0.00
0.00
0.00
0.00
0.00
0.00
0.00
0.00
0.00
0.00
0.00
0.00
0.00
0.00
0.00
0.00
0.00
0.00
0.00
0.00
0.00
0.00
0.00
0.00
0.00
360.55
0.00
865.34
0.00
453.49
0.00
0.00
0.00
348.49
0.00
0.00
0.00
238.56
0.00
0.00
92.12
254.63
0.00
0.00
0.00
270.14
0.00
0.00
316.47
339.60
0.00
0.00
0.00
346.56
0.00
0.00
0.00
345.64
0.00
0.00
310.00
0.00
0.00
0.00
0.00
0.00
0.00
0.00
0.00
0.00
0.00
0.00
0.00
0.00
0.00
0.00
0.00
0.00
0.00
0.00
0.00
0.00
0.00
0.00
0.00
0.00
0.00
0.00
0.00
0.00
0.00
0.00
0.00
0.00
0.00
0.00
0.00
0.00
0.00
0.00
0.00
0.00
0.00
0.00
0.00
0.00
0.00
0.00
0.00
0.00
0.00
0.00
0.00
0.00
0.00
0.00
0.00
0.00
0.00
0.00
0.00
0.00
0.00
0.00
919.39
0.00
937.33
0.00
0.00
0.00
1178.94
0.00
0.00
0.00
905.96
102.10
0.00
0.00
620.19
0.00
0.00
0.00
661.95
0.00
0.00
0.00
702.27
0.00
1243.51
0.00
882.86
0.00
0.00
0.00
900.95
0.00
0.00
0.00
898.56
154.85
0.00
0.00
0.00
0.00
0.00
0.00
0.00
0.00
0.00
0.00
0.00
0.00
0.00
0.00
0.00
0.00
0.00
0.00
0.00
0.00
0.00
0.00
0.00
0.00
0.00
0.00
0.00
0.00
0.00
0.00
0.00
0.00
0.00
0.00
0.00
0.00
0.00
0.00
0.00
0.00
0.00
0.00
0.00
0.00
0.00
0.00
0.00
0.00
0.00
0.00
0.00
0.00
0.00
0.00
0.00
0.00
0.00
0.00
0.00
0.00
0.00
0.00
0.00
0.00
0.00
0.00
0.00
1088.09
0.00
0.00
0.00
1368.56
0.00
0.00
0.00
1051.68
0.00
0.00
0.00
719.94
0.00
0.00
0.00
768.42
0.00
0.00
0.00
815.23
0.00
0.00
0.00
1024.86
0.00
1226.15
0.00
1045.86
0.00
0.00
0.00
1043.09
0.00
0.00
0.00
0.00
0.00
0.00
0.00
0.00
0.00
0.00
0.00
0.00
0.00
0.00
0.00
0.00
0.00
0.00
0.00
0.00
0.00
0.00
0.00
0.00
0.00
0.00
0.00
0.00
0.00
0.00
0.00
0.00
0.00
0.00
0.00
0.00
0.00
0.00
0.00
0.00
0.00
0.00
0.00
0.00
0.00
0.00
0.00
0.00
0.00
0.00
0.00
0.00
0.00
0.00
0.00
0.00
0.00
0.00
0.00
0.00
0.00
0.00
0.00
0.00
0.00
0.00
0.00
0.00
103.14
0.00
65.62
0.00
129.73
0.00
0.00
0.00
99.69
0.00
114.48
0.00
68.25
0.00
870.88
0.00
72.84
0.00
0.00
255.54
77.28
0.00
0.00
855.65
97.15
0.00
0.00
0.00
99.14
0.00
0.00
382.11
98.88
0.00
0.00
0.00
0.00
0.00
0.00
0.00
0.00
0.00
0.00
0.00
0.00
0.00
0.00
0.00
0.00
0.00
0.00
0.00
0.00
0.00
0.00
0.00
0.00
0.00
0.00
0.00
0.00
0.00
0.00
0.00
0.00
0.00
0.00
0.00
0.00
0.00
0.00
0.00
0.00
0.00
0.00
0.00
0.00
0.00
0.00
0.00
0.00
0.00
0.00
0.00
0.00
0.00
0.00
0.00
0.00
0.00
0.00
0.00
0.00
0.00
0.00
0.00
0.00
0.00
0.00
0.00
0.00
370.32
62.00
0.00
0.00
265.32
0.00
0.00
0.00
155.40
0.00
0.00
0.00
171.46
0.00
1402.05
0.00
186.97
0.00
0.00
0.00
256.44
0.00
0.00
0.00
263.39
0.00
0.00
0.00
262.48
0.00
0.00
0.00
0.00
0.00
0.00
0.00
0.00
0.00
0.00
0.00
0.00
0.00
0.00
0.00
0.00
0.00
0.00
0.00
0.00
0.00
0.00
0.00
0.00
0.00
0.00
0.00
0.00
0.00
0.00
0.00
0.00
0.00
0.00
0.00
0.00
0.00
0.00
0.00
0.00
0.00
0.00
0.00
0.00
0.00
0.00
0.00
0.00
0.00
0.00
0.00
0.00
0.00
0.00
0.00
0.00
0.00
0.00
0.00
0.00
0.00
0.00
0.00
0.00
0.00
0.00
0.00
0.00
0.00
1343.71
0.00
0.00
962.74
0.00
0.00
0.00
689.76
1373.21
0.00
0.00
403.98
0.00
1339.39
0.00
445.75
1185.87
0.00
0.00
486.07
0.00
0.00
0.00
666.66
0.00
0.00
0.00
684.74
0.00
0.00
0.00
682.36
0.00
0.00
0.00
0.00
0.00
0.00
0.00
0.00
0.00
0.00
0.00
0.00
0.00
0.00
0.00
0.00
0.00
0.00
0.00
0.00
0.00
0.00
0.00
0.00
0.00
0.00
0.00
0.00
0.00
0.00
0.00
0.00
0.00
0.00
0.00
0.00
0.00
0.00
0.00
0.00
0.00
0.00
0.00
0.00
0.00
0.00
0.00
0.00
0.00
0.00
0.00
0.00
0.00
0.00
0.00
0.00
0.00
0.00
0.00
0.00
0.00
0.00
0.00
0.00
0.00
0.00
0.00
0.00
0.00
0.00
0.00
566.93
1117.59
0.00
0.00
0.00
800.70
0.00
0.00
0.00
468.96
0.00
1335.01
0.00
517.44
0.00
0.00
0.00
564.25
421.38
0.00
0.00
773.89
0.00
940.55
0.00
794.88
0.00
0.00
0.00
792.11
0.00
0.00
0.00
0.00
0.00
0.00
0.00
0.00
0.00
0.00
0.00
0.00
0.00
0.00
0.00
0.00
0.00
0.00
0.00
0.00
0.00
0.00
0.00
0.00
0.00
0.00
0.00
0.00
0.00
0.00
0.00
0.00
0.00
0.00
0.00
0.00
0.00
0.00
0.00
0.00
0.00
0.00
0.00
0.00
0.00
0.00
0.00
0.00
0.00
0.00
0.00
0.00
0.00
0.00
0.00
0.00
0.00
0.00
0.00
0.00
0.00
0.00
0.00
0.00
0.00
0.00
0.00
0.00
0.00
0.00
0.00
0.00
105.94
0.00
170.69
981.92
75.90
0.00
1172.27
0.00
44.45
0.00
0.00
0.00
49.05
0.00
864.18
0.00
53.49
0.00
0.00
0.00
73.36
0.00
0.00
0.00
75.35
0.00
0.00
0.00
75.09
0.00
0.00
0.00
0.00
0.00
0.00
0.00
0.00
0.00
0.00
0.00
0.00
0.00
0.00
0.00
0.00
0.00
0.00
0.00
0.00
0.00
0.00
0.00
0.00
0.00
0.00
0.00
0.00
0.00
0.00
0.00
0.00
0.00
0.00
0.00
0.00
0.00
0.00
0.00
0.00
0.00
0.00
0.00
0.00
0.00
0.00
0.00
0.00
0.00
0.00
0.00
0.00
0.00
0.00
0.00
0.00
0.00
0.00
0.00
0.00
0.00
0.00
0.00
0.00
0.00
0.00
0.00
0.00
0.00
0.00
0.00
0.00
358.26
0.00
1124.03
0.00
248.33
0.00
0.00
0.00
264.40
0.00
0.00
0.00
279.91
0.00
0.00
0.00
349.37
0.00
0.00
0.00
356.33
547.44
0.00
0.00
355.41
0.00
0.00
632.20
0.00
0.00
0.00
0.00
0.00
0.00
0.00
0.00
0.00
0.00
0.00
0.00
0.00
0.00
0.00
0.00
0.00
0.00
0.00
0.00
0.00
0.00
0.00
0.00
0.00
0.00
0.00
0.00
0.00
0.00
0.00
0.00
0.00
0.00
0.00
0.00
0.00
0.00
0.00
0.00
0.00
0.00
0.00
0.00
0.00
0.00
0.00
0.00
0.00
0.00
0.00
0.00
0.00
0.00
0.00
0.00
0.00
0.00
0.00
0.00
0.00
0.00
0.00
0.00
0.00
0.00
0.00
0.00
0.00
0.00
0.00
0.00
0.00
931.37
608.49
0.00
0.00
645.60
0.00
0.00
0.00
687.36
0.00
0.00
67.98
727.68
0.00
0.00
1309.55
908.27
0.00
0.00
0.00
926.36
0.00
0.00
0.00
923.97
0.00
0.00
0.00
0.00
0.00
0.00
0.00
0.00
0.00
0.00
0.00
0.00
0.00
0.00
0.00
0.00
0.00
0.00
0.00
0.00
0.00
0.00
0.00
0.00
0.00
0.00
0.00
0.00
0.00
0.00
0.00
0.00
0.00
0.00
0.00
0.00
0.00
0.00
0.00
0.00
0.00
0.00
0.00
0.00
0.00
0.00
0.00
0.00
0.00
0.00
0.00
0.00
0.00
0.00
0.00
0.00
0.00
0.00
0.00
0.00
0.00
0.00
0.00
0.00
0.00
0.00
0.00
0.00
0.00
0.00
0.00
0.00
0.00
0.00
0.00
0.00
1081.17
0.00
1210.71
0.00
749.44
0.00
0.00
0.00
797.92
0.00
0.00
0.00
844.72
0.00
852.52
0.00
1054.36
0.00
0.00
1317.97
1075.35
0.00
1109.33
0.00
1072.58
0.00
0.00
0.00
0.00
0.00
0.00
0.00
0.00
0.00
0.00
0.00
0.00
0.00
0.00
0.00
0.00
0.00
0.00
0.00
0.00
0.00
0.00
0.00
0.00
0.00
0.00
0.00
0.00
0.00
0.00
0.00
0.00
0.00
0.00
0.00
0.00
0.00
0.00
0.00
0.00
0.00
0.00
0.00
0.00
0.00
0.00
0.00
0.00
0.00
0.00
0.00
0.00
0.00
0.00
0.00
0.00
0.00
0.00
0.00
0.00
0.00
0.00
0.00
0.00
0.00
0.00
0.00
0.00
0.00
0.00
0.00
0.00
0.00
0.00
0.00
0.00
102.49
0.00
40.95
73.49
71.04
0.00
0.00
0.00
75.64
869.30
0.00
0.00
80.07
0.00
0.00
0.00
99.95
1095.45
0.00
0.00
101.94
0.00
165.36
0.00
101.67
0.00
0.00
0.00
0.00
0.00
0.00
0.00
0.00
0.00
0.00
0.00
0.00
0.00
0.00
0.00
0.00
0.00
0.00
0.00
0.00
0.00
0.00
0.00
0.00
0.00
0.00
0.00
0.00
0.00
0.00
0.00
0.00
0.00
0.00
0.00
0.00
0.00
0.00
0.00
0.00
0.00
0.00
0.00
0.00
0.00
0.00
0.00
0.00
0.00
0.00
0.00
0.00
0.00
0.00
0.00
0.00
0.00
0.00
0.00
0.00
0.00
0.00
0.00
0.00
0.00
0.00
0.00
0.00
0.00
0.00
0.00
0.00
0.00
0.00
0.00
0.00
143.33
0.00
0.00
0.00
159.40
0.00
0.00
0.00
174.91
0.00
0.00
121.52
244.37
0.00
1283.27
150.50
251.33
1369.71
212.82
0.00
250.41
0.00
0.00
0.00
0.00
0.00
0.00
0.00
0.00
0.00
0.00
0.00
0.00
0.00
0.00
0.00
0.00
0.00
0.00
0.00
0.00
0.00
0.00
0.00
0.00
0.00
0.00
0.00
0.00
0.00
0.00
0.00
0.00
0.00
0.00
0.00
0.00
0.00
0.00
0.00
0.00
0.00
0.00
0.00
0.00
0.00
0.00
0.00
0.00
0.00
0.00
0.00
0.00
0.00
0.00
0.00
0.00
0.00
0.00
0.00
0.00
0.00
0.00
0.00
0.00
0.00
0.00
0.00
0.00
0.00
0.00
0.00
0.00
0.00
0.00
0.00
0.00
0.00
0.00
0.00
1045.01
372.62
0.00
1104.88
0.00
414.38
0.00
0.00
1065.38
454.70
0.00
0.00
0.00
635.29
0.00
0.00
0.00
653.38
0.00
0.00
0.00
650.99
0.00
0.00
0.00
0.00
0.00
0.00
0.00
0.00
0.00
0.00
0.00
0.00
0.00
0.00
0.00
0.00
0.00
0.00
0.00
0.00
0.00
0.00
0.00
0.00
0.00
0.00
0.00
0.00
0.00
0.00
0.00
0.00
0.00
0.00
0.00
0.00
0.00
0.00
0.00
0.00
0.00
0.00
0.00
0.00
0.00
0.00
0.00
0.00
0.00
0.00
0.00
0.00
0.00
0.00
0.00
0.00
0.00
0.00
0.00
0.00
0.00
0.00
0.00
0.00
0.00
0.00
0.00
0.00
0.00
0.00
0.00
0.00
0.00
0.00
0.00
0.00
0.00
0.00
0.00
0.00
432.55
0.00
0.00
0.00
481.03
0.00
0.00
0.00
527.84
0.00
0.00
744.83
737.47
0.00
0.00
656.55
758.47
0.00
468.96
0.00
755.70
0.00
0.00
0.00
0.00
0.00
0.00
0.00
0.00
0.00
0.00
0.00
0.00
0.00
0.00
0.00
0.00
0.00
0.00
0.00
0.00
0.00
0.00
0.00
0.00
0.00
0.00
0.00
0.00
0.00
0.00
0.00
0.00
0.00
0.00
0.00
0.00
0.00
0.00
0.00
0.00
0.00
0.00
0.00
0.00
0.00
0.00
0.00
0.00
0.00
0.00
0.00
0.00
0.00
0.00
0.00
0.00
0.00
0.00
0.00
0.00
0.00
0.00
0.00
0.00
0.00
0.00
0.00
0.00
0.00
0.00
0.00
0.00
0.00
0.00
0.00
0.00
0.00
0.00
0.00
0.00
41.00
0.00
0.00
0.00
45.60
0.00
0.00
0.00
50.04
0.00
0.00
0.00
69.91
0.00
607.48
0.00
71.90
0.00
0.00
0.00
71.64
0.00
0.00
0.00
0.00
0.00
0.00
0.00
0.00
0.00
0.00
0.00
0.00
0.00
0.00
0.00
0.00
0.00
0.00
0.00
0.00
0.00
0.00
0.00
0.00
0.00
0.00
0.00
0.00
0.00
0.00
0.00
0.00
0.00
0.00
0.00
0.00
0.00
0.00
0.00
0.00
0.00
0.00
0.00
0.00
0.00
0.00
0.00
0.00
0.00
0.00
0.00
0.00
0.00
0.00
0.00
0.00
0.00
0.00
0.00
0.00
0.00
0.00
0.00
0.00
0.00
0.00
0.00
0.00
0.00
0.00
0.00
0.00
0.00
0.00
0.00
0.00
0.00
0.00
0.00
0.00
49.47
0.00
0.00
0.00
64.98
0.00
0.00
0.00
134.45
257.59
0.00
0.00
141.40
0.00
0.00
0.00
140.48
0.00
159.40
252.43
0.00
0.00
0.00
0.00
0.00
0.00
0.00
0.00
0.00
0.00
0.00
0.00
0.00
0.00
0.00
0.00
0.00
0.00
0.00
0.00
0.00
0.00
0.00
0.00
0.00
0.00
0.00
0.00
0.00
0.00
0.00
0.00
0.00
0.00
0.00
0.00
0.00
0.00
0.00
0.00
0.00
0.00
0.00
0.00
0.00
0.00
0.00
0.00
0.00
0.00
0.00
0.00
0.00
0.00
0.00
0.00
0.00
0.00
0.00
0.00
0.00
0.00
0.00
0.00
0.00
0.00
0.00
0.00
0.00
0.00
0.00
0.00
0.00
0.00
0.00
0.00
0.00
0.00
1336.84
1327.49
0.00
128.61
0.00
0.00
0.00
168.93
0.00
0.00
181.13
349.52
0.00
0.00
1098.25
367.60
0.00
0.00
0.00
365.22
868.05
0.00
0.00
0.00
0.00
0.00
0.00
0.00
0.00
0.00
0.00
0.00
0.00
0.00
0.00
0.00
0.00
0.00
0.00
0.00
0.00
0.00
0.00
0.00
0.00
0.00
0.00
0.00
0.00
0.00
0.00
0.00
0.00
0.00
0.00
0.00
0.00
0.00
0.00
0.00
0.00
0.00
0.00
0.00
0.00
0.00
0.00
0.00
0.00
0.00
0.00
0.00
0.00
0.00
0.00
0.00
0.00
0.00
0.00
0.00
0.00
0.00
0.00
0.00
0.00
0.00
0.00
0.00
0.00
0.00
0.00
0.00
0.00
0.00
0.00
0.00
0.00
0.00
0.00
0.00
0.00
0.00
600.54
0.00
149.29
0.00
0.00
0.00
196.10
0.00
0.00
0.00
405.74
0.00
0.00
0.00
426.73
0.00
0.00
0.00
423.96
0.00
0.00
0.00
0.00
0.00
0.00
0.00
0.00
0.00
0.00
0.00
0.00
0.00
0.00
0.00
0.00
0.00
0.00
0.00
0.00
0.00
0.00
0.00
0.00
0.00
0.00
0.00
0.00
0.00
0.00
0.00
0.00
0.00
0.00
0.00
0.00
0.00
0.00
0.00
0.00
0.00
0.00
0.00
0.00
0.00
0.00
0.00
0.00
0.00
0.00
0.00
0.00
0.00
0.00
0.00
0.00
0.00
0.00
0.00
0.00
0.00
0.00
0.00
0.00
0.00
0.00
0.00
0.00
0.00
0.00
0.00
0.00
0.00
0.00
0.00
0.00
0.00
0.00
0.00
0.00
0.00
0.00
0.00
0.00
14.15
0.00
0.00
452.24
18.59
0.00
0.00
0.00
38.46
0.00
0.00
0.00
40.45
837.82
0.00
1013.95
40.19
0.00
0.00
0.00
0.00
0.00
0.00
0.00
0.00
0.00
0.00
0.00
0.00
0.00
0.00
0.00
0.00
0.00
0.00
0.00
0.00
0.00
0.00
0.00
0.00
0.00
0.00
0.00
0.00
0.00
0.00
0.00
0.00
0.00
0.00
0.00
0.00
0.00
0.00
0.00
0.00
0.00
0.00
0.00
0.00
0.00
0.00
0.00
0.00
0.00
0.00
0.00
0.00
0.00
0.00
0.00
0.00
0.00
0.00
0.00
0.00
0.00
0.00
0.00
0.00
0.00
0.00
0.00
0.00
0.00
0.00
0.00
0.00
0.00
0.00
0.00
0.00
0.00
0.00
0.00
0.00
0.00
0.00
122.31
0.00
81.04
0.00
0.00
0.00
150.51
0.00
0.00
0.00
157.47
0.00
0.00
0.00
156.55
0.00
0.00
0.00
0.00
0.00
0.00
0.00
0.00
0.00
0.00
0.00
0.00
0.00
0.00
0.00
0.00
0.00
0.00
0.00
0.00
0.00
0.00
0.00
0.00
0.00
0.00
0.00
0.00
0.00
0.00
0.00
0.00
0.00
0.00
0.00
0.00
0.00
0.00
0.00
0.00
0.00
0.00
0.00
0.00
0.00
0.00
0.00
0.00
0.00
0.00
0.00
0.00
0.00
0.00
0.00
0.00
0.00
0.00
0.00
0.00
0.00
0.00
0.00
0.00
0.00
0.00
0.00
0.00
0.00
0.00
0.00
0.00
0.00
0.00
0.00
0.00
0.00
0.00
0.00
0.00
0.00
0.00
0.00
0.00
0.00
0.00
0.00
0.00
210.69
0.00
0.00
0.00
391.28
0.00
0.00
0.00
409.37
0.00
0.00
674.63
406.98
0.00
0.00
0.00
0.00
0.00
0.00
0.00
0.00
0.00
0.00
0.00
0.00
0.00
0.00
0.00
0.00
0.00
0.00
0.00
0.00
0.00
0.00
0.00
0.00
0.00
0.00
0.00
0.00
0.00
0.00
0.00
0.00
0.00
0.00
0.00
0.00
0.00
0.00
0.00
0.00
0.00
0.00
0.00
0.00
0.00
0.00
0.00
0.00
0.00
0.00
0.00
0.00
0.00
0.00
0.00
0.00
0.00
0.00
0.00
0.00
0.00
0.00
0.00
0.00
0.00
0.00
0.00
0.00
0.00
0.00
0.00
0.00
0.00
0.00
0.00
0.00
0.00
0.00
0.00
0.00
0.00
0.00
0.00
0.00
0.00
0.00
1362.84
0.00
244.58
0.00
0.00
0.00
454.22
0.00
832.41
0.00
475.21
0.00
0.00
0.00
472.44
0.00
0.00
0.00
0.00
0.00
0.00
0.00
0.00
0.00
0.00
0.00
0.00
0.00
0.00
0.00
0.00
0.00
0.00
0.00
0.00
0.00
0.00
0.00
0.00
0.00
0.00
0.00
0.00
0.00
0.00
0.00
0.00
0.00
0.00
0.00
0.00
0.00
0.00
0.00
0.00
0.00
0.00
0.00
0.00
0.00
0.00
0.00
0.00
0.00
0.00
0.00
0.00
0.00
0.00
0.00
0.00
0.00
0.00
0.00
0.00
0.00
0.00
0.00
0.00
0.00
0.00
0.00
0.00
0.00
0.00
0.00
0.00
0.00
0.00
0.00
0.00
0.00
0.00
0.00
0.00
0.00
0.00
0.00
0.00
0.00
0.00
679.10
0.00
23.18
0.00
0.00
0.00
43.06
0.00
947.81
0.00
45.05
560.04
0.00
0.00
44.78
0.00
0.00
0.00
0.00
0.00
0.00
0.00
0.00
0.00
0.00
0.00
0.00
0.00
0.00
0.00
0.00
0.00
0.00
0.00
0.00
0.00
0.00
0.00
0.00
0.00
0.00
0.00
0.00
0.00
0.00
0.00
0.00
0.00
0.00
0.00
0.00
0.00
0.00
0.00
0.00
0.00
0.00
0.00
0.00
0.00
0.00
0.00
0.00
0.00
0.00
0.00
0.00
0.00
0.00
0.00
0.00
0.00
0.00
0.00
0.00
0.00
0.00
0.00
0.00
0.00
0.00
0.00
0.00
0.00
0.00
0.00
0.00
0.00
0.00
0.00
0.00
0.00
0.00
0.00
0.00
0.00
0.00
0.00
0.00
0.00
0.00
0.00
0.00
166.02
0.00
0.00
0.00
172.98
311.69
0.00
0.00
172.06
0.00
433.89
0.00
0.00
0.00
0.00
0.00
0.00
0.00
0.00
0.00
0.00
0.00
0.00
0.00
0.00
0.00
0.00
0.00
0.00
0.00
0.00
0.00
0.00
0.00
0.00
0.00
0.00
0.00
0.00
0.00
0.00
0.00
0.00
0.00
0.00
0.00
0.00
0.00
0.00
0.00
0.00
0.00
0.00
0.00
0.00
0.00
0.00
0.00
0.00
0.00
0.00
0.00
0.00
0.00
0.00
0.00
0.00
0.00
0.00
0.00
0.00
0.00
0.00
0.00
0.00
0.00
0.00
0.00
0.00
0.00
0.00
0.00
0.00
0.00
0.00
0.00
0.00
0.00
0.00
0.00
0.00
0.00
0.00
0.00
0.00
0.00
0.00
0.00
878.38
0.00
0.00
431.60
0.00
0.00
0.00
449.69
0.00
0.00
1328.54
447.30
568.00
0.00
0.00
0.00
0.00
0.00
0.00
0.00
0.00
0.00
0.00
0.00
0.00
0.00
0.00
0.00
0.00
0.00
0.00
0.00
0.00
0.00
0.00
0.00
0.00
0.00
0.00
0.00
0.00
0.00
0.00
0.00
0.00
0.00
0.00
0.00
0.00
0.00
0.00
0.00
0.00
0.00
0.00
0.00
0.00
0.00
0.00
0.00
0.00
0.00
0.00
0.00
0.00
0.00
0.00
0.00
0.00
0.00
0.00
0.00
0.00
0.00
0.00
0.00
0.00
0.00
0.00
0.00
0.00
0.00
0.00
0.00
0.00
0.00
0.00
0.00
0.00
0.00
0.00
0.00
0.00
0.00
0.00
0.00
0.00
0.00
0.00
0.00
0.00
188.69
0.00
0.00
501.02
348.67
0.00
0.00
522.02
0.00
0.00
0.00
519.25
0.00
0.00
0.00
0.00
0.00
0.00
0.00
0.00
0.00
0.00
0.00
0.00
0.00
0.00
0.00
0.00
0.00
0.00
0.00
0.00
0.00
0.00
0.00
0.00
0.00
0.00
0.00
0.00
0.00
0.00
0.00
0.00
0.00
0.00
0.00
0.00
0.00
0.00
0.00
0.00
0.00
0.00
0.00
0.00
0.00
0.00
0.00
0.00
0.00
0.00
0.00
0.00
0.00
0.00
0.00
0.00
0.00
0.00
0.00
0.00
0.00
0.00
0.00
0.00
0.00
0.00
0.00
0.00
0.00
0.00
0.00
0.00
0.00
0.00
0.00
0.00
0.00
0.00
0.00
0.00
0.00
0.00
0.00
0.00
0.00
0.00
0.00
0.00
0.00
974.26
0.00
0.00
47.49
0.00
0.00
0.00
49.48
0.00
652.55
0.00
49.22
0.00
0.00
0.00
0.00
0.00
0.00
0.00
0.00
0.00
0.00
0.00
0.00
0.00
0.00
0.00
0.00
0.00
0.00
0.00
0.00
0.00
0.00
0.00
0.00
0.00
0.00
0.00
0.00
0.00
0.00
0.00
0.00
0.00
0.00
0.00
0.00
0.00
0.00
0.00
0.00
0.00
0.00
0.00
0.00
0.00
0.00
0.00
0.00
0.00
0.00
0.00
0.00
0.00
0.00
0.00
0.00
0.00
0.00
0.00
0.00
0.00
0.00
0.00
0.00
0.00
0.00
0.00
0.00
0.00
0.00
0.00
0.00
0.00
0.00
0.00
0.00
0.00
0.00
0.00
0.00
0.00
0.00
0.00
0.00
0.00
0.00
0.00
0.00
0.00
0.00
0.00
0.00
242.44
0.00
0.00
0.00
241.52
0.00
0.00
0.00
0.00
0.00
0.00
0.00
0.00
0.00
0.00
0.00
0.00
0.00
0.00
0.00
0.00
0.00
0.00
0.00
0.00
0.00
0.00
0.00
0.00
0.00
0.00
0.00
0.00
0.00
0.00
0.00
0.00
0.00
0.00
0.00
0.00
0.00
0.00
0.00
0.00
0.00
0.00
0.00
0.00
0.00
0.00
0.00
0.00
0.00
0.00
0.00
0.00
0.00
0.00
0.00
0.00
0.00
0.00
0.00
0.00
0.00
0.00
0.00
0.00
0.00
0.00
0.00
0.00
0.00
0.00
0.00
0.00
0.00
0.00
0.00
0.00
0.00
0.00
0.00
0.00
0.00
0.00
0.00
0.00
0.00
0.00
0.00
0.00
0.00
0.00
0.00
0.00
0.00
0.00
0.00
0.00
630.28
0.00
0.00
1228.64
627.89
0.00
1245.00
0.00
0.00
0.00
0.00
0.00
0.00
0.00
0.00
0.00
0.00
0.00
0.00
0.00
0.00
0.00
0.00
0.00
0.00
0.00
0.00
0.00
0.00
0.00
0.00
0.00
0.00
0.00
0.00
0.00
0.00
0.00
0.00
0.00
0.00
0.00
0.00
0.00
0.00
0.00
0.00
0.00
0.00
0.00
0.00
0.00
0.00
0.00
0.00
0.00
0.00
0.00
0.00
0.00
0.00
0.00
0.00
0.00
0.00
0.00
0.00
0.00
0.00
0.00
0.00
0.00
0.00
0.00
0.00
0.00
0.00
0.00
0.00
0.00
0.00
0.00
0.00
0.00
0.00
0.00
0.00
0.00
0.00
0.00
0.00
0.00
0.00
0.00
0.00
0.00
0.00
0.00
0.00
0.00
0.00
731.65
0.00
0.00
0.00
728.89
0.00
0.00
0.00
0.00
0.00
0.00
0.00
0.00
0.00
0.00
0.00
0.00
0.00
0.00
0.00
0.00
0.00
0.00
0.00
0.00
0.00
0.00
0.00
0.00
0.00
0.00
0.00
0.00
0.00
0.00
0.00
0.00
0.00
0.00
0.00
0.00
0.00
0.00
0.00
0.00
0.00
0.00
0.00
0.00
0.00
0.00
0.00
0.00
0.00
0.00
0.00
0.00
0.00
0.00
0.00
0.00
0.00
0.00
0.00
0.00
0.00
0.00
0.00
0.00
0.00
0.00
0.00
0.00
0.00
0.00
0.00
0.00
0.00
0.00
0.00
0.00
0.00
0.00
0.00
0.00
0.00
0.00
0.00
0.00
0.00
0.00
0.00
0.00
0.00
0.00
0.00
0.00
0.00
0.00
0.00
0.00
69.36
0.00
0.00
0.00
69.09
0.00
0.00
0.00
0.00
0.00
0.00
0.00
0.00
0.00
0.00
0.00
0.00
0.00
0.00
0.00
0.00
0.00
0.00
0.00
0.00
0.00
0.00
0.00
0.00
0.00
0.00
0.00
0.00
0.00
0.00
0.00
0.00
0.00
0.00
0.00
0.00
0.00
0.00
0.00
0.00
0.00
0.00
0.00
0.00
0.00
0.00
0.00
0.00
0.00
0.00
0.00
0.00
0.00
0.00
0.00
0.00
0.00
0.00
0.00
0.00
0.00
0.00
0.00
0.00
0.00
0.00
0.00
0.00
0.00
0.00
0.00
0.00
0.00
0.00
0.00
0.00
0.00
0.00
0.00
0.00
0.00
0.00
0.00
0.00
0.00
0.00
0.00
0.00
0.00
0.00
0.00
0.00
0.00
0.00
0.00
523.26
248.48
0.00
0.00
0.00
0.00
0.00
0.00
0.00
0.00
0.00
0.00
0.00
0.00
0.00
0.00
0.00
0.00
0.00
0.00
0.00
0.00
0.00
0.00
0.00
0.00
0.00
0.00
0.00
0.00
0.00
0.00
0.00
0.00
0.00
0.00
0.00
0.00
0.00
0.00
0.00
0.00
0.00
0.00
0.00
0.00
0.00
0.00
0.00
0.00
0.00
0.00
0.00
0.00
0.00
0.00
0.00
0.00
0.00
0.00
0.00
0.00
0.00
0.00
0.00
0.00
0.00
0.00
0.00
0.00
0.00
0.00
0.00
0.00
0.00
0.00
0.00
0.00
0.00
0.00
0.00
0.00
0.00
0.00
0.00
0.00
0.00
0.00
0.00
0.00
0.00
0.00
0.00
0.00
0.00
0.00
0.00
0.00
0.00
0.00
865.94
0.00
645.98
0.00
0.00
0.00
0.00
0.00
0.00
0.00
0.00
0.00
0.00
0.00
0.00
0.00
0.00
0.00
0.00
0.00
0.00
0.00
0.00
0.00
0.00
0.00
0.00
0.00
0.00
0.00
0.00
0.00
0.00
0.00
0.00
0.00
0.00
0.00
0.00
0.00
0.00
0.00
0.00
0.00
0.00
0.00
0.00
0.00
0.00
0.00
0.00
0.00
0.00
0.00
0.00
0.00
0.00
0.00
0.00
0.00
0.00
0.00
0.00
0.00
0.00
0.00
0.00
0.00
0.00
0.00
0.00
0.00
0.00
0.00
0.00
0.00
0.00
0.00
0.00
0.00
0.00
0.00
0.00
0.00
0.00
0.00
0.00
0.00
0.00
0.00
0.00
0.00
0.00
0.00
0.00
0.00
0.00
0.00
0.00
0.00
1390.24
0.00
0.00
749.88
0.00
0.00
0.00
0.00
0.00
0.00
0.00
0.00
0.00
0.00
0.00
0.00
0.00
0.00
0.00
0.00
0.00
0.00
0.00
0.00
0.00
0.00
0.00
0.00
0.00
0.00
0.00
0.00
0.00
0.00
0.00
0.00
0.00
0.00
0.00
0.00
0.00
0.00
0.00
0.00
0.00
0.00
0.00
0.00
0.00
0.00
0.00
0.00
0.00
0.00
0.00
0.00
0.00
0.00
0.00
0.00
0.00
0.00
0.00
0.00
0.00
0.00
0.00
0.00
0.00
0.00
0.00
0.00
0.00
0.00
0.00
0.00
0.00
0.00
0.00
0.00
0.00
0.00
0.00
0.00
0.00
0.00
0.00
0.00
0.00
0.00
0.00
0.00
0.00
0.00
0.00
0.00
0.00
0.00
0.00
0.00
0.00
0.00
0.00
0.00
71.08
0.00
0.00
0.00
0.00
0.00
0.00
0.00
0.00
0.00
0.00
0.00
0.00
0.00
0.00
0.00
0.00
0.00
0.00
0.00
0.00
0.00
0.00
0.00
0.00
0.00
0.00
0.00
0.00
0.00
0.00
0.00
0.00
0.00
0.00
0.00
0.00
0.00
0.00
0.00
0.00
0.00
0.00
0.00
0.00
0.00
0.00
0.00
0.00
0.00
0.00
0.00
0.00
0.00
0.00
0.00
0.00
0.00
0.00
0.00
0.00
0.00
0.00
0.00
0.00
0.00
0.00
0.00
0.00
0.00
0.00
0.00
0.00
0.00
0.00
0.00
0.00
0.00
0.00
0.00
0.00
0.00
0.00
0.00
0.00
0.00
0.00
0.00
0.00
0.00
0.00
0.00
0.00
0.00
0.00
0.00
0.00
0.00
0.00
0.00
0.00
0.00
0.00
0.00
0.00
0.00
0.00
0.00
0.00
0.00
0.00
0.00
0.00
0.00
0.00
0.00
0.00
0.00
0.00
0.00
0.00
0.00
0.00
0.00
0.00
0.00
0.00
0.00
0.00
0.00
0.00
0.00
0.00
0.00
0.00
0.00
0.00
0.00
0.00
0.00
0.00
0.00
0.00
0.00
0.00
0.00
0.00
0.00
0.00
0.00
0.00
0.00
0.00
0.00
0.00
0.00
0.00
0.00
0.00
0.00
0.00
0.00
0.00
0.00
0.00
0.00
0.00
0.00
0.00
0.00
0.00
0.00
0.00
0.00
0.00
0.00
0.00
0.00
0.00
0.00
0.00
0.00
0.00
0.00
0.00
0.00
0.00
0.00
0.00
0.00
0.00
0.00
0.00
0.00
0.00
0.00
0.00
0.00
0.00
0.00
0.00
0.00
0.00
0.00
0.00
0.00
0.00
0.00
0.00
0.00
0.00
0.00
0.00
0.00
0.00
0.00
0.00
0.00
0.00
0.00
0.00
0.00
0.00
0.00
0.00
0.00
0.00
0.00
0.00
0.00
0.00
0.00
0.00
0.00
0.00
0.00
0.00
0.00
0.00
0.00
0.00
0.00
0.00
0.00
0.00
0.00
0.00
0.00
0.00
0.00
0.00
0.00
0.00
0.00
0.00
0.00
0.00
0.00
0.00
0.00
0.00
0.00
0.00
0.00
0.00
0.00
0.00
0.00
0.00
0.00
0.00
0.00
0.00
0.00
0.00
0.00
0.00
0.00
0.00
0.00
0.00
0.00
0.00
0.00
0.00
0.00
0.00
0.00
0.00
0.00
0.00
0.00
0.00
0.00
0.00
0.00
0.00
0.00
0.00
0.00
0.00
0.00
0.00
0.00
0.00
0.00
0.00
0.00
0.00
0.00
0.00
0.00
0.00
0.00
0.00
0.00
0.00
0.00
0.00
0.00
0.00
0.00
0.00
0.00
0.00
0.00
0.00
0.00
0.00
0.00
0.00
0.00
0.00
0.00
0.00
0.00
0.00
0.00
0.00
0.00
0.00
0.00
0.00
0.00
0.00
0.00
0.00
0.00
0.00
0.00
0.00
0.00
0.00
0.00
0.00
0.00
0.00
0.00
0.00
0.00
0.00
0.00
0.00
0.00
0.00
0.00
0.00
0.00
0.00
0.00
0.00
0.00
0.00
0.00
0.00
0.00
0.00
0.00
0.00
0.00
0.00
0.00
0.00
0.00
0.00
0.00
0.00
0.00
0.00
0.00
0.00
0.00
0.00
0.00
0.00
0.00
0.00
0.00
0.00
0.00
0.00
