0.00
0.00
0.00
189.30
0.00
0.00
206.91
0.00
0.00
183.61
0.00
0.00
180.93
0.00
894.82
258.91
0.00
135.59
264.27
0.00
0.00
243.58
0.00
618.74
201.72
54.98
409.08
140.07
0.00
0.00
149.47
0.00
0.00
118.32
0.00
0.00
210.60
0.00
193.61
222.01
0.00
708.92
163.57
0.00
0.00
259.18
0.00
0.00
202.42
1345.15
418.69
265.85
0.00
0.00
194.19
0.00
0.00
119.17
0.00
0.00
130.13
0.00
0.00
140.71
0.00
0.00
188.12
0.00
1860.74
192.87
0.00
0.00
192.24
0.00
0.00
144.79
0.00
0.00
204.01
0.00
0.00
219.50
0.00
0.00
118.36
0.00
0.00
145.39
0.00
0.00
0.00
0.00
0.00
1234.81
1159.12
0.00
0.00
1266.91
0.00
0.00
1124.26
0.00
0.00
1107.83
0.00
0.00
1585.33
0.00
0.00
1618.15
0.00
0.00
1491.47
0.00
0.00
1235.17
0.00
749.64
857.63
0.00
0.00
915.21
0.00
0.00
724.50
0.00
264.18
1289.52
0.00
0.00
1359.40
0.00
0.00
1001.53
0.00
0.00
1586.97
0.00
1626.30
1239.44
0.00
0.00
1627.81
0.00
988.74
1189.01
1136.04
107.97
729.65
298.99
0.00
796.79
0.00
0.00
861.60
0.00
0.00
1151.89
0.00
0.00
1180.96
0.00
0.00
1177.12
0.00
0.00
886.55
0.00
0.00
1249.19
0.00
0.00
1343.98
0.00
0.00
724.71
0.00
0.00
890.21
0.00
0.00
0.00
0.00
0.00
785.40
845.85
0.00
1055.88
924.51
0.00
1024.20
820.41
0.00
0.00
808.42
0.00
0.00
1156.88
0.00
0.00
1180.82
0.00
0.00
1088.38
0.00
0.00
901.34
0.00
0.00
625.84
0.00
0.00
667.86
0.00
0.00
528.69
0.00
0.00
941.01
0.00
0.00
992.00
0.00
0.00
730.85
0.00
0.00
1158.07
774.18
0.00
904.46
0.00
1432.83
1187.87
0.00
0.00
867.67
0.00
0.00
532.45
0.00
78.14
581.44
0.00
0.00
628.74
0.00
0.00
840.57
1150.71
0.00
861.78
0.00
0.00
858.99
0.00
0.00
646.95
0.00
0.00
911.58
0.00
0.00
980.75
0.00
0.00
528.84
0.00
0.00
649.62
0.00
0.00
0.00
0.00
0.00
851.09
180.68
0.00
0.00
157.38
0.00
0.00
154.70
0.00
0.00
232.69
0.00
0.00
238.04
0.00
0.00
217.36
0.00
0.00
175.50
0.00
0.00
113.84
0.00
0.00
123.24
0.00
0.00
92.10
0.00
1409.93
184.37
0.00
0.00
195.79
0.00
0.00
137.34
0.00
0.00
232.95
0.00
0.00
176.19
1912.10
0.00
239.62
0.00
0.00
167.96
0.00
0.00
92.94
0.00
917.57
103.90
0.00
0.00
114.49
0.00
0.00
161.90
0.00
0.00
166.64
0.00
0.00
166.02
0.00
1850.38
118.56
1915.66
1041.84
177.79
0.00
0.00
193.27
0.00
0.00
92.13
0.00
0.00
119.16
0.00
0.00
0.00
0.00
0.00
0.00
0.00
0.00
1266.62
1106.32
0.00
0.00
963.67
0.00
0.00
947.24
0.00
0.00
1424.74
0.00
0.00
1457.55
0.00
851.03
1330.88
1679.72
0.00
1074.57
0.00
0.00
697.04
0.00
0.00
754.62
0.00
0.00
563.91
0.00
698.33
1128.93
0.00
0.00
1198.81
0.00
0.00
840.94
0.00
0.00
1426.38
0.00
0.00
1078.84
0.00
0.00
1467.22
0.00
0.00
1028.42
0.00
0.00
569.06
0.00
0.00
636.19
0.00
0.00
701.01
0.00
0.00
991.30
0.00
0.00
1020.36
0.00
0.00
1016.53
0.00
0.00
725.96
0.00
0.00
1088.60
52.98
0.00
1183.39
0.00
0.00
564.12
0.00
0.00
729.62
0.00
0.00
0.00
0.00
0.00
0.00
0.00
767.88
0.00
807.32
0.00
0.00
703.22
0.00
0.00
691.23
0.00
0.00
1039.69
0.00
0.00
1063.63
0.00
0.00
971.19
0.00
0.00
784.15
0.00
0.00
508.65
1344.20
0.00
550.67
278.29
0.00
411.50
0.00
0.00
823.82
0.00
0.00
874.81
0.00
0.00
613.66
0.00
0.00
1040.88
0.00
0.00
787.27
0.00
0.00
1070.68
0.00
0.00
750.48
0.00
0.00
415.26
0.00
144.82
464.25
0.00
0.00
511.55
399.10
0.00
723.38
1378.68
0.00
744.60
0.00
0.00
741.80
0.00
0.00
529.76
0.00
0.00
794.39
0.00
0.00
863.56
1165.84
858.74
411.65
0.00
0.00
532.43
0.00
0.00
0.00
0.00
0.00
0.00
0.00
0.00
0.00
174.99
0.00
334.84
172.30
0.00
0.00
250.29
0.00
0.00
255.65
0.00
0.00
234.96
0.00
1917.44
193.10
0.00
0.00
131.44
840.79
0.00
140.85
0.00
0.00
109.70
1487.05
0.00
201.98
0.00
0.00
213.39
0.00
0.00
154.94
0.00
266.89
250.56
651.07
0.00
193.80
0.00
0.00
257.23
92.64
0.00
185.56
0.00
0.00
110.54
0.00
0.00
121.51
0.00
1684.34
132.09
0.00
1406.05
179.50
1555.39
0.00
184.25
0.00
0.00
183.62
0.00
0.00
136.17
0.00
0.00
195.39
0.00
0.00
210.87
0.00
0.00
109.73
386.66
0.00
136.76
0.00
0.00
0.00
0.00
0.00
0.00
0.00
0.00
0.00
0.00
0.00
0.00
1071.46
1654.50
0.00
1055.03
0.00
0.00
1532.53
0.00
0.00
1565.34
0.00
0.00
1438.67
0.00
0.00
1182.36
0.00
0.00
804.83
0.00
888.46
862.41
0.00
1155.22
671.70
0.00
0.00
1236.72
0.00
468.46
1306.60
0.00
0.00
948.73
0.00
0.00
1534.17
0.00
0.00
1186.63
0.00
767.34
1575.01
523.86
0.00
1136.21
0.00
0.00
676.85
1475.18
0.00
743.98
0.00
954.50
808.80
0.00
0.00
1099.09
0.00
0.00
1128.15
707.66
1257.79
1124.32
0.00
0.00
833.75
0.00
0.00
1196.39
0.00
0.00
1291.18
0.00
0.00
671.91
0.00
0.00
837.41
0.00
0.00
0.00
0.00
0.00
0.00
0.00
0.00
0.00
0.00
0.00
0.00
781.88
0.00
0.00
769.89
0.00
0.00
1118.34
0.00
398.40
1142.29
0.00
0.00
1049.85
0.00
0.00
862.81
577.09
0.00
587.31
383.34
0.00
629.33
0.00
0.00
490.16
0.00
0.00
902.48
0.00
0.00
953.47
0.00
0.00
692.32
0.00
0.00
1119.54
0.00
0.00
865.93
0.00
0.00
1149.34
0.00
0.00
829.14
1747.12
0.00
493.92
0.00
0.00
542.91
0.00
0.00
590.21
0.00
96.83
802.04
0.00
0.00
823.25
885.34
0.00
820.46
0.00
0.00
608.42
0.00
0.00
873.05
0.00
0.00
942.22
0.00
0.00
490.31
0.00
0.00
611.09
0.00
0.00
0.00
0.00
0.00
0.00
0.00
0.00
0.00
0.00
311.93
0.00
149.01
0.00
0.00
226.99
498.41
0.00
232.35
0.00
0.00
211.66
0.00
818.12
169.80
0.00
0.00
108.14
0.00
1230.21
117.55
0.00
0.00
86.40
0.00
0.00
178.68
0.00
1162.08
190.09
0.00
0.00
131.65
0.00
0.00
227.26
0.00
0.00
170.50
0.00
0.00
233.93
0.00
0.00
162.27
786.50
623.59
87.24
0.00
0.00
98.21
0.00
0.00
108.79
1925.72
1667.80
156.20
0.00
0.00
160.95
0.00
0.00
160.32
0.00
0.00
112.87
0.00
0.00
172.09
0.00
0.00
187.57
0.00
0.00
86.44
0.00
0.00
113.47
0.00
0.00
0.00
0.00
0.00
0.00
0.00
0.00
0.00
0.00
0.00
0.00
0.00
0.00
1666.67
912.38
1095.05
0.00
1389.88
0.00
0.00
1422.69
0.00
1800.83
1296.02
0.00
854.83
1039.71
0.00
0.00
662.18
0.00
0.00
719.76
0.00
0.00
529.05
0.00
70.36
1094.07
0.00
0.00
1163.95
0.00
0.00
806.08
0.00
852.65
1391.52
0.00
0.00
1043.98
24.25
0.00
1432.36
0.00
1591.93
993.56
0.00
0.00
534.20
0.00
0.00
601.33
0.00
0.00
666.15
939.66
0.00
956.43
0.00
0.00
985.50
313.85
0.00
981.67
0.00
0.00
691.10
0.00
0.00
1053.74
0.00
0.00
1148.53
0.00
0.00
529.25
480.14
526.31
694.76
0.00
0.00
0.00
0.00
0.00
0.00
0.00
0.00
0.00
0.00
0.00
0.00
0.00
0.00
0.00
665.79
0.00
0.00
1014.25
0.00
857.32
1038.19
0.00
1583.36
945.75
0.00
0.00
758.72
0.00
401.99
483.21
0.00
0.00
525.23
0.00
0.00
386.06
0.00
0.00
798.38
0.00
0.00
849.37
0.00
1247.95
588.23
0.00
0.00
1015.44
0.00
0.00
761.83
0.00
0.00
1045.24
0.00
0.00
725.04
0.00
0.00
389.83
0.00
0.00
438.82
0.00
0.00
486.11
0.00
0.00
697.94
0.00
1089.14
719.16
0.00
0.00
716.36
0.00
1594.18
504.32
1632.69
0.00
768.95
36.93
0.00
838.12
0.00
0.00
386.22
0.00
0.00
506.99
0.00
0.00
0.00
0.00
0.00
0.00
0.00
0.00
0.00
0.00
0.00
0.00
0.00
0.00
905.63
224.31
0.00
0.00
229.67
0.00
0.00
208.98
968.11
0.00
167.12
0.00
0.00
105.46
0.00
0.00
114.87
1377.11
0.00
83.72
0.00
0.00
176.00
0.00
0.00
187.41
0.00
0.00
128.96
0.00
0.00
224.58
0.00
0.00
167.82
0.00
1005.56
231.25
0.00
222.92
159.58
0.00
0.00
84.56
0.00
0.00
95.52
0.00
0.00
106.11
0.00
950.00
153.52
1467.57
0.00
158.27
0.00
0.00
157.64
1084.48
0.00
110.18
0.00
0.00
169.41
0.00
0.00
184.89
0.00
0.00
83.75
0.00
0.00
110.78
0.00
0.00
0.00
0.00
0.00
0.00
0.00
0.00
0.00
0.00
0.00
0.00
0.00
0.00
0.00
0.00
0.00
0.00
1373.45
1807.64
0.00
1406.26
0.00
0.00
1279.58
0.00
0.00
1023.28
0.00
0.00
645.74
0.00
0.00
703.33
0.00
0.00
512.61
0.00
0.00
1077.64
0.00
0.00
1147.52
1611.95
1410.74
789.65
0.00
0.00
1375.08
0.00
0.00
1027.55
0.00
0.00
1415.93
0.00
0.00
977.13
0.00
0.00
517.77
0.00
0.00
584.90
0.00
539.96
649.72
0.00
0.00
940.00
0.00
0.00
969.07
0.00
0.00
965.24
0.00
0.00
674.67
0.00
0.00
1037.31
0.00
0.00
1132.10
0.00
0.00
512.82
210.43
0.00
678.33
0.00
0.00
0.00
0.00
0.00
0.00
0.00
0.00
0.00
0.00
0.00
0.00
0.00
0.00
0.00
0.00
0.00
0.00
1002.26
0.00
1278.30
1026.20
0.00
0.00
933.76
1152.15
0.00
746.73
0.00
0.00
471.22
0.00
0.00
513.24
0.00
0.00
374.07
0.00
0.00
786.39
0.00
0.00
837.38
0.00
0.00
576.24
0.00
0.00
1003.45
0.00
0.00
749.84
0.00
0.00
1033.25
0.00
0.00
713.05
0.00
0.00
377.84
0.00
1926.80
426.82
0.00
0.00
474.12
0.00
0.00
685.95
0.00
1565.20
707.17
0.00
0.00
704.37
0.00
0.00
492.33
0.00
268.62
756.96
0.00
0.00
826.13
211.78
0.00
374.23
0.00
0.00
495.00
0.00
0.00
0.00
0.00
0.00
0.00
0.00
0.00
0.00
0.00
0.00
0.00
0.00
0.00
0.00
0.00
0.00
0.00
307.65
0.00
0.00
286.96
0.00
0.00
245.11
0.00
0.00
183.45
0.00
0.00
192.85
0.00
0.00
161.70
0.00
0.00
253.98
0.00
0.00
265.39
0.00
0.00
206.95
0.00
0.00
302.56
0.00
0.00
245.80
0.00
1871.21
309.23
0.00
0.00
237.57
0.00
0.00
162.55
0.00
0.00
173.51
292.03
0.00
184.10
0.00
0.00
231.50
0.00
0.00
236.25
704.52
0.00
235.63
986.29
0.00
188.17
0.00
1118.92
247.40
0.00
0.00
262.88
0.00
0.00
161.74
0.00
0.00
188.77
0.00
0.00
0.00
0.00
0.00
0.00
0.00
0.00
0.00
0.00
0.00
0.00
0.00
0.00
0.00
0.00
0.00
0.00
0.00
0.00
1850.32
1883.77
0.00
0.00
1757.09
420.59
0.00
1500.79
0.00
0.00
1123.25
0.00
0.00
1180.83
0.00
0.00
990.12
0.00
0.00
1555.14
0.00
0.00
1625.02
1709.15
0.00
1267.16
0.00
0.00
1852.59
1275.11
0.00
1505.06
0.00
0.00
1893.43
0.00
0.00
1454.64
1601.05
834.94
995.28
0.00
0.00
1062.41
0.00
0.00
1127.22
0.00
0.00
1417.51
483.26
653.08
1446.58
0.00
0.00
1442.75
810.81
1359.12
1152.17
0.00
0.00
1514.82
933.56
0.00
1609.60
0.00
0.00
990.33
1217.93
0.00
1155.84
1002.14
0.00
0.00
0.00
0.00
0.00
0.00
0.00
0.00
0.00
0.00
0.00
0.00
0.00
0.00
0.00
0.00
0.00
0.00
0.00
0.00
1374.65
0.00
0.00
1282.21
0.00
0.00
1095.18
0.00
0.00
819.68
0.00
0.00
861.70
0.00
0.00
722.53
0.00
0.00
1134.84
0.00
0.00
1185.84
0.00
0.00
924.69
0.00
0.00
1351.90
0.00
0.00
1098.29
0.00
0.00
1381.71
0.00
0.00
1061.50
0.00
0.00
726.29
1585.00
0.00
775.28
0.00
0.00
822.58
0.00
0.00
1034.41
0.00
0.00
1055.62
0.00
0.00
1052.82
0.00
0.00
840.78
0.00
0.00
1105.41
0.00
0.00
1174.59
0.00
61.56
722.68
0.00
0.00
843.46
0.00
0.00
0.00
0.00
0.00
0.00
0.00
0.00
0.00
0.00
0.00
0.00
0.00
0.00
0.00
0.00
0.00
0.00
0.00
55.47
0.00
292.32
0.00
0.00
250.46
0.00
0.00
188.81
0.00
0.00
198.21
255.53
0.00
167.06
0.00
0.00
259.34
0.00
0.00
270.75
0.00
0.00
212.31
0.00
0.00
307.92
0.00
0.00
251.16
0.00
1305.26
314.59
1597.08
1066.14
242.93
0.00
0.00
167.90
0.00
0.00
178.87
0.00
0.00
189.45
0.00
0.00
236.86
1057.46
0.00
241.61
0.00
0.00
240.98
0.00
0.00
193.53
0.00
546.13
252.75
0.00
0.00
268.24
1149.36
1012.18
167.10
0.00
0.00
194.13
0.00
0.00
0.00
0.00
0.00
0.00
0.00
0.00
0.00
0.00
0.00
0.00
0.00
0.00
0.00
0.00
0.00
0.00
0.00
0.00
0.00
0.00
0.00
0.00
1789.90
0.00
0.00
1533.60
0.00
0.00
1156.06
0.00
0.00
1213.65
481.95
0.00
1022.93
0.00
0.00
1587.95
0.00
0.00
1657.83
0.00
0.00
1299.97
0.00
0.00
1885.40
0.00
0.00
1537.87
0.00
0.00
1926.25
0.00
0.00
1487.45
0.00
0.00
1028.09
0.00
1526.93
1095.22
0.00
0.00
1160.03
0.00
0.00
1450.32
0.00
0.00
1479.39
0.00
0.00
1475.56
0.00
0.00
1184.98
1354.24
0.00
1547.63
0.00
0.00
1642.42
776.53
0.00
1023.14
1894.49
0.00
1188.65
0.00
0.00
0.00
0.00
0.00
0.00
0.00
0.00
0.00
0.00
0.00
0.00
0.00
0.00
0.00
0.00
0.00
0.00
0.00
0.00
0.00
0.00
0.00
0.00
1306.15
757.43
0.00
1119.12
0.00
0.00
843.62
0.00
0.00
885.64
0.00
0.00
746.47
0.00
0.00
1158.79
0.00
774.44
1209.78
0.00
0.00
948.63
0.00
0.00
1375.85
0.00
0.00
1122.24
0.00
0.00
1405.65
0.00
0.00
1085.44
0.00
0.00
750.23
49.31
0.00
799.22
0.00
0.00
846.52
0.00
0.00
1058.35
0.00
0.00
1079.56
0.00
0.00
1076.77
0.00
0.00
864.72
0.00
0.00
1129.36
0.00
0.00
1198.53
0.00
0.00
746.62
0.00
0.00
867.40
0.00
0.00
0.00
0.00
0.00
0.00
0.00
0.00
0.00
0.00
0.00
0.00
0.00
0.00
0.00
0.00
0.00
0.00
0.00
0.00
0.00
0.00
0.00
0.00
229.77
0.00
0.00
168.12
0.00
0.00
177.52
0.00
0.00
146.37
0.00
0.00
238.65
0.00
638.35
250.06
837.06
0.00
191.62
0.00
0.00
287.23
0.00
0.00
230.47
1436.77
0.00
293.90
1496.29
0.00
222.24
0.00
0.00
147.22
0.00
0.00
158.18
219.62
0.00
168.77
0.00
0.00
216.17
0.00
0.00
220.92
0.00
1869.74
220.30
267.88
0.00
172.84
455.08
0.00
232.07
1217.59
0.00
247.55
0.00
0.00
146.41
1699.49
582.33
173.44
0.00
0.00
0.00
0.00
0.00
0.00
0.00
0.00
0.00
0.00
0.00
0.00
0.00
0.00
0.00
0.00
0.00
0.00
0.00
0.00
0.00
0.00
0.00
0.00
0.00
0.00
1132.18
1406.92
0.00
0.00
1029.38
0.00
1240.97
1086.97
0.00
0.00
896.25
0.00
0.00
1461.27
0.00
0.00
1531.16
0.00
0.00
1173.29
412.43
411.46
1758.72
0.00
0.00
1411.19
0.00
0.00
1799.57
0.00
1640.43
1360.77
0.00
0.00
901.41
0.00
395.31
968.54
0.00
720.44
1033.36
0.00
0.00
1323.64
0.00
0.00
1352.71
0.00
0.00
1348.88
1254.67
1616.50
1058.30
0.00
0.00
1420.95
0.00
0.00
1515.74
0.00
0.00
896.46
0.00
0.00
1061.97
1742.05
0.00
0.00
0.00
0.00
0.00
0.00
0.00
0.00
0.00
0.00
0.00
0.00
0.00
0.00
0.00
0.00
0.00
0.00
0.00
0.00
0.00
0.00
0.00
0.00
0.00
0.00
1026.68
0.00
0.00
751.18
0.00
0.00
793.20
0.00
1689.07
654.03
0.00
0.00
1066.34
0.00
0.00
1117.34
0.00
0.00
856.19
0.00
0.00
1283.40
0.00
0.00
1029.80
0.00
0.00
1313.21
0.00
1193.06
993.00
0.00
0.00
657.79
0.00
0.00
706.78
0.00
746.17
754.08
0.00
0.00
965.91
786.83
0.00
987.12
310.67
0.00
984.32
0.00
0.00
772.28
0.00
0.00
1036.92
0.00
1941.38
1106.09
0.00
691.06
654.18
0.00
0.00
774.96
0.00
0.00
0.00
0.00
0.00
0.00
0.00
0.00
0.00
0.00
0.00
0.00
0.00
0.00
0.00
0.00
0.00
0.00
0.00
0.00
0.00
0.00
0.00
0.00
0.00
0.00
0.00
126.26
0.00
141.35
135.66
0.00
0.00
104.52
691.58
0.00
196.79
0.00
0.00
208.21
0.00
1929.30
149.76
0.00
0.00
245.37
0.00
364.53
188.61
0.00
0.00
252.04
0.00
0.00
180.38
0.00
0.00
105.36
0.00
0.00
116.32
995.38
0.00
126.91
0.00
0.00
174.32
0.00
0.00
179.06
0.00
0.00
178.44
0.00
0.00
130.98
0.00
0.00
190.21
1396.40
0.00
205.69
0.00
0.00
104.55
0.00
0.00
131.58
458.59
0.00
0.00
0.00
0.00
0.00
0.00
0.00
0.00
0.00
0.00
0.00
0.00
0.00
0.00
0.00
0.00
0.00
0.00
0.00
0.00
0.00
0.00
0.00
0.00
0.00
0.00
0.00
0.00
0.00
773.08
0.00
0.00
830.67
0.00
1588.37
639.95
0.00
0.00
1204.97
0.00
0.00
1274.85
0.00
0.00
916.99
0.00
0.00
1502.42
0.00
0.00
1154.89
0.00
0.00
1543.26
0.00
0.00
1104.47
0.00
0.00
645.11
0.00
628.86
712.24
0.00
0.00
777.05
0.00
0.00
1067.34
0.00
0.00
1096.41
0.00
0.00
1092.58
0.00
0.00
802.00
786.08
529.51
1164.65
0.00
0.00
1259.44
1739.88
0.00
640.16
0.00
0.00
805.67
0.00
0.00
0.00
0.00
0.00
0.00
0.00
0.00
0.00
0.00
0.00
0.00
0.00
0.00
0.00
0.00
0.00
0.00
0.00
0.00
0.00
0.00
0.00
0.00
0.00
0.00
0.00
0.00
0.00
0.00
564.14
0.00
0.00
606.17
0.00
0.00
467.00
0.00
0.00
879.31
0.00
0.00
930.31
1004.44
0.00
669.16
0.00
0.00
1096.37
0.00
310.04
842.76
0.00
1048.25
1126.18
0.00
0.00
805.97
0.00
0.00
470.76
0.00
0.00
519.75
0.00
0.00
567.04
0.00
525.40
778.88
0.00
0.00
800.09
960.69
0.00
797.29
0.00
0.00
585.25
0.00
0.00
849.88
0.00
0.00
919.05
594.73
0.00
467.15
742.47
0.00
587.92
0.00
0.00
0.00
0.00
0.00
0.00
0.00
0.00
0.00
0.00
0.00
0.00
0.00
0.00
0.00
0.00
0.00
0.00
0.00
0.00
0.00
0.00
0.00
0.00
0.00
0.00
0.00
0.00
0.00
1512.43
74.00
0.00
0.00
42.86
1709.75
1008.27
135.13
0.00
0.00
146.55
0.00
0.00
88.10
0.00
1242.42
183.71
0.00
0.00
126.96
0.00
0.00
190.38
0.00
0.00
118.72
271.53
0.00
43.70
0.00
0.00
54.66
0.00
1944.47
65.25
0.00
152.05
112.66
862.49
0.00
117.40
0.00
0.00
116.78
0.00
1002.68
69.32
0.00
0.00
128.55
0.00
0.00
144.03
0.00
0.00
42.89
0.00
0.00
69.92
0.00
0.00
0.00
0.00
0.00
0.00
0.00
0.00
0.00
0.00
0.00
0.00
0.00
0.00
0.00
0.00
0.00
0.00
0.00
0.00
0.00
0.00
0.00
0.00
0.00
0.00
0.00
0.00
0.00
0.00
0.00
0.00
294.16
453.13
0.00
0.00
262.41
0.00
0.00
827.43
0.00
0.00
897.32
708.00
674.32
539.45
0.00
0.00
1124.88
0.00
0.00
777.35
0.00
0.00
1165.73
0.00
0.00
726.93
0.00
0.00
267.57
0.00
1892.21
334.70
0.00
0.00
399.52
0.00
0.00
689.80
0.00
0.00
718.87
0.00
0.00
715.04
0.00
0.00
424.46
0.00
0.00
787.11
0.00
0.00
881.90
0.00
1213.64
262.62
0.00
0.00
428.13
0.00
0.00
0.00
0.00
0.00
0.00
0.00
0.00
0.00
0.00
0.00
0.00
0.00
0.00
0.00
0.00
0.00
0.00
0.00
0.00
0.00
0.00
0.00
0.00
0.00
0.00
0.00
0.00
0.00
0.00
0.00
0.00
0.00
330.66
0.00
436.82
191.49
0.00
417.34
603.81
410.41
0.00
654.80
0.00
0.00
393.65
0.00
0.00
820.87
1218.00
0.00
567.26
0.00
0.00
850.67
0.00
0.00
530.47
0.00
0.00
195.26
0.00
0.00
244.24
528.19
0.00
291.54
0.00
0.00
503.37
0.00
0.00
524.59
0.00
0.00
521.79
540.12
0.00
309.75
0.00
0.00
574.38
0.00
0.00
643.55
0.00
0.00
191.65
0.00
1819.91
312.42
0.00
0.00
0.00
0.00
0.00
0.00
0.00
0.00
0.00
0.00
0.00
0.00
0.00
0.00
0.00
0.00
0.00
0.00
0.00
0.00
0.00
0.00
0.00
0.00
0.00
0.00
0.00
0.00
0.00
0.00
0.00
0.00
0.00
52.26
0.00
0.00
144.54
0.00
0.00
155.95
0.00
0.00
97.51
0.00
0.00
193.12
1198.96
0.00
136.36
0.00
0.00
199.79
0.00
0.00
128.12
0.00
0.00
53.10
0.00
0.00
64.07
0.00
948.53
74.65
0.00
0.00
122.06
0.00
0.00
126.81
0.00
0.00
126.18
0.00
0.00
78.73
0.00
205.42
137.95
0.00
0.00
153.43
504.94
0.00
52.30
1305.31
0.00
79.33
0.00
0.00
0.00
0.00
0.00
0.00
0.00
0.00
0.00
0.00
0.00
0.00
0.00
0.00
0.00
0.00
0.00
0.00
0.00
0.00
0.00
0.00
0.00
0.00
0.00
0.00
0.00
0.00
0.00
0.00
0.00
0.00
0.00
0.00
0.00
0.00
320.00
0.00
0.00
885.02
0.00
0.00
954.90
0.00
0.00
597.03
0.00
0.00
1182.47
0.00
0.00
834.94
869.50
0.00
1223.31
0.00
0.00
784.51
660.60
693.18
325.15
1171.98
0.00
392.29
0.00
0.00
457.10
1882.58
0.00
747.39
0.00
0.00
776.46
0.00
0.00
772.62
0.00
1020.04
482.05
0.00
0.00
844.69
355.43
101.27
939.48
0.00
0.00
320.21
0.00
1635.99
485.71
0.00
0.00
0.00
0.00
0.00
0.00
0.00
0.00
0.00
0.00
0.00
0.00
0.00
0.00
0.00
0.00
0.00
0.00
0.00
0.00
0.00
0.00
0.00
0.00
0.00
0.00
0.00
0.00
0.00
0.00
0.00
0.00
0.00
0.00
1357.47
94.18
233.51
0.00
0.00
645.83
0.00
0.00
696.82
0.00
0.00
435.68
0.00
0.00
862.89
0.00
129.04
609.28
0.00
340.08
892.69
0.00
0.00
572.49
0.00
0.00
237.28
0.00
0.00
286.27
0.00
0.00
333.56
0.00
0.00
545.39
0.00
867.89
566.61
0.00
0.00
563.81
0.00
0.00
351.77
1226.16
0.00
616.40
0.00
0.00
685.57
0.00
0.00
233.67
0.00
0.00
354.44
0.00
0.00
0.00
0.00
0.00
0.00
0.00
0.00
0.00
0.00
0.00
0.00
0.00
0.00
0.00
0.00
0.00
0.00
0.00
0.00
0.00
0.00
0.00
0.00
0.00
0.00
0.00
0.00
0.00
0.00
0.00
0.00
0.00
0.00
1664.58
1173.72
113.39
1609.28
0.00
124.81
0.00
76.87
66.36
0.00
976.69
161.97
0.00
0.00
105.21
1701.66
0.00
168.64
0.00
0.00
96.98
410.93
0.00
21.96
0.00
0.00
32.92
0.00
0.00
43.51
0.00
0.00
90.91
0.00
0.00
95.66
0.00
0.00
95.04
0.00
0.00
47.58
0.00
0.00
106.81
0.00
0.00
122.29
179.59
0.00
21.15
0.00
0.00
48.18
0.00
0.00
0.00
0.00
0.00
0.00
0.00
0.00
0.00
0.00
0.00
0.00
0.00
0.00
0.00
0.00
0.00
0.00
0.00
0.00
0.00
0.00
0.00
0.00
0.00
0.00
0.00
0.00
0.00
0.00
0.00
0.00
0.00
0.00
0.00
0.00
0.00
0.00
0.00
694.31
0.00
0.00
764.19
0.00
0.00
406.32
0.00
0.00
991.76
0.00
0.00
644.22
0.00
0.00
1032.60
0.00
1788.59
593.80
0.00
0.00
134.44
0.00
0.00
201.57
0.00
0.00
266.39
0.00
0.00
556.67
0.00
0.00
585.74
0.00
0.00
581.91
0.00
0.00
291.34
0.00
0.00
653.98
0.00
0.00
748.77
0.00
0.00
129.49
135.65
1015.76
295.00
0.00
0.00
0.00
0.00
0.00
0.00
0.00
0.00
0.00
0.00
0.00
0.00
0.00
0.00
0.00
0.00
0.00
0.00
0.00
0.00
0.00
0.00
0.00
0.00
0.00
0.00
0.00
0.00
0.00
0.00
0.00
0.00
0.00
0.00
0.00
0.00
0.00
0.00
0.00
506.66
0.00
0.00
557.65
0.00
767.75
296.51
0.00
0.00
723.72
0.00
0.00
470.11
0.00
0.00
753.52
0.00
0.00
433.32
0.00
0.00
98.11
0.00
0.00
147.09
1509.89
0.00
194.39
0.00
225.55
406.22
0.00
0.00
427.44
0.00
0.00
424.64
0.00
0.00
212.60
0.00
0.00
477.23
0.00
0.00
546.40
0.00
1331.25
94.50
0.00
0.00
215.27
0.00
0.00
0.00
0.00
0.00
0.00
0.00
0.00
0.00
0.00
0.00
0.00
0.00
0.00
0.00
0.00
0.00
0.00
0.00
0.00
0.00
0.00
0.00
0.00
0.00
0.00
0.00
0.00
0.00
0.00
0.00
0.00
0.00
0.00
0.00
0.00
0.00
0.00
0.00
217.08
0.00
0.00
158.64
0.00
0.00
254.25
1276.33
0.00
197.49
0.00
0.00
260.92
0.00
0.00
189.26
1163.31
0.00
114.23
0.00
0.00
125.20
1896.01
437.14
135.78
0.00
0.00
183.19
0.00
0.00
187.94
0.00
0.00
187.31
0.00
0.00
139.86
0.00
0.00
199.08
0.00
0.00
214.56
0.00
0.00
113.43
0.00
0.00
140.46
0.00
0.00
0.00
0.00
0.00
0.00
0.00
0.00
0.00
0.00
0.00
0.00
0.00
0.00
0.00
0.00
0.00
0.00
0.00
0.00
0.00
0.00
0.00
0.00
0.00
0.00
0.00
0.00
0.00
0.00
0.00
0.00
0.00
0.00
0.00
0.00
0.00
0.00
0.00
0.00
1420.12
0.00
1329.21
0.00
0.00
971.34
0.00
1048.87
1556.78
0.00
0.00
1209.24
0.00
0.00
1597.62
0.00
0.00
1158.82
0.00
0.00
699.46
0.00
0.00
766.59
0.00
0.00
831.41
0.00
0.00
1121.69
0.00
0.00
1150.76
0.00
556.89
1146.93
0.00
0.00
856.36
0.00
593.18
1219.00
0.00
0.00
1313.79
0.00
0.00
694.51
0.00
1517.55
860.02
0.00
0.00
0.00
0.00
0.00
0.00
0.00
0.00
0.00
0.00
0.00
0.00
0.00
0.00
0.00
0.00
0.00
0.00
0.00
0.00
0.00
0.00
0.00
0.00
0.00
0.00
0.00
0.00
0.00
0.00
0.00
0.00
0.00
0.00
0.00
0.00
0.00
0.00
0.00
0.00
0.00
0.00
969.97
0.00
172.87
708.82
0.00
0.00
1136.04
0.00
0.00
882.43
1032.43
0.00
1165.84
0.00
0.00
845.63
0.00
0.00
510.42
0.00
0.00
559.41
0.00
0.00
606.71
0.00
0.00
818.54
0.00
746.65
839.75
987.48
0.00
836.96
0.00
0.00
624.91
0.00
0.00
889.55
1648.38
0.00
958.72
0.00
0.00
506.81
0.00
0.00
627.59
0.00
0.00
0.00
0.00
0.00
0.00
0.00
0.00
0.00
0.00
0.00
0.00
0.00
0.00
0.00
0.00
0.00
0.00
0.00
0.00
0.00
0.00
0.00
0.00
0.00
0.00
0.00
0.00
0.00
0.00
0.00
0.00
0.00
0.00
0.00
0.00
0.00
0.00
0.00
0.00
1779.33
0.00
170.05
0.00
0.00
265.66
0.00
0.00
208.90
761.07
0.00
272.33
0.00
0.00
200.67
0.00
0.00
125.65
0.00
0.00
136.61
0.00
0.00
147.20
0.00
0.00
194.61
0.00
0.00
199.35
0.00
0.00
198.73
1097.19
0.00
151.27
0.00
0.00
210.50
0.00
0.00
225.98
0.00
0.00
124.84
0.00
0.00
151.87
0.00
0.00
0.00
0.00
0.00
0.00
0.00
0.00
0.00
0.00
0.00
0.00
0.00
0.00
0.00
0.00
0.00
0.00
0.00
0.00
0.00
0.00
0.00
0.00
0.00
0.00
0.00
0.00
0.00
0.00
0.00
0.00
0.00
0.00
0.00
0.00
0.00
0.00
0.00
0.00
0.00
0.00
0.00
0.00
0.00
1041.22
0.00
0.00
1626.66
61.15
0.00
1279.12
0.00
585.37
1667.50
0.00
0.00
1228.70
1820.06
810.35
769.34
0.00
0.00
836.48
0.00
0.00
901.29
0.00
0.00
1191.58
0.00
372.40
1220.64
0.00
0.00
1216.81
0.00
0.00
926.24
0.00
0.00
1288.88
379.80
977.91
1383.67
0.00
0.00
764.40
0.00
0.00
929.90
0.00
0.00
0.00
0.00
0.00
0.00
0.00
0.00
0.00
0.00
0.00
0.00
0.00
0.00
0.00
0.00
0.00
0.00
0.00
0.00
0.00
0.00
0.00
0.00
0.00
0.00
0.00
0.00
0.00
0.00
0.00
0.00
0.00
0.00
0.00
0.00
0.00
0.00
0.00
0.00
0.00
0.00
0.00
0.00
0.00
759.82
89.52
0.00
1187.03
1733.25
0.00
933.42
45.14
0.00
1216.83
0.00
0.00
896.63
0.00
95.75
561.42
0.00
0.00
610.41
1058.60
0.00
657.70
0.00
0.00
869.54
0.00
0.00
890.75
0.00
0.00
887.95
0.00
0.00
675.91
0.00
0.00
940.54
0.00
0.00
1009.71
0.00
0.00
557.81
0.00
0.00
678.58
0.00
0.00
0.00
0.00
0.00
0.00
0.00
0.00
0.00
0.00
0.00
0.00
0.00
0.00
0.00
0.00
0.00
0.00
0.00
0.00
0.00
0.00
0.00
0.00
0.00
0.00
0.00
0.00
0.00
0.00
0.00
0.00
0.00
0.00
0.00
0.00
0.00
0.00
0.00
0.00
0.00
0.00
0.00
0.00
0.00
207.22
0.00
0.00
150.46
1696.37
0.00
213.89
0.00
0.00
142.22
0.00
0.00
67.20
0.00
0.00
78.17
0.00
0.00
88.75
726.12
0.00
136.16
0.00
0.00
140.91
0.00
0.00
140.28
0.00
0.00
92.82
0.00
0.00
152.05
0.00
0.00
167.53
0.00
0.00
66.39
0.00
0.00
93.42
0.00
363.79
0.00
0.00
0.00
0.00
0.00
0.00
0.00
0.00
0.00
0.00
0.00
0.00
0.00
0.00
0.00
0.00
0.00
0.00
0.00
0.00
0.00
0.00
0.00
0.00
0.00
0.00
0.00
0.00
0.00
0.00
0.00
0.00
0.00
0.00
0.00
0.00
0.00
0.00
0.00
0.00
0.00
0.00
0.00
0.00
0.00
0.00
1268.79
0.00
1571.05
921.26
0.00
1017.06
1309.63
0.00
1530.64
870.84
0.00
0.00
411.48
0.00
1199.22
478.61
304.72
971.50
543.42
0.00
0.00
833.71
0.00
0.00
862.78
0.00
0.00
858.94
0.00
0.00
568.37
872.41
0.00
931.01
0.00
0.00
1025.80
0.00
0.00
406.53
945.37
0.00
572.04
0.00
0.00
0.00
0.00
0.00
0.00
0.00
0.00
0.00
0.00
0.00
0.00
0.00
0.00
0.00
0.00
0.00
0.00
0.00
0.00
0.00
0.00
0.00
0.00
0.00
0.00
0.00
0.00
0.00
0.00
0.00
0.00
0.00
0.00
0.00
0.00
0.00
0.00
0.00
0.00
0.00
0.00
0.00
0.00
0.00
0.00
0.00
1704.31
925.88
0.00
0.00
672.27
0.00
0.00
955.69
0.00
0.00
635.48
0.00
0.00
300.27
0.00
0.00
349.26
0.00
0.00
396.55
0.00
0.00
608.39
1350.40
0.00
629.60
0.00
0.00
626.80
0.00
0.00
414.76
0.00
0.00
679.39
0.00
0.00
748.56
0.00
0.00
296.66
0.00
0.00
417.43
0.00
0.00
0.00
0.00
0.00
0.00
0.00
0.00
0.00
0.00
0.00
0.00
0.00
0.00
0.00
0.00
0.00
0.00
0.00
0.00
0.00
0.00
0.00
0.00
0.00
0.00
0.00
0.00
0.00
0.00
0.00
0.00
0.00
0.00
0.00
0.00
0.00
0.00
0.00
0.00
0.00
0.00
0.00
0.00
0.00
0.00
0.00
0.00
246.07
842.00
0.00
309.50
0.00
0.00
237.83
0.00
0.00
162.81
1265.47
0.00
173.78
0.00
0.00
184.36
0.00
295.81
231.77
0.00
0.00
236.52
0.00
0.00
235.89
0.00
0.00
188.44
0.00
0.00
247.66
252.15
1238.57
263.14
0.00
0.00
162.01
0.00
0.00
189.04
962.76
0.00
0.00
0.00
0.00
0.00
0.00
0.00
0.00
0.00
0.00
0.00
0.00
0.00
0.00
0.00
0.00
0.00
0.00
0.00
0.00
0.00
0.00
0.00
0.00
0.00
0.00
0.00
0.00
0.00
0.00
0.00
0.00
0.00
0.00
0.00
0.00
0.00
0.00
0.00
0.00
0.00
0.00
0.00
0.00
0.00
0.00
0.00
0.00
0.00
108.05
1506.69
20.12
0.00
1895.07
1665.37
0.00
1456.27
0.00
0.00
996.91
0.00
0.00
1064.04
0.00
631.39
1128.86
0.00
0.00
1419.14
1015.28
0.00
1448.21
0.00
0.00
1444.38
0.00
0.00
1153.81
0.00
0.00
1516.45
883.88
0.00
1611.24
0.00
587.00
991.96
0.00
0.00
1157.47
0.00
0.00
0.00
0.00
0.00
0.00
0.00
0.00
0.00
0.00
0.00
0.00
0.00
0.00
0.00
0.00
0.00
0.00
0.00
0.00
0.00
0.00
0.00
0.00
0.00
0.00
0.00
0.00
0.00
0.00
0.00
0.00
0.00
0.00
0.00
0.00
0.00
0.00
0.00
0.00
0.00
0.00
0.00
0.00
0.00
0.00
0.00
0.00
0.00
245.48
0.00
1099.49
0.00
0.00
1382.90
1292.46
0.00
1062.69
0.00
0.00
727.48
0.00
0.00
776.47
0.00
0.00
823.77
0.00
0.00
1035.60
0.00
0.00
1056.81
0.00
951.46
1054.02
0.00
0.00
841.97
0.00
62.12
1106.61
0.00
0.00
1175.78
0.00
1623.87
723.87
0.00
0.00
844.65
0.00
0.00
0.00
0.00
0.00
0.00
0.00
0.00
0.00
0.00
0.00
0.00
0.00
0.00
0.00
0.00
0.00
0.00
0.00
0.00
0.00
0.00
0.00
0.00
0.00
0.00
0.00
0.00
0.00
0.00
0.00
0.00
0.00
0.00
0.00
0.00
0.00
0.00
0.00
0.00
0.00
0.00
0.00
0.00
0.00
0.00
0.00
0.00
0.00
274.40
0.00
252.74
0.00
0.00
181.08
849.51
0.00
106.05
0.00
0.00
117.02
0.00
0.00
127.60
0.00
0.00
175.01
0.00
0.00
179.76
0.00
0.00
179.13
0.00
0.00
131.68
0.00
0.00
190.90
0.00
0.00
206.39
0.00
0.00
105.25
0.00
1199.19
132.28
0.00
0.00
0.00
0.00
0.00
0.00
0.00
0.00
0.00
0.00
0.00
0.00
0.00
0.00
0.00
0.00
0.00
0.00
0.00
0.00
0.00
0.00
0.00
0.00
0.00
0.00
0.00
0.00
0.00
0.00
0.00
0.00
0.00
0.00
0.00
0.00
0.00
0.00
0.00
0.00
0.00
0.00
0.00
0.00
0.00
0.00
0.00
0.00
0.00
0.00
0.00
0.00
0.00
0.00
1547.53
0.00
0.00
1108.74
0.00
0.00
649.38
0.00
0.00
716.51
0.00
0.00
781.32
1102.00
1945.34
1071.61
0.00
0.00
1100.68
0.00
0.00
1096.85
0.00
0.00
806.27
0.00
1931.52
1168.92
0.00
0.00
1263.71
0.00
0.00
644.43
45.48
0.00
809.94
0.00
0.00
0.00
0.00
0.00
0.00
0.00
0.00
0.00
0.00
0.00
0.00
0.00
0.00
0.00
0.00
0.00
0.00
0.00
0.00
0.00
0.00
0.00
0.00
0.00
0.00
0.00
0.00
0.00
0.00
0.00
0.00
0.00
0.00
0.00
0.00
0.00
0.00
0.00
0.00
0.00
0.00
0.00
0.00
0.00
0.00
0.00
0.00
0.00
0.00
0.00
0.00
0.00
0.00
1129.29
0.00
0.00
809.09
0.00
0.00
473.87
0.00
0.00
522.86
0.00
0.00
570.16
0.00
0.00
781.99
0.00
0.00
803.20
0.00
0.00
800.41
0.00
0.00
588.37
0.00
0.00
853.00
0.00
966.15
922.17
0.00
1347.53
470.26
0.00
620.20
591.04
0.00
0.00
0.00
0.00
0.00
0.00
0.00
0.00
0.00
0.00
0.00
0.00
0.00
0.00
0.00
0.00
0.00
0.00
0.00
0.00
0.00
0.00
0.00
0.00
0.00
0.00
0.00
0.00
0.00
0.00
0.00
0.00
0.00
0.00
0.00
0.00
0.00
0.00
0.00
0.00
0.00
0.00
0.00
0.00
0.00
0.00
0.00
0.00
0.00
0.00
0.00
0.00
0.00
0.00
244.50
0.00
0.00
169.48
0.00
0.00
180.45
0.00
0.00
191.03
0.00
0.00
238.44
0.00
0.00
243.19
0.00
1748.77
242.56
808.89
0.00
195.11
0.00
0.00
254.33
0.00
0.00
269.81
0.00
0.00
168.68
0.00
0.00
195.71
0.00
0.00
0.00
0.00
0.00
0.00
0.00
0.00
0.00
0.00
0.00
0.00
0.00
0.00
0.00
0.00
0.00
0.00
0.00
0.00
0.00
0.00
0.00
0.00
0.00
0.00
0.00
0.00
0.00
0.00
0.00
0.00
0.00
0.00
0.00
0.00
0.00
0.00
0.00
0.00
0.00
0.00
0.00
0.00
0.00
0.00
0.00
0.00
0.00
0.00
0.00
0.00
0.00
0.00
0.00
617.03
0.00
1497.11
1770.07
0.00
1037.75
0.00
1267.27
1104.89
0.00
1048.96
1169.70
833.76
84.89
1459.99
111.41
933.82
1489.05
0.00
0.00
1485.22
0.00
0.00
1194.65
416.15
0.00
1557.29
0.00
1151.36
1652.08
0.00
1577.92
1032.81
0.00
0.00
1198.31
0.00
0.00
0.00
0.00
0.00
0.00
0.00
0.00
0.00
0.00
0.00
0.00
0.00
0.00
0.00
0.00
0.00
0.00
0.00
0.00
0.00
0.00
0.00
0.00
0.00
0.00
0.00
0.00
0.00
0.00
0.00
0.00
0.00
0.00
0.00
0.00
0.00
0.00
0.00
0.00
0.00
0.00
0.00
0.00
0.00
0.00
0.00
0.00
0.00
0.00
0.00
0.00
0.00
0.00
0.00
0.00
0.00
1092.50
0.00
1661.01
757.29
0.00
0.00
806.27
0.00
0.00
853.57
0.00
0.00
1065.40
0.00
0.00
1086.62
0.00
46.45
1083.82
0.00
753.48
871.78
0.00
0.00
1136.41
0.00
0.00
1205.58
436.33
0.00
753.68
0.00
0.00
874.45
0.00
0.00
0.00
0.00
0.00
0.00
0.00
0.00
0.00
0.00
0.00
0.00
0.00
0.00
0.00
0.00
0.00
0.00
0.00
0.00
0.00
0.00
0.00
0.00
0.00
0.00
0.00
0.00
0.00
0.00
0.00
0.00
0.00
0.00
0.00
0.00
0.00
0.00
0.00
0.00
0.00
0.00
0.00
0.00
0.00
0.00
0.00
0.00
0.00
0.00
0.00
0.00
0.00
0.00
0.00
0.00
0.00
97.82
0.00
0.00
108.78
389.13
0.00
119.37
0.00
1735.85
166.78
0.00
0.00
171.53
0.00
0.00
170.90
0.00
0.00
123.44
0.00
572.68
182.67
0.00
0.00
198.15
225.16
0.00
97.01
0.00
0.00
124.04
1111.10
0.00
0.00
0.00
0.00
0.00
0.00
0.00
0.00
0.00
0.00
0.00
0.00
0.00
0.00
0.00
0.00
0.00
0.00
0.00
0.00
0.00
0.00
0.00
0.00
0.00
0.00
0.00
0.00
0.00
0.00
0.00
0.00
0.00
0.00
0.00
0.00
0.00
0.00
0.00
0.00
0.00
0.00
0.00
0.00
0.00
0.00
0.00
0.00
0.00
0.00
0.00
0.00
0.00
0.00
0.00
0.00
0.00
0.00
0.00
598.96
225.81
0.00
666.09
0.00
0.00
730.90
0.00
376.17
1021.19
0.00
0.00
1050.26
0.00
0.00
1046.43
0.00
0.00
755.85
0.00
0.00
1118.49
880.52
0.00
1213.28
0.00
0.00
594.01
0.00
0.00
759.52
0.00
0.00
0.00
0.00
0.00
0.00
0.00
0.00
0.00
0.00
0.00
0.00
0.00
0.00
0.00
0.00
0.00
0.00
0.00
0.00
0.00
0.00
0.00
0.00
0.00
0.00
0.00
0.00
0.00
0.00
0.00
0.00
0.00
0.00
0.00
0.00
0.00
0.00
0.00
0.00
0.00
0.00
0.00
0.00
0.00
0.00
0.00
0.00
0.00
0.00
0.00
0.00
0.00
0.00
0.00
0.00
0.00
0.00
0.00
0.00
437.08
0.00
0.00
486.07
0.00
0.00
533.37
0.00
0.00
745.20
0.00
0.00
766.41
0.00
0.00
763.61
0.00
0.00
551.57
0.00
0.00
816.21
0.00
0.00
885.38
343.63
0.00
433.47
377.26
0.00
554.25
0.00
0.00
0.00
0.00
0.00
0.00
0.00
0.00
0.00
0.00
0.00
0.00
0.00
0.00
0.00
0.00
0.00
0.00
0.00
0.00
0.00
0.00
0.00
0.00
0.00
0.00
0.00
0.00
0.00
0.00
0.00
0.00
0.00
0.00
0.00
0.00
0.00
0.00
0.00
0.00
0.00
0.00
0.00
0.00
0.00
0.00
0.00
0.00
0.00
0.00
0.00
0.00
0.00
0.00
0.00
0.00
0.00
0.00
0.00
0.00
33.76
0.00
0.00
44.35
0.00
0.00
91.76
0.00
0.00
96.50
0.00
0.00
95.88
0.00
0.00
48.42
0.00
0.00
107.65
0.00
0.00
123.13
0.00
0.00
21.99
0.00
0.00
49.02
0.00
0.00
0.00
0.00
0.00
0.00
0.00
0.00
0.00
0.00
0.00
0.00
0.00
0.00
0.00
0.00
0.00
0.00
0.00
0.00
0.00
0.00
0.00
0.00
0.00
0.00
0.00
0.00
0.00
0.00
0.00
0.00
0.00
0.00
0.00
0.00
0.00
0.00
0.00
0.00
0.00
0.00
0.00
0.00
0.00
0.00
0.00
0.00
0.00
0.00
0.00
0.00
0.00
0.00
0.00
0.00
0.00
0.00
0.00
0.00
0.00
0.00
0.00
206.73
1457.22
407.40
271.54
0.00
0.00
561.83
0.00
0.00
590.90
0.00
0.00
587.06
0.00
0.00
296.49
0.00
0.00
659.13
0.00
0.00
753.92
0.00
0.00
134.65
0.00
0.00
300.16
0.00
0.00
0.00
0.00
0.00
0.00
0.00
0.00
0.00
0.00
0.00
0.00
0.00
0.00
0.00
0.00
0.00
0.00
0.00
0.00
0.00
0.00
0.00
0.00
0.00
0.00
0.00
0.00
0.00
0.00
0.00
0.00
0.00
0.00
0.00
0.00
0.00
0.00
0.00
0.00
0.00
0.00
0.00
0.00
0.00
0.00
0.00
0.00
0.00
0.00
0.00
0.00
0.00
0.00
0.00
0.00
0.00
0.00
0.00
0.00
0.00
0.00
0.00
150.86
1025.15
0.00
198.15
480.25
0.00
409.99
1045.13
0.00
431.20
0.00
0.00
428.40
0.00
0.00
216.36
0.00
0.00
480.99
0.00
0.00
550.16
0.00
0.00
98.26
0.00
0.00
219.03
0.00
0.00
0.00
0.00
0.00
0.00
0.00
0.00
0.00
0.00
0.00
0.00
0.00
0.00
0.00
0.00
0.00
0.00
0.00
0.00
0.00
0.00
0.00
0.00
0.00
0.00
0.00
0.00
0.00
0.00
0.00
0.00
0.00
0.00
0.00
0.00
0.00
0.00
0.00
0.00
0.00
0.00
0.00
0.00
0.00
0.00
0.00
0.00
0.00
0.00
0.00
0.00
0.00
0.00
0.00
0.00
0.00
0.00
0.00
0.00
0.00
0.00
0.00
55.31
0.00
0.00
102.72
0.00
0.00
107.47
0.00
0.00
106.84
0.00
0.00
59.39
716.51
0.00
118.61
0.00
0.00
134.09
731.01
493.36
32.95
0.00
497.51
59.98
0.00
0.00
0.00
0.00
0.00
0.00
0.00
0.00
0.00
0.00
0.00
0.00
0.00
0.00
0.00
0.00
0.00
0.00
0.00
0.00
0.00
0.00
0.00
0.00
0.00
0.00
0.00
0.00
0.00
0.00
0.00
0.00
0.00
0.00
0.00
0.00
0.00
0.00
0.00
0.00
0.00
0.00
0.00
0.00
0.00
0.00
0.00
0.00
0.00
0.00
0.00
0.00
0.00
0.00
0.00
0.00
0.00
0.00
0.00
0.00
0.00
0.00
0.00
0.00
0.00
0.00
338.68
0.00
0.00
628.96
0.00
0.00
658.03
0.00
0.00
654.20
0.00
516.04
363.62
0.00
0.00
726.27
0.00
0.00
821.06
1942.54
0.00
201.78
0.00
0.00
367.29
0.00
0.00
0.00
0.00
0.00
0.00
0.00
0.00
0.00
0.00
0.00
0.00
0.00
0.00
0.00
0.00
0.00
0.00
0.00
0.00
0.00
0.00
0.00
0.00
0.00
0.00
0.00
0.00
0.00
0.00
0.00
0.00
0.00
0.00
0.00
0.00
0.00
0.00
0.00
0.00
0.00
0.00
0.00
0.00
0.00
0.00
0.00
0.00
0.00
0.00
0.00
0.00
0.00
0.00
0.00
0.00
0.00
0.00
0.00
0.00
0.00
0.00
0.00
0.00
0.00
0.00
247.14
0.00
0.00
458.98
0.00
0.00
480.19
0.00
246.73
477.39
0.00
0.00
265.35
0.00
0.00
529.98
0.00
0.00
599.15
0.00
362.63
147.25
0.00
0.00
268.02
0.00
0.00
0.00
0.00
0.00
0.00
0.00
0.00
0.00
0.00
0.00
0.00
0.00
0.00
0.00
0.00
0.00
0.00
0.00
0.00
0.00
0.00
0.00
0.00
0.00
0.00
0.00
0.00
0.00
0.00
0.00
0.00
0.00
0.00
0.00
0.00
0.00
0.00
0.00
0.00
0.00
0.00
0.00
0.00
0.00
0.00
0.00
0.00
0.00
0.00
0.00
0.00
0.00
0.00
0.00
0.00
0.00
0.00
0.00
0.00
0.00
0.00
0.00
0.00
0.00
0.00
113.31
0.00
0.00
118.05
0.00
0.00
117.43
0.00
0.00
69.97
0.00
0.00
129.20
0.00
0.00
144.68
0.00
0.00
43.54
81.96
0.00
70.57
0.00
854.64
0.00
0.00
0.00
0.00
0.00
0.00
0.00
0.00
0.00
0.00
0.00
0.00
0.00
0.00
0.00
0.00
0.00
0.00
0.00
0.00
0.00
0.00
0.00
0.00
0.00
0.00
0.00
0.00
0.00
0.00
0.00
0.00
0.00
0.00
0.00
0.00
0.00
0.00
0.00
0.00
0.00
0.00
0.00
0.00
0.00
0.00
0.00
0.00
0.00
0.00
0.00
0.00
0.00
0.00
0.00
0.00
0.00
0.00
0.00
0.00
0.00
0.00
0.00
0.00
0.00
0.00
0.00
693.78
0.00
0.00
722.84
412.50
0.00
719.01
0.00
505.57
428.44
0.00
0.00
791.08
0.00
0.00
885.87
90.31
0.00
266.60
484.18
940.96
432.10
0.00
0.00
0.00
0.00
0.00
0.00
0.00
0.00
0.00
0.00
0.00
0.00
0.00
0.00
0.00
0.00
0.00
0.00
0.00
0.00
0.00
0.00
0.00
0.00
0.00
0.00
0.00
0.00
0.00
0.00
0.00
0.00
0.00
0.00
0.00
0.00
0.00
0.00
0.00
0.00
0.00
0.00
0.00
0.00
0.00
0.00
0.00
0.00
0.00
0.00
0.00
0.00
0.00
0.00
0.00
0.00
0.00
0.00
0.00
0.00
0.00
0.00
0.00
0.00
0.00
0.00
0.00
0.00
196.21
506.27
0.00
0.00
527.48
0.00
0.00
524.69
0.00
1909.23
312.65
0.00
1135.01
577.28
0.00
0.00
646.45
0.00
0.00
194.54
0.00
213.60
315.32
0.00
0.00
0.00
0.00
0.00
0.00
0.00
0.00
0.00
0.00
0.00
0.00
0.00
0.00
0.00
0.00
0.00
0.00
0.00
0.00
0.00
0.00
0.00
0.00
0.00
0.00
0.00
0.00
0.00
0.00
0.00
0.00
0.00
0.00
0.00
0.00
0.00
0.00
0.00
0.00
0.00
0.00
0.00
0.00
0.00
0.00
0.00
0.00
0.00
0.00
0.00
0.00
0.00
0.00
0.00
0.00
0.00
0.00
0.00
0.00
0.00
0.00
0.00
0.00
0.00
0.00
0.00
0.00
121.98
165.46
0.00
0.00
164.84
0.00
0.00
117.38
0.00
0.00
176.61
0.00
0.00
192.09
0.00
0.00
90.95
0.00
0.00
117.98
0.00
0.00
0.00
0.00
0.00
0.00
0.00
0.00
0.00
0.00
0.00
0.00
0.00
0.00
0.00
0.00
0.00
0.00
0.00
0.00
0.00
0.00
0.00
0.00
0.00
0.00
0.00
0.00
0.00
0.00
0.00
0.00
0.00
0.00
0.00
0.00
0.00
0.00
0.00
0.00
0.00
0.00
0.00
0.00
0.00
0.00
0.00
0.00
0.00
0.00
0.00
0.00
0.00
0.00
0.00
0.00
0.00
0.00
0.00
0.00
0.00
0.00
0.00
0.00
0.00
0.00
0.00
0.00
0.00
0.00
0.00
0.00
1013.13
0.00
0.00
1009.30
0.00
1384.64
718.72
0.00
0.00
1081.37
899.01
0.00
1176.16
0.00
0.00
556.88
0.00
0.00
722.39
0.00
0.00
0.00
0.00
0.00
0.00
0.00
0.00
0.00
0.00
0.00
0.00
0.00
0.00
0.00
0.00
0.00
0.00
0.00
0.00
0.00
0.00
0.00
0.00
0.00
0.00
0.00
0.00
0.00
0.00
0.00
0.00
0.00
0.00
0.00
0.00
0.00
0.00
0.00
0.00
0.00
0.00
0.00
0.00
0.00
0.00
0.00
0.00
0.00
0.00
0.00
0.00
0.00
0.00
0.00
0.00
0.00
0.00
0.00
0.00
0.00
0.00
0.00
0.00
0.00
0.00
0.00
0.00
0.00
0.00
0.00
0.00
739.32
0.00
0.00
736.52
0.00
0.00
524.48
0.00
0.00
789.11
0.00
0.00
858.28
0.00
0.00
406.38
0.00
0.00
527.15
0.00
0.00
0.00
0.00
0.00
0.00
0.00
0.00
0.00
0.00
0.00
0.00
0.00
0.00
0.00
0.00
0.00
0.00
0.00
0.00
0.00
0.00
0.00
0.00
0.00
0.00
0.00
0.00
0.00
0.00
0.00
0.00
0.00
0.00
0.00
0.00
0.00
0.00
0.00
0.00
0.00
0.00
0.00
0.00
0.00
0.00
0.00
0.00
0.00
0.00
0.00
0.00
0.00
0.00
0.00
0.00
0.00
0.00
0.00
0.00
0.00
0.00
0.00
0.00
0.00
0.00
0.00
0.00
0.00
0.00
0.00
0.00
169.58
0.00
1930.78
122.13
0.00
0.00
181.35
0.00
0.00
196.83
1666.75
0.00
95.70
1219.85
0.00
122.73
0.00
670.97
0.00
0.00
0.00
0.00
0.00
0.00
0.00
0.00
0.00
0.00
0.00
0.00
0.00
0.00
0.00
0.00
0.00
0.00
0.00
0.00
0.00
0.00
0.00
0.00
0.00
0.00
0.00
0.00
0.00
0.00
0.00
0.00
0.00
0.00
0.00
0.00
0.00
0.00
0.00
0.00
0.00
0.00
0.00
0.00
0.00
0.00
0.00
0.00
0.00
0.00
0.00
0.00
0.00
0.00
0.00
0.00
0.00
0.00
0.00
0.00
0.00
0.00
0.00
0.00
0.00
0.00
0.00
0.00
0.00
0.00
0.00
0.00
1450.22
1038.37
0.00
0.00
747.79
0.00
0.00
1110.44
452.58
0.00
1205.22
0.00
0.00
585.95
0.00
0.00
751.46
0.00
0.00
0.00
0.00
0.00
0.00
0.00
0.00
0.00
0.00
0.00
0.00
0.00
0.00
0.00
0.00
0.00
0.00
0.00
0.00
0.00
0.00
0.00
0.00
0.00
0.00
0.00
0.00
0.00
0.00
0.00
0.00
0.00
0.00
0.00
0.00
0.00
0.00
0.00
0.00
0.00
0.00
0.00
0.00
0.00
0.00
0.00
0.00
0.00
0.00
0.00
0.00
0.00
0.00
0.00
0.00
0.00
0.00
0.00
0.00
0.00
0.00
0.00
0.00
0.00
0.00
0.00
0.00
0.00
0.00
0.00
0.00
0.00
0.00
0.00
757.73
0.00
0.00
545.69
0.00
0.00
810.32
1913.68
0.00
879.50
0.00
0.00
427.59
0.00
0.00
548.37
0.00
0.00
0.00
0.00
0.00
0.00
0.00
0.00
0.00
0.00
0.00
0.00
0.00
0.00
0.00
0.00
0.00
0.00
0.00
0.00
0.00
0.00
0.00
0.00
0.00
0.00
0.00
0.00
0.00
0.00
0.00
0.00
0.00
0.00
0.00
0.00
0.00
0.00
0.00
0.00
0.00
0.00
0.00
0.00
0.00
0.00
0.00
0.00
0.00
0.00
0.00
0.00
0.00
0.00
0.00
0.00
0.00
0.00
0.00
0.00
0.00
0.00
0.00
0.00
0.00
0.00
0.00
0.00
0.00
0.00
0.00
0.00
0.00
0.00
0.00
121.50
0.00
0.00
180.73
0.00
0.00
196.21
0.00
0.00
95.07
0.00
0.00
122.10
32.59
0.00
0.00
0.00
0.00
0.00
0.00
0.00
0.00
0.00
0.00
0.00
0.00
0.00
0.00
0.00
0.00
0.00
0.00
0.00
0.00
0.00
0.00
0.00
0.00
0.00
0.00
0.00
0.00
0.00
0.00
0.00
0.00
0.00
0.00
0.00
0.00
0.00
0.00
0.00
0.00
0.00
0.00
0.00
0.00
0.00
0.00
0.00
0.00
0.00
0.00
0.00
0.00
0.00
0.00
0.00
0.00
0.00
0.00
0.00
0.00
0.00
0.00
0.00
0.00
0.00
0.00
0.00
0.00
0.00
0.00
0.00
0.00
0.00
0.00
0.00
0.00
0.00
743.96
0.00
0.00
1106.60
0.00
0.00
1201.39
0.00
0.00
582.12
0.00
0.00
747.62
0.00
0.00
0.00
0.00
0.00
0.00
0.00
0.00
0.00
0.00
0.00
0.00
0.00
0.00
0.00
0.00
0.00
0.00
0.00
0.00
0.00
0.00
0.00
0.00
0.00
0.00
0.00
0.00
0.00
0.00
0.00
0.00
0.00
0.00
0.00
0.00
0.00
0.00
0.00
0.00
0.00
0.00
0.00
0.00
0.00
0.00
0.00
0.00
0.00
0.00
0.00
0.00
0.00
0.00
0.00
0.00
0.00
0.00
0.00
0.00
0.00
0.00
0.00
0.00
0.00
0.00
0.00
0.00
0.00
0.00
0.00
0.00
0.00
0.00
0.00
0.00
995.70
0.00
542.89
1212.80
0.00
807.53
0.00
0.00
876.70
0.00
430.76
424.79
0.00
0.00
545.57
0.00
0.00
0.00
0.00
0.00
0.00
0.00
0.00
0.00
0.00
0.00
0.00
0.00
0.00
0.00
0.00
0.00
0.00
0.00
0.00
0.00
0.00
0.00
0.00
0.00
0.00
0.00
0.00
0.00
0.00
0.00
0.00
0.00
0.00
0.00
0.00
0.00
0.00
0.00
0.00
0.00
0.00
0.00
0.00
0.00
0.00
0.00
0.00
0.00
0.00
0.00
0.00
0.00
0.00
0.00
0.00
0.00
0.00
0.00
0.00
0.00
0.00
0.00
0.00
0.00
0.00
0.00
0.00
0.00
0.00
0.00
0.00
0.00
0.00
0.00
0.00
0.00
0.00
133.27
0.00
0.00
148.75
0.00
0.00
47.61
0.00
1540.43
74.64
0.00
0.00
0.00
0.00
0.00
0.00
0.00
0.00
0.00
0.00
0.00
0.00
0.00
0.00
0.00
0.00
0.00
0.00
0.00
0.00
0.00
0.00
0.00
0.00
0.00
0.00
0.00
0.00
0.00
0.00
0.00
0.00
0.00
0.00
0.00
0.00
0.00
0.00
0.00
0.00
0.00
0.00
0.00
0.00
0.00
0.00
0.00
0.00
0.00
0.00
0.00
0.00
0.00
0.00
0.00
0.00
0.00
0.00
0.00
0.00
0.00
0.00
0.00
0.00
0.00
0.00
0.00
0.00
0.00
0.00
0.00
0.00
0.00
0.00
0.00
0.00
0.00
0.00
0.00
0.00
0.00
816.03
0.00
0.00
910.82
1195.28
0.00
291.54
0.00
541.07
457.05
0.00
0.00
0.00
0.00
0.00
0.00
0.00
0.00
0.00
0.00
0.00
0.00
0.00
0.00
0.00
0.00
0.00
0.00
0.00
0.00
0.00
0.00
0.00
0.00
0.00
0.00
0.00
0.00
0.00
0.00
0.00
0.00
0.00
0.00
0.00
0.00
0.00
0.00
0.00
0.00
0.00
0.00
0.00
0.00
0.00
0.00
0.00
0.00
0.00
0.00
0.00
0.00
0.00
0.00
0.00
0.00
0.00
0.00
0.00
0.00
0.00
0.00
0.00
0.00
0.00
0.00
0.00
0.00
0.00
0.00
0.00
0.00
0.00
0.00
0.00
0.00
0.00
0.00
0.00
0.00
0.00
595.49
0.00
0.00
664.66
0.00
0.00
212.75
0.00
0.00
333.53
0.00
0.00
0.00
0.00
0.00
0.00
0.00
0.00
0.00
0.00
0.00
0.00
0.00
0.00
0.00
0.00
0.00
0.00
0.00
0.00
0.00
0.00
0.00
0.00
0.00
0.00
0.00
0.00
0.00
0.00
0.00
0.00
0.00
0.00
0.00
0.00
0.00
0.00
0.00
0.00
0.00
0.00
0.00
0.00
0.00
0.00
0.00
0.00
0.00
0.00
0.00
0.00
0.00
0.00
0.00
0.00
0.00
0.00
0.00
0.00
0.00
0.00
0.00
0.00
0.00
0.00
0.00
0.00
0.00
0.00
0.00
0.00
0.00
0.00
0.00
0.00
0.00
0.00
0.00
0.00
0.00
207.98
0.00
0.00
106.84
0.00
0.00
133.87
0.00
1767.83
0.00
0.00
0.00
0.00
0.00
0.00
0.00
0.00
0.00
0.00
0.00
0.00
0.00
0.00
0.00
0.00
0.00
0.00
0.00
0.00
0.00
0.00
0.00
0.00
0.00
0.00
0.00
0.00
0.00
0.00
0.00
0.00
0.00
0.00
0.00
0.00
0.00
0.00
0.00
0.00
0.00
0.00
0.00
0.00
0.00
0.00
0.00
0.00
0.00
0.00
0.00
0.00
0.00
0.00
0.00
0.00
0.00
0.00
0.00
0.00
0.00
0.00
0.00
0.00
0.00
0.00
0.00
0.00
0.00
0.00
0.00
0.00
0.00
0.00
0.00
0.00
0.00
0.00
0.00
0.00
0.00
0.00
1273.46
239.72
0.00
654.19
0.00
0.00
819.69
0.00
0.00
0.00
0.00
0.00
0.00
0.00
0.00
0.00
0.00
0.00
0.00
0.00
0.00
0.00
0.00
0.00
0.00
0.00
0.00
0.00
0.00
0.00
0.00
0.00
0.00
0.00
0.00
0.00
0.00
0.00
0.00
0.00
0.00
0.00
0.00
0.00
0.00
0.00
0.00
0.00
0.00
0.00
0.00
0.00
0.00
0.00
0.00
0.00
0.00
0.00
0.00
0.00
0.00
0.00
0.00
0.00
0.00
0.00
0.00
0.00
0.00
0.00
0.00
0.00
0.00
0.00
0.00
0.00
0.00
0.00
0.00
0.00
0.00
0.00
0.00
0.00
0.00
0.00
0.00
0.00
0.00
0.00
0.00
929.29
0.00
0.00
477.38
219.33
683.23
598.16
0.00
0.00
0.00
0.00
0.00
0.00
0.00
0.00
0.00
0.00
0.00
0.00
0.00
0.00
0.00
0.00
0.00
0.00
0.00
0.00
0.00
0.00
0.00
0.00
0.00
0.00
0.00
0.00
0.00
0.00
0.00
0.00
0.00
0.00
0.00
0.00
0.00
0.00
0.00
0.00
0.00
0.00
0.00
0.00
0.00
0.00
0.00
0.00
0.00
0.00
0.00
0.00
0.00
0.00
0.00
0.00
0.00
0.00
0.00
0.00
0.00
0.00
0.00
0.00
0.00
0.00
0.00
0.00
0.00
0.00
0.00
0.00
0.00
0.00
0.00
0.00
0.00
0.00
0.00
0.00
0.00
0.00
0.00
0.00
122.32
0.00
0.00
149.35
0.00
0.00
0.00
0.00
0.00
0.00
0.00
0.00
0.00
0.00
0.00
0.00
0.00
0.00
0.00
0.00
0.00
0.00
0.00
0.00
0.00
0.00
0.00
0.00
0.00
0.00
0.00
0.00
0.00
0.00
0.00
0.00
0.00
0.00
0.00
0.00
0.00
0.00
0.00
0.00
0.00
0.00
0.00
0.00
0.00
0.00
0.00
0.00
0.00
0.00
0.00
0.00
0.00
0.00
0.00
0.00
0.00
0.00
0.00
0.00
0.00
0.00
0.00
0.00
0.00
0.00
0.00
0.00
0.00
0.00
0.00
0.00
0.00
0.00
0.00
0.00
0.00
0.00
0.00
0.00
0.00
0.00
0.00
0.00
0.00
0.00
0.00
748.98
0.00
0.00
914.48
0.00
0.00
0.00
0.00
0.00
0.00
0.00
0.00
0.00
0.00
0.00
0.00
0.00
0.00
0.00
0.00
0.00
0.00
0.00
0.00
0.00
0.00
0.00
0.00
0.00
0.00
0.00
0.00
0.00
0.00
0.00
0.00
0.00
0.00
0.00
0.00
0.00
0.00
0.00
0.00
0.00
0.00
0.00
0.00
0.00
0.00
0.00
0.00
0.00
0.00
0.00
0.00
0.00
0.00
0.00
0.00
0.00
0.00
0.00
0.00
0.00
0.00
0.00
0.00
0.00
0.00
0.00
0.00
0.00
0.00
0.00
0.00
0.00
0.00
0.00
0.00
0.00
0.00
0.00
0.00
0.00
0.00
0.00
0.00
0.00
0.00
20.48
546.55
0.00
0.00
667.33
0.00
0.00
0.00
0.00
0.00
0.00
0.00
0.00
0.00
0.00
0.00
0.00
0.00
0.00
0.00
0.00
0.00
0.00
0.00
0.00
0.00
0.00
0.00
0.00
0.00
0.00
0.00
0.00
0.00
0.00
0.00
0.00
0.00
0.00
0.00
0.00
0.00
0.00
0.00
0.00
0.00
0.00
0.00
0.00
0.00
0.00
0.00
0.00
0.00
0.00
0.00
0.00
0.00
0.00
0.00
0.00
0.00
0.00
0.00
0.00
0.00
0.00
0.00
0.00
0.00
0.00
0.00
0.00
0.00
0.00
0.00
0.00
0.00
0.00
0.00
0.00
0.00
0.00
0.00
0.00
0.00
0.00
0.00
0.00
0.00
0.00
0.00
48.21
0.00
1570.24
0.00
0.00
0.00
0.00
0.00
0.00
0.00
0.00
0.00
0.00
0.00
0.00
0.00
0.00
0.00
0.00
0.00
0.00
0.00
0.00
0.00
0.00
0.00
0.00
0.00
0.00
0.00
0.00
0.00
0.00
0.00
0.00
0.00
0.00
0.00
0.00
0.00
0.00
0.00
0.00
0.00
0.00
0.00
0.00
0.00
0.00
0.00
0.00
0.00
0.00
0.00
0.00
0.00
0.00
0.00
0.00
0.00
0.00
0.00
0.00
0.00
0.00
0.00
0.00
0.00
0.00
0.00
0.00
0.00
0.00
0.00
0.00
0.00
0.00
0.00
0.00
0.00
0.00
0.00
0.00
0.00
0.00
0.00
0.00
0.00
0.00
0.00
0.00
295.21
0.00
0.00
0.00
0.00
0.00
0.00
0.00
0.00
0.00
0.00
0.00
0.00
0.00
0.00
0.00
0.00
0.00
0.00
0.00
0.00
0.00
0.00
0.00
0.00
0.00
0.00
0.00
0.00
0.00
0.00
0.00
0.00
0.00
0.00
0.00
0.00
0.00
0.00
0.00
0.00
0.00
0.00
0.00
0.00
0.00
0.00
0.00
0.00
0.00
0.00
0.00
0.00
0.00
0.00
0.00
0.00
0.00
0.00
0.00
0.00
0.00
0.00
0.00
0.00
0.00
0.00
0.00
0.00
0.00
0.00
0.00
0.00
0.00
0.00
0.00
0.00
0.00
0.00
0.00
0.00
0.00
0.00
0.00
0.00
0.00
0.00
0.00
0.00
1134.49
0.00
215.42
0.00
0.00
0.00
0.00
0.00
0.00
0.00
0.00
0.00
0.00
0.00
0.00
0.00
0.00
0.00
0.00
0.00
0.00
0.00
0.00
0.00
0.00
0.00
0.00
0.00
0.00
0.00
0.00
0.00
0.00
0.00
0.00
0.00
0.00
0.00
0.00
0.00
0.00
0.00
0.00
0.00
0.00
0.00
0.00
0.00
0.00
0.00
0.00
0.00
0.00
0.00
0.00
0.00
0.00
0.00
0.00
0.00
0.00
0.00
0.00
0.00
0.00
0.00
0.00
0.00
0.00
0.00
0.00
0.00
0.00
0.00
0.00
0.00
0.00
0.00
0.00
0.00
0.00
0.00
0.00
0.00
0.00
0.00
0.00
0.00
0.00
0.00
0.00
0.00
0.00
0.00
0.00
0.00
0.00
0.00
0.00
0.00
0.00
0.00
0.00
0.00
0.00
0.00
0.00
0.00
0.00
0.00
0.00
0.00
0.00
0.00
0.00
0.00
0.00
0.00
0.00
0.00
0.00
0.00
0.00
0.00
0.00
0.00
0.00
0.00
0.00
0.00
0.00
0.00
0.00
0.00
0.00
0.00
0.00
0.00
0.00
0.00
0.00
0.00
0.00
0.00
0.00
0.00
0.00
0.00
0.00
0.00
0.00
0.00
0.00
0.00
0.00
0.00
0.00
0.00
0.00
0.00
0.00
0.00
0.00
0.00
0.00
0.00
0.00
0.00
0.00
0.00
0.00
0.00
0.00
0.00
0.00
0.00
0.00
0.00
0.00
0.00
0.00
0.00
0.00
0.00
0.00
0.00
0.00
0.00
0.00
0.00
0.00
0.00
0.00
0.00
0.00
0.00
0.00
0.00
0.00
0.00
0.00
0.00
0.00
0.00
0.00
0.00
0.00
0.00
0.00
0.00
0.00
0.00
0.00
0.00
0.00
0.00
0.00
0.00
0.00
0.00
0.00
0.00
0.00
0.00
0.00
0.00
0.00
0.00
0.00
0.00
0.00
0.00
0.00
0.00
0.00
0.00
0.00
0.00
0.00
0.00
0.00
0.00
0.00
0.00
0.00
0.00
0.00
0.00
0.00
0.00
0.00
0.00
0.00
0.00
0.00
0.00
0.00
0.00
0.00
0.00
0.00
0.00
0.00
0.00
0.00
0.00
0.00
0.00
0.00
0.00
0.00
0.00
0.00
