0.00
0.00
0.00
0.00
189.30
0.00
0.00
0.00
206.91
0.00
352.01
0.00
183.61
0.00
0.00
1530.74
180.93
0.00
0.00
1658.57
258.91
0.00
0.00
1562.85
264.27
0.00
1236.84
1374.61
243.58
0.00
1171.60
0.00
201.72
0.00
0.00
0.00
140.07
0.00
0.00
0.00
149.47
168.31
0.00
0.00
118.32
1629.87
0.00
1626.59
210.60
0.00
0.00
0.00
222.01
0.00
0.00
1336.66
163.57
0.00
0.00
0.00
259.18
0.00
0.00
0.00
202.42
1583.34
0.00
0.00
265.85
1026.48
0.00
0.00
194.19
0.00
1820.90
0.00
119.17
0.00
0.00
1750.65
130.13
0.00
718.74
0.00
140.71
0.00
0.00
1601.98
188.12
0.00
1596.97
0.00
192.87
0.00
734.08
0.00
192.24
0.00
0.00
0.00
144.79
0.00
0.00
0.00
204.01
382.78
0.00
0.00
219.50
1293.32
0.00
1822.13
118.36
0.00
0.00
998.37
145.39
0.00
1921.40
0.00
0.00
0.00
1625.40
1669.20
1729.43
1159.12
0.00
0.00
0.00
1266.91
0.00
1683.58
0.00
1124.26
0.00
0.00
0.00
1107.83
1079.98
0.00
0.00
1585.33
0.00
983.74
0.00
1618.15
0.00
0.00
0.00
1491.47
0.00
1556.50
0.00
1235.17
0.00
416.08
0.00
857.63
0.00
0.00
0.00
915.21
1233.27
1013.48
1426.78
724.50
0.00
0.00
0.00
1289.52
0.00
0.00
0.00
1359.40
0.00
0.00
239.69
1001.53
0.00
0.00
0.00
1586.97
0.00
779.34
1178.19
1239.44
0.00
0.00
0.00
1627.81
1222.66
1150.45
0.00
1189.01
0.00
1525.60
0.00
729.65
596.42
0.00
0.00
796.79
0.00
0.00
1525.24
861.60
560.56
832.10
0.00
1151.89
1750.12
929.48
0.00
1180.96
0.00
0.00
679.48
1177.12
1499.80
0.00
0.00
886.55
375.98
1090.34
0.00
1249.19
0.00
768.05
848.77
1343.98
0.00
0.00
0.00
724.71
0.00
1250.30
0.00
890.21
1773.83
0.00
0.00
0.00
0.00
0.00
0.00
0.00
845.85
0.00
1146.55
772.66
924.51
0.00
0.00
0.00
820.41
0.00
769.83
906.76
808.42
1738.38
724.83
0.00
1156.88
879.03
0.00
1428.18
1180.82
0.00
0.00
1229.96
1088.38
0.00
0.00
0.00
901.34
1283.98
0.00
0.00
625.84
0.00
0.00
0.00
667.86
1544.28
0.00
0.00
528.69
0.00
1368.69
0.00
941.01
0.00
294.91
0.00
992.00
0.00
0.00
5.83
730.85
0.00
0.00
0.00
1158.07
1342.69
0.00
0.00
904.46
0.00
0.00
0.00
1187.87
0.00
0.00
0.00
867.67
0.00
0.00
0.00
532.45
0.00
610.08
0.00
581.44
0.00
0.00
410.57
628.74
0.00
0.00
1114.39
840.57
0.00
1688.19
0.00
861.78
1716.69
0.00
0.00
858.99
299.70
0.00
213.49
646.95
0.00
1464.42
0.00
911.58
0.00
0.00
0.00
980.75
1904.91
0.00
0.00
528.84
0.00
0.00
0.00
649.62
1723.98
0.00
0.00
0.00
0.00
0.00
0.00
0.00
98.67
0.00
1641.05
0.00
107.85
0.00
726.82
0.00
95.71
0.00
0.00
0.00
94.31
0.00
0.00
0.00
134.96
0.00
163.61
0.00
137.75
1468.82
0.00
1380.24
126.97
0.00
0.00
0.00
105.15
0.00
0.00
0.00
73.01
1165.37
590.84
0.00
77.91
0.00
1088.53
1530.57
61.67
1760.03
0.00
0.00
109.77
0.00
308.99
0.00
115.72
0.00
0.00
0.00
85.26
1491.80
0.00
0.00
135.10
518.70
0.00
0.00
105.51
309.55
936.69
0.00
138.57
0.00
0.00
542.14
101.22
0.00
0.00
0.00
62.11
0.00
0.00
0.00
67.83
1098.25
0.00
0.00
73.35
0.00
0.00
0.00
98.06
403.38
0.00
0.00
100.53
0.00
0.00
0.00
100.21
1386.46
0.00
0.00
75.47
0.00
962.58
0.00
106.34
898.11
0.00
0.00
114.41
0.00
0.00
0.00
61.69
0.00
995.53
0.00
75.78
0.00
0.00
0.00
0.00
0.00
0.00
0.00
1550.34
180.68
1765.34
970.04
0.00
157.38
0.00
0.00
0.00
154.70
0.00
0.00
0.00
232.69
1152.39
0.00
0.00
238.04
0.00
0.00
0.00
217.36
0.00
135.41
0.00
175.50
0.00
0.00
0.00
113.84
0.00
1375.71
257.06
123.24
0.00
0.00
0.00
92.10
0.00
0.00
0.00
184.37
0.00
0.00
0.00
195.79
0.00
0.00
1847.19
137.34
0.00
0.00
0.00
232.95
1776.31
0.00
0.00
176.19
198.78
0.00
0.00
239.62
0.00
0.00
0.00
167.96
0.00
0.00
0.00
92.94
226.17
650.55
0.00
103.90
0.00
0.00
0.00
114.49
1818.45
0.00
0.00
161.90
409.86
0.00
0.00
166.64
0.00
1252.18
0.00
166.02
0.00
0.00
0.00
118.56
0.00
1560.15
0.00
177.79
644.31
0.00
1757.95
193.27
0.00
1363.55
0.00
92.13
0.00
0.00
0.00
119.16
0.00
0.00
0.00
0.00
0.00
0.00
0.00
0.00
0.00
0.00
0.00
0.00
1106.32
0.00
798.71
1858.59
963.67
0.00
0.00
557.05
947.24
916.58
0.00
0.00
1424.74
1353.07
0.00
0.00
1457.55
0.00
0.00
0.00
1330.88
0.00
0.00
0.00
1074.57
0.00
0.00
0.00
697.04
0.00
1501.58
0.00
754.62
0.00
0.00
0.00
563.91
0.00
1212.12
0.00
1128.93
836.45
1461.64
0.00
1198.81
0.00
0.00
0.00
840.94
0.00
0.00
203.40
1426.38
0.00
0.00
0.00
1078.84
0.00
0.00
460.74
1467.22
0.00
0.00
0.00
1028.42
1428.90
713.98
1666.40
569.06
0.00
0.00
0.00
636.19
0.00
0.00
0.00
701.01
0.00
869.60
1472.72
991.30
0.00
0.00
0.00
1020.36
0.00
0.00
0.00
1016.53
0.00
0.00
701.19
725.96
0.00
0.00
0.00
1088.60
0.00
567.72
0.00
1183.39
0.00
1295.52
0.00
564.12
597.61
0.00
241.04
729.62
0.00
0.00
0.00
0.00
0.00
0.00
0.00
0.00
0.00
1351.27
0.00
0.00
807.32
0.00
0.00
0.00
703.22
0.00
0.00
0.00
691.23
0.00
0.00
0.00
1039.69
157.64
1303.12
1649.62
1063.63
0.00
0.00
0.00
971.19
1146.23
0.00
408.33
784.15
745.49
0.00
0.00
508.65
0.00
0.00
0.00
550.67
0.00
0.00
0.00
411.50
0.00
0.00
0.00
823.82
0.00
0.00
0.00
874.81
0.00
0.00
0.00
613.66
0.00
0.00
0.00
1040.88
0.00
0.00
1171.64
787.27
0.00
868.78
0.00
1070.68
0.00
0.00
1404.29
750.48
73.92
0.00
1109.51
415.26
1211.94
0.00
534.43
464.25
1915.10
375.49
0.00
511.55
0.00
0.00
0.00
723.38
0.00
0.00
0.00
744.60
0.00
0.00
0.00
741.80
0.00
0.00
0.00
529.76
1905.84
0.00
0.00
794.39
0.00
1245.24
0.00
863.56
0.00
812.22
0.00
411.65
0.00
0.00
1633.98
532.43
0.00
0.00
0.00
0.00
0.00
0.00
0.00
0.00
0.00
490.47
0.00
0.00
94.18
0.00
0.00
1584.87
82.03
0.00
0.00
1758.62
80.64
449.71
0.00
0.00
121.29
0.00
616.68
0.00
124.08
0.00
0.00
0.00
113.29
0.00
0.00
1666.35
91.48
0.00
541.37
0.00
59.34
0.00
0.00
1633.67
64.24
570.01
0.00
0.00
48.00
0.00
872.96
0.00
96.10
0.00
0.00
0.00
102.05
0.00
0.00
0.00
71.59
0.00
0.00
623.70
121.42
3.53
0.00
0.00
91.84
0.00
0.00
1845.76
124.90
401.01
0.00
0.00
87.55
0.00
144.84
0.00
48.44
0.00
113.61
0.00
54.16
129.33
0.00
699.38
59.68
1374.82
642.79
0.00
84.39
0.00
0.00
0.00
86.86
439.41
0.00
0.00
86.54
0.00
0.00
0.00
61.80
0.00
1355.31
290.60
92.67
0.00
14.21
964.05
100.74
0.00
1590.08
287.18
48.02
0.00
0.00
0.00
62.11
0.00
0.00
0.00
0.00
0.00
0.00
0.00
0.00
0.00
1422.65
0.00
0.00
174.99
37.55
0.00
1444.12
172.30
0.00
247.02
831.99
250.29
1305.09
0.00
0.00
255.65
0.00
0.00
1228.60
234.96
0.00
854.75
0.00
193.10
0.00
0.00
0.00
131.44
821.84
579.25
1582.08
140.85
0.00
36.33
0.00
109.70
363.79
1125.75
0.00
201.98
0.00
0.00
0.00
213.39
0.00
0.00
0.00
154.94
0.00
71.86
0.00
250.56
0.00
1835.03
0.00
193.80
0.00
1350.15
0.00
257.23
0.00
0.00
0.00
185.56
0.00
0.00
0.00
110.54
51.01
0.00
121.86
121.51
0.00
0.00
0.00
132.09
0.00
0.00
0.00
179.50
0.00
1656.64
0.00
184.25
0.00
1696.70
0.00
183.62
899.29
0.00
0.00
136.17
0.00
339.34
0.00
195.39
0.00
0.00
1631.05
210.87
0.00
26.95
0.00
109.73
1852.64
0.00
0.00
136.76
1697.09
0.00
0.00
0.00
0.00
0.00
0.00
0.00
0.00
0.00
0.00
0.00
0.00
0.00
0.00
0.00
1071.46
1512.63
0.00
0.00
1055.03
0.00
0.00
232.69
1532.53
0.00
0.00
0.00
1565.34
0.00
0.00
0.00
1438.67
0.00
0.00
0.00
1182.36
0.00
0.00
109.35
804.83
0.00
0.00
0.00
862.41
0.00
0.00
0.00
671.70
0.00
0.00
0.00
1236.72
0.00
0.00
213.92
1306.60
1231.56
0.00
635.59
948.73
0.00
0.00
1348.91
1534.17
0.00
0.00
0.00
1186.63
0.00
0.00
0.00
1575.01
0.00
0.00
0.00
1136.21
0.00
0.00
0.00
676.85
0.00
0.00
0.00
743.98
0.00
218.37
0.00
808.80
0.00
0.00
328.34
1099.09
0.00
1121.35
0.00
1128.15
1060.40
0.00
0.00
1124.32
0.00
0.00
0.00
833.75
0.00
738.98
1543.74
1196.39
0.00
244.16
0.00
1291.18
0.00
0.00
0.00
671.91
0.00
814.86
0.00
837.41
0.00
208.87
0.00
0.00
0.00
0.00
0.00
0.00
0.00
0.00
0.00
0.00
0.00
0.00
0.00
0.00
781.88
511.29
17.57
0.00
769.89
457.25
0.00
0.00
1118.34
0.00
77.97
0.00
1142.29
0.00
114.07
61.00
1049.85
0.00
0.00
0.00
862.81
0.00
1418.51
0.00
587.31
0.00
894.01
0.00
629.33
0.00
0.00
0.00
490.16
0.00
0.00
1464.34
902.48
1218.48
1174.76
0.00
953.47
0.00
0.00
0.00
692.32
0.00
0.00
0.00
1119.54
0.00
0.00
0.00
865.93
0.00
0.00
0.00
1149.34
0.00
0.00
0.00
829.14
391.47
1363.32
0.00
493.92
0.00
0.00
1410.54
542.91
0.00
0.00
0.00
590.21
0.00
0.00
0.00
802.04
7.05
0.00
0.00
823.25
0.00
0.00
0.00
820.46
0.00
0.00
1802.11
608.42
1774.85
0.00
1069.47
873.05
0.00
0.00
1533.79
942.22
0.00
0.00
0.00
490.31
0.00
1348.97
0.00
611.09
649.35
0.00
0.00
0.00
0.00
0.00
0.00
0.00
0.00
0.00
0.00
0.00
0.00
0.00
0.00
730.93
91.21
467.12
0.00
0.00
89.81
0.00
0.00
0.00
130.46
0.00
0.00
1422.83
133.25
0.00
0.00
0.00
122.47
0.00
0.00
0.00
100.65
1600.61
0.00
0.00
68.51
0.00
1245.44
948.99
73.42
0.00
0.00
0.00
57.18
210.36
0.00
0.00
105.28
0.00
0.00
1360.83
111.23
651.79
0.00
0.00
80.76
0.00
1356.15
0.00
130.60
0.00
0.00
1218.19
101.02
0.00
0.00
0.00
134.08
0.00
0.00
1465.43
96.72
0.00
0.00
0.00
57.62
0.00
439.88
0.00
63.33
0.00
0.00
0.00
68.85
0.00
31.65
283.39
93.56
0.00
0.00
0.00
96.04
0.00
0.00
0.00
95.71
0.00
0.00
0.00
70.98
0.00
0.00
1114.60
101.85
0.00
1405.38
0.00
109.92
0.00
964.56
0.00
57.20
0.00
0.00
0.00
71.29
0.00
0.00
0.00
0.00
0.00
0.00
0.00
0.00
0.00
0.00
0.00
0.00
0.00
0.00
227.65
0.00
149.01
0.00
0.00
0.00
226.99
0.00
0.00
454.94
232.35
1050.37
0.00
0.00
211.66
0.00
0.00
1597.77
169.80
0.00
0.00
0.00
108.14
1154.48
0.00
0.00
117.55
533.92
387.90
599.86
86.40
0.00
0.00
1270.82
178.68
0.00
1836.83
0.00
190.09
0.00
0.00
0.00
131.65
0.00
0.00
0.00
227.26
0.00
0.00
0.00
170.50
646.22
0.00
0.00
233.93
0.00
1218.47
0.00
162.27
804.88
0.00
0.00
87.24
1501.61
0.00
928.27
98.21
0.00
1582.76
0.00
108.79
0.00
0.00
0.00
156.20
0.00
0.00
1315.37
160.95
1601.68
101.41
413.31
160.32
260.04
0.00
211.96
112.87
0.00
0.00
0.00
172.09
1185.50
0.00
0.00
187.57
0.00
1883.53
1799.81
86.44
0.00
0.00
0.00
113.47
0.00
0.00
482.69
0.00
0.00
0.00
0.00
0.00
0.00
0.00
0.00
0.00
0.00
0.00
0.00
0.00
0.00
0.00
0.00
0.00
912.38
0.00
0.00
0.00
1389.88
0.00
0.00
0.00
1422.69
0.00
0.00
0.00
1296.02
0.00
0.00
0.00
1039.71
0.00
0.00
0.00
662.18
1118.59
0.00
0.00
719.76
0.00
0.00
0.00
529.05
0.00
0.00
1261.65
1094.07
0.00
739.79
0.00
1163.95
51.72
0.00
61.12
806.08
0.00
0.00
948.41
1391.52
0.00
795.58
0.00
1043.98
0.00
0.00
0.00
1432.36
1343.84
0.00
1778.22
993.56
0.00
694.83
0.00
534.20
0.00
0.00
0.00
601.33
0.00
1481.01
885.06
666.15
0.00
0.00
0.00
956.43
0.00
0.00
0.00
985.50
0.00
0.00
212.05
981.67
0.00
0.00
0.00
691.10
1482.89
555.83
0.00
1053.74
0.00
0.00
0.00
1148.53
0.00
1595.26
0.00
529.25
1867.70
0.00
0.00
694.76
0.00
0.00
0.00
0.00
0.00
0.00
0.00
0.00
0.00
0.00
0.00
0.00
0.00
0.00
0.00
0.00
0.00
1672.98
0.00
1319.65
665.79
0.00
0.00
1145.19
1014.25
0.00
582.26
0.00
1038.19
795.96
0.00
0.00
945.75
0.00
0.00
0.00
758.72
1586.73
542.40
0.00
483.21
0.00
1656.37
0.00
525.23
0.00
0.00
0.00
386.06
40.41
1857.43
0.00
798.38
1628.87
1672.95
0.00
849.37
0.00
0.00
0.00
588.23
0.00
0.00
474.30
1015.44
0.00
1804.25
0.00
761.83
0.00
0.00
0.00
1045.24
0.00
0.00
0.00
725.04
0.00
1781.45
1097.99
389.83
0.00
821.18
0.00
438.82
0.00
780.68
863.90
486.11
788.41
0.00
1524.74
697.94
0.00
183.28
0.00
719.16
0.00
0.00
1450.64
716.36
1261.98
0.00
0.00
504.32
0.00
0.00
655.71
768.95
0.00
0.00
0.00
838.12
0.00
0.00
0.00
386.22
1894.22
0.00
1028.55
506.99
0.00
0.00
0.00
0.00
0.00
0.00
0.00
0.00
0.00
0.00
0.00
0.00
0.00
0.00
0.00
0.00
0.00
0.00
0.00
0.00
77.67
0.00
1558.16
0.00
118.32
259.08
0.00
0.00
121.11
0.00
1608.73
0.00
110.33
0.00
0.00
0.00
88.51
0.00
0.00
799.93
56.37
282.09
0.00
0.00
61.27
0.00
0.00
0.00
45.04
1581.89
1046.49
0.00
93.14
0.00
0.00
0.00
99.08
0.00
138.09
986.30
68.62
0.00
1640.12
0.00
118.46
18.42
631.53
0.00
88.87
0.00
0.00
0.00
121.93
0.00
0.00
0.00
84.58
0.00
0.00
1194.82
45.48
0.00
0.00
0.00
51.19
0.00
716.17
0.00
56.71
0.00
0.00
0.00
81.42
0.00
64.25
0.00
83.89
539.51
1871.45
1586.21
83.57
0.00
0.00
361.27
58.83
747.87
0.00
0.00
89.70
0.00
0.00
0.00
97.77
0.00
0.00
1461.95
45.05
0.00
1135.23
0.00
59.14
0.00
0.00
0.00
0.00
0.00
0.00
0.00
0.00
0.00
0.00
0.00
0.00
0.00
0.00
0.00
0.00
0.00
0.00
1434.10
0.00
224.31
1493.94
1533.26
0.00
229.67
0.00
0.00
0.00
208.98
0.00
0.00
0.00
167.12
0.00
1242.45
345.50
105.46
0.00
0.00
939.48
114.87
0.00
0.00
0.00
83.72
0.00
0.00
0.00
176.00
1584.13
0.00
0.00
187.41
0.00
0.00
0.00
128.96
0.00
0.00
0.00
224.58
1744.16
0.00
0.00
167.82
0.00
0.00
0.00
231.25
1689.56
0.00
1132.38
159.58
1330.58
0.00
0.00
84.56
1464.11
0.00
0.00
95.52
0.00
0.00
0.00
106.11
736.97
0.00
0.00
153.52
1237.29
370.97
0.00
158.27
0.00
0.00
637.91
157.64
425.84
0.00
0.00
110.18
0.00
0.00
0.00
169.41
603.38
1514.94
0.00
184.89
0.00
1672.33
0.00
83.75
0.00
471.79
0.00
110.78
0.00
0.00
0.00
0.00
0.00
0.00
0.00
0.00
0.00
0.00
0.00
0.00
0.00
0.00
0.00
0.00
0.00
0.00
0.00
0.00
0.00
0.00
842.43
131.96
1373.45
0.00
0.00
0.00
1406.26
731.93
0.00
0.00
1279.58
0.00
483.44
988.01
1023.28
0.00
0.00
0.00
645.74
0.00
0.00
0.00
703.33
0.00
0.00
0.00
512.61
0.00
0.00
0.00
1077.64
0.00
0.00
0.00
1147.52
0.00
865.20
0.00
789.65
0.00
402.34
0.00
1375.08
0.00
0.00
0.00
1027.55
0.00
0.00
0.00
1415.93
0.00
0.00
0.00
977.13
0.00
0.00
0.00
517.77
653.71
1390.21
0.00
584.90
0.00
0.00
0.00
649.72
0.00
0.00
0.00
940.00
0.00
66.08
0.00
969.07
0.00
0.00
0.00
965.24
0.00
1756.56
0.00
674.67
1376.19
0.00
1641.98
1037.31
0.00
0.00
0.00
1132.10
589.31
0.00
0.00
512.82
0.00
0.00
0.00
678.33
0.00
579.12
0.00
0.00
0.00
0.00
0.00
0.00
0.00
0.00
0.00
0.00
0.00
0.00
0.00
0.00
0.00
0.00
0.00
0.00
0.00
0.00
0.00
1311.38
1002.26
0.00
0.00
1042.41
1026.20
1512.59
131.92
0.00
933.76
0.00
0.00
0.00
746.73
0.00
0.00
0.00
471.22
0.00
1929.22
0.00
513.24
0.00
0.00
0.00
374.07
0.00
0.00
0.00
786.39
0.00
0.00
0.00
837.38
0.00
0.00
0.00
576.24
0.00
0.00
710.35
1003.45
0.00
0.00
0.00
749.84
0.00
0.00
0.00
1033.25
1221.83
836.38
0.00
713.05
0.00
0.00
0.00
377.84
0.00
1592.70
0.00
426.82
0.00
689.50
0.00
474.12
0.00
0.00
1086.41
685.95
0.00
113.74
0.00
707.17
0.00
1862.38
0.00
704.37
0.00
0.00
0.00
492.33
473.40
0.00
0.00
756.96
280.07
0.00
0.00
826.13
0.00
0.00
0.00
374.23
0.00
1385.31
0.00
495.00
0.00
0.00
0.00
0.00
0.00
0.00
0.00
0.00
0.00
0.00
0.00
0.00
0.00
0.00
0.00
0.00
0.00
0.00
0.00
0.00
0.00
0.00
0.00
0.00
116.92
0.00
0.00
0.00
119.71
0.00
621.98
0.00
108.93
0.00
0.00
0.00
87.11
0.00
530.85
0.00
54.97
584.93
0.00
0.00
59.87
0.00
0.00
0.00
43.64
1769.82
0.00
0.00
91.74
0.00
721.05
0.00
97.69
0.00
0.00
0.00
67.22
966.85
0.00
0.00
117.06
0.00
0.00
0.00
87.47
0.00
1072.29
0.00
120.53
1091.16
0.00
0.00
83.18
0.00
0.00
0.00
44.08
0.00
0.00
0.00
49.79
0.00
1195.61
0.00
55.31
1629.31
0.00
0.00
80.02
0.00
0.00
0.00
82.49
0.00
0.00
0.00
82.17
0.00
999.53
882.37
57.43
0.00
201.90
0.00
88.30
0.00
0.00
390.86
96.37
0.00
0.00
0.00
43.66
0.00
0.00
1515.63
57.74
0.00
0.00
0.00
0.00
0.00
0.00
0.00
0.00
0.00
0.00
0.00
0.00
0.00
0.00
0.00
0.00
0.00
0.00
0.00
0.00
0.00
0.00
0.00
587.67
307.65
0.00
736.19
0.00
286.96
0.00
0.00
0.00
245.11
0.00
1020.84
535.37
183.45
0.00
0.00
0.00
192.85
0.00
0.00
24.06
161.70
0.00
0.00
0.00
253.98
0.00
0.00
0.00
265.39
490.82
0.00
0.00
206.95
0.00
1510.17
0.00
302.56
0.00
0.00
0.00
245.80
0.00
0.00
0.00
309.23
0.00
0.00
561.85
237.57
0.00
0.00
0.00
162.55
277.51
87.54
0.00
173.51
0.00
1469.72
0.00
184.10
0.00
0.00
0.00
231.50
0.00
0.00
1944.46
236.25
0.00
0.00
0.00
235.63
0.00
0.00
0.00
188.17
1613.10
53.91
0.00
247.40
0.00
0.00
0.00
262.88
0.00
1607.70
1259.56
161.74
242.45
0.00
1483.27
188.77
0.00
659.90
1181.00
0.00
0.00
0.00
0.00
0.00
0.00
0.00
0.00
0.00
0.00
0.00
0.00
0.00
0.00
0.00
0.00
0.00
0.00
0.00
0.00
0.00
0.00
0.00
0.00
29.33
1883.77
1853.98
1173.44
0.00
1757.09
0.00
1822.09
1004.12
1500.79
0.00
0.00
0.00
1123.25
0.00
0.00
0.00
1180.83
0.00
39.78
0.00
990.12
0.00
0.00
0.00
1555.14
1037.24
0.00
0.00
1625.02
2.64
0.00
0.00
1267.16
135.85
0.00
0.00
1852.59
0.00
0.00
0.00
1505.06
1843.39
1437.60
807.16
1893.43
0.00
0.00
0.00
1454.64
299.74
0.00
0.00
995.28
0.00
0.00
0.00
1062.41
0.00
1209.81
0.00
1127.22
0.00
0.00
0.00
1417.51
473.63
360.83
0.00
1446.58
0.00
0.00
0.00
1442.75
1062.33
0.00
0.00
1152.17
0.00
0.00
0.00
1514.82
0.00
0.00
0.00
1609.60
1017.13
741.13
0.00
990.33
583.66
0.00
0.00
1155.84
0.00
309.96
0.00
0.00
0.00
0.00
0.00
0.00
0.00
0.00
0.00
0.00
0.00
0.00
0.00
0.00
0.00
0.00
0.00
0.00
0.00
0.00
0.00
0.00
0.00
0.00
0.00
0.00
1374.65
0.00
276.44
0.00
1282.21
389.02
520.78
0.00
1095.18
0.00
0.00
0.00
819.68
0.00
0.00
1223.35
861.70
0.00
0.00
0.00
722.53
1205.33
0.00
56.55
1134.84
1890.12
978.17
1289.48
1185.84
927.42
950.65
0.00
924.69
147.78
1454.14
729.83
1351.90
0.00
0.00
0.00
1098.29
1341.26
0.00
0.00
1381.71
1704.35
0.00
0.00
1061.50
0.00
0.00
0.00
726.29
1046.51
1030.11
0.00
775.28
0.00
0.00
0.00
822.58
643.77
0.00
0.00
1034.41
0.00
0.00
0.00
1055.62
0.00
0.00
1040.73
1052.82
0.00
33.82
0.00
840.78
0.00
0.00
0.00
1105.41
0.00
0.00
0.00
1174.59
0.00
0.00
0.00
722.68
0.00
0.00
0.00
843.46
0.00
0.00
0.00
0.00
0.00
0.00
0.00
0.00
0.00
0.00
0.00
0.00
0.00
0.00
0.00
0.00
0.00
0.00
0.00
0.00
0.00
0.00
0.00
0.00
0.00
0.00
0.00
0.00
160.36
0.00
1580.80
1555.98
149.58
0.00
0.00
0.00
127.76
0.00
0.00
666.86
95.62
0.00
0.00
1894.01
100.52
0.00
0.00
0.00
84.29
83.09
143.11
0.00
132.39
0.00
0.00
0.00
138.33
0.00
0.00
0.00
107.87
0.00
0.00
0.00
157.71
433.29
0.00
0.00
128.12
948.14
0.00
0.00
161.18
0.00
0.00
0.00
123.83
0.00
0.00
0.00
84.73
20.69
0.00
0.00
90.44
0.00
0.00
0.00
95.96
1167.93
725.50
0.00
120.67
0.00
0.00
0.00
123.14
0.00
0.00
1144.40
122.82
0.00
0.00
0.00
98.08
0.00
0.00
0.00
128.95
0.00
0.00
0.00
137.02
1598.18
0.00
0.00
84.30
0.00
476.71
0.00
98.39
0.00
0.00
0.00
0.00
0.00
0.00
0.00
0.00
0.00
0.00
0.00
0.00
0.00
0.00
0.00
0.00
0.00
0.00
0.00
0.00
0.00
0.00
0.00
0.00
0.00
671.54
0.00
0.00
292.32
0.00
0.00
0.00
250.46
0.00
0.00
0.00
188.81
1638.12
0.00
0.00
198.21
0.00
0.00
1914.43
167.06
0.00
0.00
90.34
259.34
0.00
0.00
0.00
270.75
0.00
0.00
577.15
212.31
0.00
0.00
0.00
307.92
0.00
0.00
0.00
251.16
1909.14
0.00
692.12
314.59
0.00
0.00
0.00
242.93
0.00
0.00
0.00
167.90
0.00
0.00
0.00
178.87
62.49
0.00
0.00
189.45
1212.46
0.00
1548.60
236.86
0.00
0.00
0.00
241.61
0.00
0.00
0.00
240.98
0.00
0.00
0.00
193.53
0.00
0.00
0.00
252.75
0.00
0.00
1489.35
268.24
889.39
0.00
498.21
167.10
0.00
0.00
0.00
194.13
0.00
0.00
0.00
0.00
0.00
0.00
0.00
0.00
0.00
0.00
0.00
0.00
0.00
0.00
0.00
0.00
0.00
0.00
0.00
0.00
0.00
0.00
0.00
0.00
0.00
0.00
0.00
0.00
0.00
0.00
0.00
0.00
1789.90
0.00
0.00
0.00
1533.60
791.93
0.00
0.00
1156.06
1903.95
0.00
0.00
1213.65
1872.55
0.00
1855.91
1022.93
0.00
1534.44
710.60
1587.95
0.00
0.00
596.70
1657.83
0.00
0.00
0.00
1299.97
0.00
0.00
0.00
1885.40
0.00
0.00
0.00
1537.87
0.00
0.00
0.00
1926.25
0.00
0.00
0.00
1487.45
0.00
0.00
0.00
1028.09
0.00
0.00
553.68
1095.22
0.00
481.10
0.00
1160.03
0.00
0.00
0.00
1450.32
705.87
0.00
0.00
1479.39
758.70
1044.81
1491.49
1475.56
475.45
0.00
1835.65
1184.98
1341.44
0.00
0.00
1547.63
0.00
0.00
0.00
1642.42
0.00
0.00
0.00
1023.14
0.00
0.00
0.00
1188.65
0.00
0.00
0.00
0.00
0.00
0.00
0.00
0.00
0.00
0.00
0.00
0.00
0.00
0.00
0.00
0.00
0.00
0.00
0.00
0.00
0.00
0.00
0.00
0.00
0.00
0.00
0.00
0.00
0.00
1914.15
0.00
0.00
1306.15
0.00
0.00
0.00
1119.12
0.00
318.58
0.00
843.62
0.00
0.00
0.00
885.64
1004.13
0.00
0.00
746.47
0.00
0.00
0.00
1158.79
0.00
769.71
504.88
1209.78
0.00
0.00
0.00
948.63
57.25
188.07
0.00
1375.85
0.00
1379.95
1754.57
1122.24
0.00
0.00
0.00
1405.65
0.00
0.00
0.00
1085.44
0.00
0.00
1598.14
750.23
0.00
755.61
230.22
799.22
1299.21
0.00
0.00
846.52
0.00
57.73
0.00
1058.35
0.00
0.00
0.00
1079.56
12.70
0.00
0.00
1076.77
499.81
0.00
0.00
864.72
0.00
415.89
0.00
1129.36
0.00
0.00
0.00
1198.53
1383.22
0.00
1910.71
746.62
0.00
0.00
0.00
867.40
911.65
0.00
0.00
0.00
0.00
0.00
0.00
0.00
0.00
0.00
0.00
0.00
0.00
0.00
0.00
0.00
0.00
0.00
0.00
0.00
0.00
0.00
0.00
0.00
0.00
0.00
0.00
0.00
0.00
0.00
0.00
0.00
152.37
0.00
1318.73
0.00
130.55
0.00
0.00
0.00
98.41
0.00
0.00
219.42
103.32
0.00
0.00
1625.57
87.08
0.00
0.00
0.00
135.18
0.00
0.00
0.00
141.13
0.00
0.00
0.00
110.66
1895.75
0.00
0.00
160.50
0.00
0.00
1763.12
130.92
0.00
0.00
0.00
163.98
0.00
0.00
0.00
126.62
479.34
0.00
0.00
87.52
0.00
0.00
0.00
93.23
0.00
0.00
0.00
98.75
935.02
0.00
0.00
123.46
0.00
0.00
0.00
125.94
0.00
1182.46
0.00
125.61
0.00
0.00
0.00
100.88
0.00
0.00
1809.49
131.75
0.00
0.00
0.00
139.82
0.00
0.00
0.00
87.10
0.00
0.00
0.00
101.19
0.00
0.00
0.00
0.00
0.00
0.00
0.00
0.00
0.00
0.00
0.00
0.00
0.00
0.00
0.00
0.00
0.00
0.00
0.00
0.00
0.00
0.00
0.00
0.00
0.00
0.00
0.00
0.00
0.00
0.00
0.00
0.00
229.77
0.00
0.00
1273.67
168.12
0.00
0.00
0.00
177.52
0.00
0.00
0.00
146.37
1796.31
0.00
0.00
238.65
0.00
0.00
0.00
250.06
0.00
0.00
202.83
191.62
209.76
0.00
1687.04
287.23
1579.77
1614.75
0.00
230.47
0.00
0.00
0.00
293.90
0.00
1233.68
0.00
222.24
0.00
0.00
0.00
147.22
0.00
483.99
1344.51
158.18
711.59
0.00
1806.77
168.77
0.00
0.00
0.00
216.17
0.00
0.00
0.00
220.92
0.00
0.00
0.00
220.30
0.00
0.00
71.15
172.84
483.00
0.00
0.00
232.07
0.00
0.00
0.00
247.55
0.00
1027.66
0.00
146.41
0.00
0.00
1294.89
173.44
0.00
1937.19
100.26
0.00
0.00
0.00
0.00
0.00
0.00
0.00
0.00
0.00
0.00
0.00
0.00
0.00
0.00
0.00
0.00
0.00
0.00
0.00
0.00
0.00
0.00
0.00
0.00
0.00
0.00
0.00
0.00
0.00
0.00
1216.50
0.00
0.00
1406.92
1653.46
0.00
0.00
1029.38
0.00
1536.15
1162.77
1086.97
0.00
0.00
0.00
896.25
0.00
0.00
0.00
1461.27
0.00
631.21
0.00
1531.16
1769.79
100.75
0.00
1173.29
0.00
0.00
0.00
1758.72
0.00
937.38
0.00
1411.19
0.00
0.00
0.00
1799.57
0.00
0.00
1746.41
1360.77
0.00
1664.63
0.00
901.41
0.00
0.00
0.00
968.54
0.00
0.00
1114.24
1033.36
0.00
1828.17
896.56
1323.64
0.00
0.00
0.00
1352.71
0.00
0.00
0.00
1348.88
677.90
0.00
0.00
1058.30
1092.75
1078.17
0.00
1420.95
793.88
0.00
0.00
1515.74
1900.08
0.00
1934.63
896.46
585.35
0.00
0.00
1061.97
439.20
0.00
0.00
0.00
0.00
0.00
0.00
0.00
0.00
0.00
0.00
0.00
0.00
0.00
0.00
0.00
0.00
0.00
0.00
0.00
0.00
0.00
0.00
0.00
0.00
0.00
0.00
0.00
0.00
0.00
0.00
0.00
0.00
0.00
0.00
0.00
1026.68
0.00
581.17
1465.45
751.18
1875.90
0.00
1116.76
793.20
1218.16
0.00
0.00
654.03
0.00
708.63
0.00
1066.34
0.00
0.00
0.00
1117.34
0.00
804.41
1096.67
856.19
0.00
799.13
307.90
1283.40
0.00
1330.53
0.00
1029.80
0.00
0.00
485.86
1313.21
291.13
0.00
1013.23
993.00
0.00
0.00
0.00
657.79
0.00
972.85
0.00
706.78
0.00
0.00
0.00
754.08
0.00
0.00
1292.60
965.91
0.00
1814.88
0.00
987.12
0.00
0.00
1664.53
984.32
0.00
646.49
0.00
772.28
0.00
0.00
0.00
1036.92
0.00
0.00
422.59
1106.09
1159.85
0.00
0.00
654.18
0.00
0.00
0.00
774.96
0.00
0.00
0.00
0.00
0.00
0.00
0.00
0.00
0.00
0.00
0.00
0.00
0.00
0.00
0.00
0.00
0.00
0.00
0.00
0.00
0.00
0.00
0.00
0.00
0.00
0.00
0.00
0.00
0.00
0.00
0.00
0.00
0.00
0.00
0.00
0.00
119.77
0.00
0.00
0.00
87.63
0.00
0.00
0.00
92.53
1096.01
0.00
0.00
76.30
0.00
0.00
1022.13
124.40
0.00
393.72
648.19
130.34
0.00
0.00
1759.61
99.88
0.00
0.00
0.00
149.72
0.00
1652.74
0.00
120.13
0.00
0.00
0.00
153.19
0.00
0.00
1160.78
115.84
1558.99
0.00
0.00
76.74
1252.04
0.00
0.00
82.45
107.24
643.11
0.00
87.97
981.32
302.93
0.00
112.68
0.00
0.00
0.00
115.15
0.00
0.00
464.42
114.83
175.59
0.00
260.52
90.09
1298.24
0.00
207.89
120.96
0.00
0.00
0.00
129.03
507.97
1436.43
0.00
76.31
0.00
0.00
0.00
90.40
0.00
0.00
0.00
0.00
0.00
0.00
0.00
0.00
0.00
0.00
0.00
0.00
0.00
0.00
0.00
0.00
0.00
0.00
0.00
0.00
0.00
0.00
0.00
0.00
0.00
0.00
0.00
0.00
0.00
0.00
0.00
0.00
0.00
0.00
0.00
0.00
126.26
1174.48
1884.85
0.00
135.66
0.00
854.89
0.00
104.52
0.00
0.00
0.00
196.79
1419.76
600.20
0.00
208.21
0.00
0.00
0.00
149.76
0.00
1020.33
0.00
245.37
465.35
0.00
634.60
188.61
0.00
0.00
0.00
252.04
0.00
0.00
1345.00
180.38
1452.52
0.00
1725.13
105.36
1569.10
0.00
0.00
116.32
0.00
1697.82
0.00
126.91
0.00
0.00
0.00
174.32
0.00
0.00
0.00
179.06
0.00
0.00
0.00
178.44
123.49
0.00
0.00
130.98
0.00
0.00
0.00
190.21
0.00
866.80
0.00
205.69
0.00
0.00
0.00
104.55
0.00
0.00
0.00
131.58
0.00
0.00
0.00
0.00
0.00
0.00
0.00
0.00
0.00
0.00
0.00
0.00
0.00
0.00
0.00
0.00
0.00
0.00
0.00
0.00
0.00
0.00
0.00
0.00
0.00
0.00
0.00
0.00
0.00
0.00
0.00
0.00
0.00
0.00
0.00
0.00
0.00
1027.40
2.35
0.00
773.08
0.00
0.00
1819.99
830.67
0.00
699.53
0.00
639.95
0.00
144.43
0.00
1204.97
0.00
0.00
0.00
1274.85
0.00
1648.41
0.00
916.99
1498.17
892.25
0.00
1502.42
0.00
1859.99
0.00
1154.89
599.93
0.00
1347.29
1543.26
0.00
0.00
935.87
1104.47
816.33
1272.65
0.00
645.11
1350.61
0.00
0.00
712.24
0.00
113.15
0.00
777.05
0.00
0.00
0.00
1067.34
0.00
1420.90
0.00
1096.41
0.00
0.00
0.00
1092.58
0.00
0.00
0.00
802.00
0.00
0.00
0.00
1164.65
0.00
0.00
0.00
1259.44
155.01
0.00
0.00
640.16
377.21
0.00
1228.36
805.67
0.00
0.00
0.00
0.00
0.00
0.00
0.00
0.00
0.00
0.00
0.00
0.00
0.00
0.00
0.00
0.00
0.00
0.00
0.00
0.00
0.00
0.00
0.00
0.00
0.00
0.00
0.00
0.00
0.00
0.00
0.00
0.00
0.00
0.00
0.00
0.00
0.00
0.00
0.00
0.00
564.14
250.10
1497.60
0.00
606.17
0.00
0.00
0.00
467.00
0.00
0.00
0.00
879.31
0.00
0.00
0.00
930.31
0.00
0.00
0.00
669.16
0.00
0.00
329.72
1096.37
1806.80
0.00
0.00
842.76
0.00
1553.32
0.00
1126.18
1707.25
0.00
0.00
805.97
0.00
0.00
0.00
470.76
887.16
0.00
0.00
519.75
0.00
0.00
0.00
567.04
898.43
0.00
0.00
778.88
0.00
1636.29
0.00
800.09
0.00
919.78
0.00
797.29
0.00
1393.62
0.00
585.25
0.00
0.00
0.00
849.88
0.00
0.00
0.00
919.05
0.00
1663.90
1940.86
467.15
0.00
0.00
0.00
587.92
0.00
0.00
0.00
0.00
0.00
0.00
0.00
0.00
0.00
0.00
0.00
0.00
0.00
0.00
0.00
0.00
0.00
0.00
0.00
0.00
0.00
0.00
0.00
0.00
0.00
0.00
0.00
0.00
0.00
0.00
0.00
0.00
0.00
0.00
0.00
0.00
0.00
103.39
0.00
0.00
65.81
547.93
0.00
0.00
70.71
1891.23
0.00
0.00
54.48
0.00
1467.90
0.00
102.58
0.00
476.83
0.00
108.53
0.00
402.23
0.00
78.06
0.00
0.00
0.00
127.90
1207.11
0.00
301.81
98.31
0.00
0.00
0.00
131.37
0.00
0.00
1744.27
94.02
0.00
0.00
0.00
54.92
1575.99
0.00
0.00
60.63
0.00
0.00
0.00
66.15
456.64
0.00
0.00
90.86
0.00
0.00
0.00
93.33
0.00
0.00
0.00
93.01
0.00
0.00
0.00
68.27
0.00
0.00
0.00
99.14
52.28
604.80
98.35
107.21
0.00
0.00
0.00
54.50
478.85
0.00
0.00
68.58
0.00
0.00
0.00
0.00
0.00
0.00
0.00
0.00
0.00
0.00
0.00
0.00
0.00
0.00
0.00
0.00
0.00
0.00
0.00
0.00
0.00
0.00
0.00
0.00
0.00
0.00
0.00
0.00
0.00
0.00
0.00
0.00
0.00
0.00
0.00
0.00
0.00
0.00
0.00
122.27
74.00
0.00
0.00
0.00
42.86
620.66
0.00
0.00
135.13
832.82
0.00
372.68
146.55
1880.37
843.78
1848.11
88.10
1342.00
0.00
0.00
183.71
0.00
0.00
0.00
126.96
0.00
1641.13
1918.93
190.38
0.00
0.00
0.00
118.72
0.00
0.00
0.00
43.70
0.00
0.00
0.00
54.66
0.00
0.00
0.00
65.25
1195.29
0.00
0.00
112.66
0.00
0.00
0.00
117.40
914.86
0.00
0.00
116.78
0.00
47.19
0.00
69.32
0.00
0.00
1691.91
128.55
691.95
535.50
0.00
144.03
787.91
0.00
0.00
42.89
0.00
0.00
0.00
69.92
0.00
0.00
0.00
0.00
0.00
0.00
0.00
0.00
0.00
0.00
0.00
0.00
0.00
0.00
0.00
0.00
0.00
0.00
0.00
0.00
0.00
0.00
0.00
0.00
0.00
0.00
0.00
0.00
0.00
0.00
0.00
0.00
0.00
0.00
0.00
0.00
0.00
0.00
0.00
0.00
0.00
1930.18
1086.81
0.00
453.13
620.81
438.32
0.00
262.41
0.00
0.00
0.00
827.43
0.00
0.00
0.00
897.32
0.00
0.00
788.93
539.45
0.00
0.00
0.00
1124.88
0.00
0.00
0.00
777.35
0.00
0.00
1255.76
1165.73
0.00
666.93
0.00
726.93
0.00
0.00
0.00
267.57
1115.58
0.00
0.00
334.70
0.00
0.00
0.00
399.52
0.00
1862.95
0.00
689.80
1310.72
0.00
0.00
718.87
0.00
0.00
0.00
715.04
1874.61
0.00
0.00
424.46
927.99
0.00
0.00
787.11
99.51
0.00
0.00
881.90
0.00
0.00
1432.98
262.62
0.00
0.00
0.00
428.13
0.00
0.00
0.00
0.00
0.00
0.00
0.00
0.00
0.00
0.00
0.00
0.00
0.00
0.00
0.00
0.00
0.00
0.00
0.00
0.00
0.00
0.00
0.00
0.00
0.00
0.00
0.00
0.00
0.00
0.00
0.00
0.00
0.00
0.00
0.00
0.00
0.00
0.00
0.00
0.00
0.00
0.00
0.00
1412.56
330.66
0.00
0.00
0.00
191.49
0.00
0.00
0.00
603.81
0.00
0.00
0.00
654.80
0.00
912.31
0.00
393.65
0.00
828.85
0.00
820.87
0.00
0.00
0.00
567.26
1091.54
0.00
0.00
850.67
0.00
0.00
0.00
530.47
0.00
0.00
0.00
195.26
0.00
0.00
395.85
244.24
554.78
0.00
0.00
291.54
0.00
1150.29
0.00
503.37
0.00
401.01
0.00
524.59
0.00
0.00
0.00
521.79
0.00
0.00
1129.63
309.75
0.00
0.00
0.00
574.38
0.00
909.84
416.01
643.55
1928.80
0.00
0.00
191.65
0.00
0.00
0.00
312.42
0.00
0.00
0.00
0.00
0.00
0.00
0.00
0.00
0.00
0.00
0.00
0.00
0.00
0.00
0.00
0.00
0.00
0.00
0.00
0.00
0.00
0.00
0.00
0.00
0.00
0.00
0.00
0.00
0.00
0.00
0.00
0.00
0.00
0.00
0.00
0.00
0.00
0.00
0.00
0.00
0.00
250.89
1453.81
0.00
38.57
1403.74
64.47
0.00
22.34
0.00
0.00
0.00
70.44
0.00
0.00
1299.89
76.39
0.00
0.00
0.00
45.92
0.00
431.26
1044.27
95.76
827.95
0.00
0.00
66.17
0.00
0.00
0.00
99.24
1110.36
953.89
0.00
61.88
0.00
1593.06
0.00
22.78
0.00
0.00
0.00
28.49
0.00
392.59
0.00
34.01
0.00
0.00
0.00
58.72
0.00
0.00
485.44
61.20
136.05
0.00
0.00
60.87
0.00
0.00
0.00
36.13
407.35
0.00
0.00
67.00
0.00
0.00
0.00
75.07
1112.21
0.00
0.00
22.36
0.00
1640.99
1209.82
36.45
0.00
0.00
0.00
0.00
0.00
0.00
0.00
0.00
0.00
0.00
0.00
0.00
0.00
0.00
0.00
0.00
0.00
0.00
0.00
0.00
0.00
0.00
0.00
0.00
0.00
0.00
0.00
0.00
0.00
0.00
0.00
0.00
0.00
0.00
0.00
0.00
0.00
0.00
0.00
0.00
0.00
0.00
0.00
0.00
52.26
0.00
0.00
0.00
144.54
0.00
0.00
0.00
155.95
428.44
0.00
0.00
97.51
0.00
0.00
1180.99
193.12
0.00
1532.88
0.00
136.36
0.00
0.00
0.00
199.79
1155.73
0.00
0.00
128.12
0.00
1610.53
0.00
53.10
0.00
0.00
0.00
64.07
0.00
0.00
131.00
74.65
0.00
1060.73
0.00
122.06
0.00
0.00
0.00
126.81
0.00
914.46
0.00
126.18
0.00
441.47
729.46
78.73
0.00
0.00
0.00
137.95
191.33
0.00
0.00
153.43
0.00
110.63
0.00
52.30
1733.35
0.00
0.00
79.33
0.00
0.00
0.00
0.00
0.00
0.00
0.00
0.00
0.00
0.00
0.00
0.00
0.00
0.00
0.00
0.00
0.00
0.00
0.00
0.00
0.00
0.00
0.00
0.00
0.00
0.00
0.00
0.00
0.00
0.00
0.00
0.00
0.00
0.00
0.00
0.00
0.00
0.00
0.00
0.00
0.00
0.00
0.00
0.00
0.00
0.00
0.00
0.00
320.00
1447.25
0.00
0.00
885.02
0.00
0.00
502.94
954.90
0.00
0.00
0.00
597.03
0.00
1661.18
0.00
1182.47
0.00
0.00
0.00
834.94
0.00
0.00
0.00
1223.31
0.00
0.00
0.00
784.51
0.00
0.00
0.00
325.15
0.00
0.00
0.00
392.29
0.00
591.84
0.00
457.10
0.00
0.00
0.00
747.39
0.00
0.00
0.00
776.46
0.00
0.00
0.00
772.62
0.00
0.00
1273.77
482.05
0.00
39.58
0.00
844.69
0.00
0.00
0.00
939.48
0.00
0.00
1360.50
320.21
590.04
0.00
294.05
485.71
0.00
49.72
0.00
0.00
0.00
0.00
0.00
0.00
0.00
0.00
0.00
0.00
0.00
0.00
0.00
0.00
0.00
0.00
0.00
0.00
0.00
0.00
0.00
0.00
0.00
0.00
0.00
0.00
0.00
0.00
0.00
0.00
0.00
0.00
0.00
0.00
0.00
0.00
0.00
0.00
0.00
0.00
0.00
0.00
0.00
0.00
0.00
0.00
233.51
0.00
1409.86
861.11
645.83
0.00
691.56
0.00
696.82
0.00
0.00
0.00
435.68
0.00
0.00
0.00
862.89
0.00
1731.00
1057.42
609.28
0.00
0.00
1328.00
892.69
76.39
1895.27
0.00
572.49
0.00
1682.73
0.00
237.28
0.00
549.21
0.00
286.27
0.00
0.00
0.00
333.56
89.52
1072.99
0.00
545.39
54.06
628.53
1645.68
566.61
0.00
1133.64
1741.34
563.81
0.00
0.00
255.50
351.77
840.63
0.00
0.00
616.40
0.00
0.00
0.00
685.57
0.00
1795.06
0.00
233.67
0.00
0.00
0.00
354.44
0.00
0.00
0.00
0.00
0.00
0.00
0.00
0.00
0.00
0.00
0.00
0.00
0.00
0.00
0.00
0.00
0.00
0.00
0.00
0.00
0.00
0.00
0.00
0.00
0.00
0.00
0.00
0.00
0.00
0.00
0.00
0.00
0.00
0.00
0.00
0.00
0.00
0.00
0.00
0.00
0.00
0.00
0.00
0.00
0.00
0.00
762.48
0.00
27.24
1834.82
313.87
0.00
75.34
0.00
0.00
1131.48
81.29
0.00
0.00
0.00
50.82
0.00
0.00
0.00
100.66
0.00
0.00
0.00
71.08
0.00
0.00
1056.89
104.14
0.00
0.00
0.00
66.78
0.00
0.00
0.00
27.68
0.00
0.00
393.59
33.39
1735.38
1714.36
0.00
38.91
0.00
0.00
0.00
63.62
0.00
0.00
0.00
66.10
0.00
0.00
1406.64
65.77
0.00
368.83
0.00
41.04
0.00
0.00
0.00
71.91
1303.25
0.00
0.00
79.98
0.00
0.00
0.00
27.26
0.00
0.00
0.00
41.35
0.00
0.00
0.00
0.00
0.00
0.00
0.00
0.00
0.00
0.00
0.00
0.00
0.00
0.00
0.00
0.00
0.00
0.00
0.00
0.00
0.00
0.00
0.00
0.00
0.00
0.00
0.00
0.00
0.00
0.00
0.00
0.00
0.00
0.00
0.00
0.00
0.00
0.00
0.00
0.00
0.00
0.00
0.00
0.00
0.00
836.47
0.00
1708.75
113.39
1532.11
784.95
0.00
124.81
0.00
0.00
0.00
66.36
0.00
0.00
1310.60
161.97
0.00
0.00
233.14
105.21
0.00
0.00
0.00
168.64
0.00
0.00
1373.07
96.98
1585.34
1844.82
0.00
21.96
0.00
0.00
0.00
32.92
0.00
1622.26
827.13
43.51
0.00
1878.54
0.00
90.91
0.00
0.00
0.00
95.66
0.00
0.00
0.00
95.04
1537.95
0.00
0.00
47.58
0.00
0.00
0.00
106.81
0.00
0.00
0.00
122.29
0.00
0.00
0.00
21.15
0.00
0.00
0.00
48.18
0.00
0.00
1252.89
0.00
0.00
0.00
0.00
0.00
0.00
0.00
0.00
0.00
0.00
0.00
0.00
0.00
0.00
0.00
0.00
0.00
0.00
0.00
0.00
0.00
0.00
0.00
0.00
0.00
0.00
0.00
0.00
0.00
0.00
0.00
0.00
0.00
0.00
0.00
0.00
0.00
0.00
0.00
0.00
0.00
0.00
0.00
0.00
0.00
0.00
0.00
0.00
0.00
694.31
0.00
505.26
0.00
764.19
0.00
0.00
1841.11
406.32
0.00
0.00
0.00
991.76
0.00
0.00
0.00
644.22
0.00
0.00
0.00
1032.60
0.00
0.00
0.00
593.80
409.62
0.00
0.00
134.44
0.00
1701.90
0.00
201.57
0.00
0.00
0.00
266.39
0.00
0.00
0.00
556.67
0.00
0.00
0.00
585.74
0.00
0.00
0.00
581.91
0.00
0.00
0.00
291.34
0.00
0.00
0.00
653.98
228.13
0.00
0.00
748.77
0.00
0.00
0.00
129.49
0.00
0.00
0.00
295.00
0.00
0.00
0.00
0.00
0.00
0.00
0.00
0.00
0.00
0.00
0.00
0.00
0.00
0.00
0.00
0.00
0.00
0.00
0.00
0.00
0.00
0.00
0.00
0.00
0.00
0.00
0.00
0.00
0.00
0.00
0.00
0.00
0.00
0.00
0.00
0.00
0.00
0.00
0.00
0.00
0.00
0.00
0.00
0.00
0.00
0.00
0.00
0.00
0.00
0.00
658.27
0.00
506.66
0.00
0.00
0.00
557.65
0.00
0.00
0.00
296.51
0.00
0.00
0.00
723.72
703.82
0.00
1248.64
470.11
0.00
1890.93
0.00
753.52
0.00
0.00
790.17
433.32
0.00
0.00
0.00
98.11
0.00
0.00
0.00
147.09
0.00
1193.47
0.00
194.39
0.00
0.00
491.16
406.22
1915.02
1612.65
0.00
427.44
0.00
0.00
708.31
424.64
1249.65
199.78
0.00
212.60
0.00
0.00
1219.08
477.23
0.00
0.00
1011.35
546.40
0.00
0.00
0.00
94.50
698.72
0.00
0.00
215.27
0.00
0.00
0.00
0.00
0.00
0.00
0.00
0.00
0.00
0.00
0.00
0.00
0.00
0.00
0.00
0.00
0.00
0.00
0.00
0.00
0.00
0.00
0.00
0.00
0.00
0.00
0.00
0.00
0.00
0.00
0.00
0.00
0.00
0.00
0.00
0.00
0.00
0.00
0.00
0.00
0.00
0.00
0.00
0.00
0.00
0.00
0.00
0.00
0.00
163.30
0.00
0.00
59.10
346.43
0.00
359.21
65.05
1884.53
1883.51
0.00
34.59
965.59
0.00
0.00
84.43
0.00
1214.02
0.00
54.84
0.00
0.00
0.00
87.90
791.95
417.60
0.00
50.55
0.00
0.00
0.00
11.44
0.00
1103.06
0.00
17.16
0.00
268.71
0.00
22.68
0.00
0.00
1652.74
47.39
0.00
0.00
0.00
49.86
423.24
0.00
670.70
49.54
0.00
1619.11
1143.45
24.80
0.00
824.66
0.00
55.67
0.00
7.47
0.00
63.74
0.00
1813.63
0.00
11.02
0.00
283.35
0.00
25.11
0.00
0.00
0.00
0.00
0.00
0.00
0.00
0.00
0.00
0.00
0.00
0.00
0.00
0.00
0.00
0.00
0.00
0.00
0.00
0.00
0.00
0.00
0.00
0.00
0.00
0.00
0.00
0.00
0.00
0.00
0.00
0.00
0.00
0.00
0.00
0.00
0.00
0.00
0.00
0.00
0.00
0.00
0.00
0.00
0.00
0.00
0.00
0.00
0.00
1337.07
0.00
0.00
217.08
0.00
0.00
0.00
158.64
0.00
0.00
0.00
254.25
0.00
0.00
0.00
197.49
0.00
464.76
0.00
260.92
816.24
404.49
0.00
189.26
0.00
0.00
1794.17
114.23
0.00
0.00
316.42
125.20
695.01
0.00
0.00
135.78
0.00
0.00
0.00
183.19
0.00
0.00
1691.09
187.94
208.55
0.00
1020.19
187.31
0.00
0.00
0.00
139.86
0.00
0.00
0.00
199.08
118.62
0.00
1783.74
214.56
0.00
0.00
0.00
113.43
0.00
0.00
0.00
140.46
0.00
0.00
0.00
0.00
0.00
0.00
0.00
0.00
0.00
0.00
0.00
0.00
0.00
0.00
0.00
0.00
0.00
0.00
0.00
0.00
0.00
0.00
0.00
0.00
0.00
0.00
0.00
0.00
0.00
0.00
0.00
0.00
0.00
0.00
0.00
0.00
0.00
0.00
0.00
0.00
0.00
0.00
0.00
0.00
0.00
0.00
0.00
0.00
0.00
0.00
0.00
0.00
0.00
0.00
1786.54
0.00
1329.21
0.00
0.00
0.00
971.34
17.16
1194.90
0.00
1556.78
0.00
0.00
0.00
1209.24
0.00
0.00
0.00
1597.62
0.00
0.00
0.00
1158.82
1068.50
1727.19
0.00
699.46
0.00
0.00
0.00
766.59
0.00
0.00
0.00
831.41
0.00
1203.31
341.45
1121.69
0.00
0.00
0.00
1150.76
1736.82
195.77
500.48
1146.93
0.00
0.00
0.00
856.36
0.00
47.25
1914.48
1219.00
0.00
0.00
0.00
1313.79
0.00
0.00
1572.71
694.51
0.00
0.00
134.94
860.02
0.00
0.00
0.00
0.00
0.00
0.00
0.00
0.00
0.00
0.00
0.00
0.00
0.00
0.00
0.00
0.00
0.00
0.00
0.00
0.00
0.00
0.00
0.00
0.00
0.00
0.00
0.00
0.00
0.00
0.00
0.00
0.00
0.00
0.00
0.00
0.00
0.00
0.00
0.00
0.00
0.00
0.00
0.00
0.00
0.00
0.00
0.00
0.00
0.00
0.00
0.00
0.00
0.00
1558.93
0.00
0.00
969.97
0.00
0.00
0.00
708.82
0.00
0.00
0.00
1136.04
0.00
0.00
1589.43
882.43
0.00
0.00
0.00
1165.84
0.00
0.00
353.04
845.63
1578.74
1193.80
0.00
510.42
0.00
0.00
0.00
559.41
0.00
0.00
0.00
606.71
0.00
0.00
0.00
818.54
0.00
0.00
1550.17
839.75
1296.99
0.00
0.00
836.96
0.00
0.00
1643.76
624.91
1223.14
1381.71
127.82
889.55
1492.70
285.39
0.00
958.72
763.17
0.00
0.00
506.81
948.18
901.66
0.00
627.59
720.79
0.00
0.00
0.00
0.00
0.00
0.00
0.00
0.00
0.00
0.00
0.00
0.00
0.00
0.00
0.00
0.00
0.00
0.00
0.00
0.00
0.00
0.00
0.00
0.00
0.00
0.00
0.00
0.00
0.00
0.00
0.00
0.00
0.00
0.00
0.00
0.00
0.00
0.00
0.00
0.00
0.00
0.00
0.00
0.00
0.00
0.00
0.00
0.00
0.00
0.00
0.00
0.00
0.00
0.00
0.00
113.15
0.00
0.00
0.00
82.69
0.00
0.00
0.00
132.53
0.00
0.00
0.00
102.94
0.00
0.00
0.00
136.00
0.00
0.00
0.00
98.65
0.00
0.00
0.00
59.54
0.00
0.00
0.00
65.26
1512.82
227.51
696.90
70.78
589.36
0.00
0.00
95.49
0.00
643.89
0.00
97.96
0.00
0.00
0.00
97.64
0.00
0.00
0.00
72.90
1331.11
0.00
0.00
103.77
1808.98
0.00
0.00
111.84
0.00
0.00
0.00
59.12
0.00
0.00
0.00
73.21
0.00
0.00
0.00
0.00
0.00
0.00
0.00
0.00
0.00
0.00
0.00
0.00
0.00
0.00
0.00
0.00
0.00
0.00
0.00
0.00
0.00
0.00
0.00
0.00
0.00
0.00
0.00
0.00
0.00
0.00
0.00
0.00
0.00
0.00
0.00
0.00
0.00
0.00
0.00
0.00
0.00
0.00
0.00
0.00
0.00
0.00
0.00
0.00
0.00
0.00
0.00
0.00
0.00
233.95
0.00
0.00
170.05
0.00
0.00
0.00
265.66
1805.05
0.00
0.00
208.90
876.78
0.00
0.00
272.33
1018.44
0.00
1670.56
200.67
1763.70
0.00
0.00
125.65
0.00
0.00
1253.63
136.61
0.00
1622.09
0.00
147.20
0.00
0.00
0.00
194.61
0.00
0.00
829.78
199.35
0.00
0.00
0.00
198.73
0.00
0.00
0.00
151.27
870.67
639.85
0.00
210.50
0.00
560.06
0.00
225.98
0.00
1872.95
763.58
124.84
0.00
0.00
0.00
151.87
0.00
0.00
0.00
0.00
0.00
0.00
0.00
0.00
0.00
0.00
0.00
0.00
0.00
0.00
0.00
0.00
0.00
0.00
0.00
0.00
0.00
0.00
0.00
0.00
0.00
0.00
0.00
0.00
0.00
0.00
0.00
0.00
0.00
0.00
0.00
0.00
0.00
0.00
0.00
0.00
0.00
0.00
0.00
0.00
0.00
0.00
0.00
0.00
0.00
0.00
0.00
0.00
0.00
0.00
0.00
0.00
0.00
0.00
0.00
0.00
1041.22
0.00
0.00
0.00
1626.66
0.00
235.24
0.00
1279.12
0.00
73.91
0.00
1667.50
0.00
0.00
0.00
1228.70
0.00
0.00
0.00
769.34
0.00
0.00
0.00
836.48
0.00
0.00
0.00
901.29
0.00
0.00
1012.94
1191.58
996.28
0.00
0.00
1220.64
0.00
0.00
770.95
1216.81
0.00
0.00
0.00
926.24
0.00
0.00
88.16
1288.88
0.00
661.05
0.00
1383.67
0.00
675.74
0.00
764.40
0.00
537.62
0.00
929.90
0.00
0.00
0.00
0.00
0.00
0.00
0.00
0.00
0.00
0.00
0.00
0.00
0.00
0.00
0.00
0.00
0.00
0.00
0.00
0.00
0.00
0.00
0.00
0.00
0.00
0.00
0.00
0.00
0.00
0.00
0.00
0.00
0.00
0.00
0.00
0.00
0.00
0.00
0.00
0.00
0.00
0.00
0.00
0.00
0.00
0.00
0.00
0.00
0.00
0.00
0.00
0.00
0.00
0.00
0.00
0.00
0.00
0.00
0.00
0.00
759.82
0.00
0.00
1606.14
1187.03
0.00
0.00
0.00
933.42
0.00
0.00
794.18
1216.83
0.00
0.00
0.00
896.63
167.87
0.00
0.00
561.42
0.00
0.00
1857.09
610.41
731.98
0.00
0.00
657.70
0.00
238.87
0.00
869.54
1488.99
0.00
0.00
890.75
0.00
0.00
0.00
887.95
0.00
0.00
0.00
675.91
0.00
0.00
1301.92
940.54
1329.07
0.00
0.00
1009.71
730.36
0.00
0.00
557.81
0.00
1317.06
0.00
678.58
0.00
0.00
0.00
0.00
0.00
0.00
0.00
0.00
0.00
0.00
0.00
0.00
0.00
0.00
0.00
0.00
0.00
0.00
0.00
0.00
0.00
0.00
0.00
0.00
0.00
0.00
0.00
0.00
0.00
0.00
0.00
0.00
0.00
0.00
0.00
0.00
0.00
0.00
0.00
0.00
0.00
0.00
0.00
0.00
0.00
0.00
0.00
0.00
0.00
0.00
0.00
0.00
0.00
0.00
0.00
0.00
0.00
0.00
1594.67
0.00
88.64
0.00
0.00
0.00
138.47
0.00
1428.31
0.00
108.89
0.00
0.00
0.00
141.95
539.53
0.00
0.00
104.60
0.00
0.00
0.00
65.49
526.54
0.00
0.00
71.21
0.00
0.00
1688.97
76.72
0.00
0.00
1279.37
101.44
0.00
1015.56
0.00
103.91
0.00
1749.68
0.00
103.58
0.00
0.00
264.95
78.85
0.00
0.00
0.00
109.72
0.00
0.00
0.00
117.79
0.00
0.00
0.00
65.07
0.00
0.00
0.00
79.16
0.00
0.00
0.00
0.00
0.00
0.00
0.00
0.00
0.00
0.00
0.00
0.00
0.00
0.00
0.00
0.00
0.00
0.00
0.00
0.00
0.00
0.00
0.00
0.00
0.00
0.00
0.00
0.00
0.00
0.00
0.00
0.00
0.00
0.00
0.00
0.00
0.00
0.00
0.00
0.00
0.00
0.00
0.00
0.00
0.00
0.00
0.00
0.00
0.00
0.00
0.00
0.00
0.00
0.00
0.00
0.00
0.00
0.00
1085.17
0.00
207.22
1005.81
0.00
93.50
150.46
0.00
0.00
582.01
213.89
0.00
0.00
0.00
142.22
1090.62
0.00
0.00
67.20
0.00
0.00
0.00
78.17
0.00
0.00
0.00
88.75
0.00
0.00
875.34
136.16
0.00
484.21
0.00
140.91
0.00
1198.21
50.11
140.28
0.00
0.00
1574.06
92.82
0.00
0.00
0.00
152.05
0.00
0.00
0.00
167.53
0.00
0.00
0.00
66.39
0.00
975.16
0.00
93.42
0.00
0.00
0.00
0.00
0.00
0.00
0.00
0.00
0.00
0.00
0.00
0.00
0.00
0.00
0.00
0.00
0.00
0.00
0.00
0.00
0.00
0.00
0.00
0.00
0.00
0.00
0.00
0.00
0.00
0.00
0.00
0.00
0.00
0.00
0.00
0.00
0.00
0.00
0.00
0.00
0.00
0.00
0.00
0.00
0.00
0.00
0.00
0.00
0.00
0.00
0.00
0.00
0.00
0.00
0.00
0.00
0.00
0.00
0.00
0.00
0.00
0.00
0.00
0.00
1268.79
0.00
0.00
0.00
921.26
0.00
0.00
0.00
1309.63
0.00
0.00
1439.76
870.84
0.00
0.00
1544.77
411.48
0.00
0.00
0.00
478.61
1191.36
0.00
0.00
543.42
0.00
0.00
904.76
833.71
0.00
0.00
1423.21
862.78
0.00
0.00
0.00
858.94
1666.98
0.00
0.00
568.37
0.00
0.00
0.00
931.01
1605.28
0.00
535.45
1025.80
0.00
1103.09
0.00
406.53
607.07
0.00
1857.95
572.04
0.00
0.00
0.00
0.00
0.00
0.00
0.00
0.00
0.00
0.00
0.00
0.00
0.00
0.00
0.00
0.00
0.00
0.00
0.00
0.00
0.00
0.00
0.00
0.00
0.00
0.00
0.00
0.00
0.00
0.00
0.00
0.00
0.00
0.00
0.00
0.00
0.00
0.00
0.00
0.00
0.00
0.00
0.00
0.00
0.00
0.00
0.00
0.00
0.00
0.00
0.00
0.00
0.00
0.00
0.00
0.00
0.00
0.00
0.00
0.00
0.00
0.00
957.86
360.83
925.88
1877.95
0.00
0.00
672.27
0.00
0.00
1078.49
955.69
0.00
0.00
0.00
635.48
234.65
1022.27
0.00
300.27
0.00
0.00
0.00
349.26
0.00
0.00
0.00
396.55
0.00
0.00
1620.31
608.39
0.00
589.43
1603.12
629.60
0.00
0.00
0.00
626.80
0.00
0.00
360.75
414.76
88.80
0.00
0.00
679.39
0.00
0.00
1253.39
748.56
0.00
0.00
0.00
296.66
0.00
0.00
0.00
417.43
0.00
0.00
0.00
0.00
0.00
0.00
0.00
0.00
0.00
0.00
0.00
0.00
0.00
0.00
0.00
0.00
0.00
0.00
0.00
0.00
0.00
0.00
0.00
0.00
0.00
0.00
0.00
0.00
0.00
0.00
0.00
0.00
0.00
0.00
0.00
0.00
0.00
0.00
0.00
0.00
0.00
0.00
0.00
0.00
0.00
0.00
0.00
0.00
0.00
0.00
0.00
0.00
0.00
0.00
0.00
0.00
0.00
0.00
0.00
0.00
0.00
1768.87
0.00
0.00
108.01
0.00
1266.07
0.00
78.42
0.00
1872.78
0.00
111.49
0.00
451.27
0.00
74.13
0.00
0.00
1859.90
35.03
0.00
0.00
1382.69
40.74
0.00
0.00
0.00
46.26
0.00
336.37
0.00
70.97
0.00
0.00
0.00
73.45
0.00
0.00
0.00
73.12
0.00
471.60
0.00
48.38
0.00
325.63
0.00
79.26
0.00
0.00
0.00
87.32
0.00
0.00
0.00
34.61
0.00
0.00
0.00
48.70
0.00
0.00
0.00
0.00
0.00
0.00
0.00
0.00
0.00
0.00
0.00
0.00
0.00
0.00
0.00
0.00
0.00
0.00
0.00
0.00
0.00
0.00
0.00
0.00
0.00
0.00
0.00
0.00
0.00
0.00
0.00
0.00
0.00
0.00
0.00
0.00
0.00
0.00
0.00
0.00
0.00
0.00
0.00
0.00
0.00
0.00
0.00
0.00
0.00
0.00
0.00
0.00
0.00
0.00
0.00
0.00
0.00
0.00
0.00
0.00
0.00
0.00
0.00
15.10
246.07
0.00
30.82
0.00
309.50
0.00
1810.66
0.00
237.83
0.00
702.14
0.00
162.81
0.00
1041.73
0.00
173.78
0.00
0.00
164.00
184.36
0.00
0.00
0.00
231.77
0.00
0.00
0.00
236.52
1116.80
0.00
1651.10
235.89
285.57
951.27
0.00
188.44
0.00
118.64
0.00
247.66
1535.59
0.00
0.00
263.14
1636.74
0.00
0.00
162.01
0.00
0.00
0.00
189.04
0.00
0.00
0.00
0.00
0.00
0.00
0.00
0.00
0.00
0.00
0.00
0.00
0.00
0.00
0.00
0.00
0.00
0.00
0.00
0.00
0.00
0.00
0.00
0.00
0.00
0.00
0.00
0.00
0.00
0.00
0.00
0.00
0.00
0.00
0.00
0.00
0.00
0.00
0.00
0.00
0.00
0.00
0.00
0.00
0.00
0.00
0.00
0.00
0.00
0.00
0.00
0.00
0.00
0.00
0.00
0.00
0.00
0.00
0.00
0.00
0.00
0.00
0.00
0.00
0.00
903.47
1685.82
0.00
1506.69
0.00
0.00
0.00
1895.07
0.00
0.00
0.00
1456.27
0.00
0.00
0.00
996.91
1315.44
0.00
0.00
1064.04
0.00
0.00
905.97
1128.86
1385.14
658.39
0.00
1419.14
233.37
0.00
266.13
1448.21
1613.76
433.42
1701.22
1444.38
52.94
0.00
0.00
1153.81
0.00
0.00
0.00
1516.45
861.96
0.00
0.00
1611.24
1212.88
650.58
1471.69
991.96
1518.02
0.00
0.00
1157.47
0.00
0.00
0.00
0.00
0.00
0.00
0.00
0.00
0.00
0.00
0.00
0.00
0.00
0.00
0.00
0.00
0.00
0.00
0.00
0.00
0.00
0.00
0.00
0.00
0.00
0.00
0.00
0.00
0.00
0.00
0.00
0.00
0.00
0.00
0.00
0.00
0.00
0.00
0.00
0.00
0.00
0.00
0.00
0.00
0.00
0.00
0.00
0.00
0.00
0.00
0.00
0.00
0.00
0.00
0.00
0.00
0.00
0.00
0.00
0.00
0.00
0.00
0.00
0.00
0.00
955.05
0.00
1684.57
1099.49
0.00
0.00
0.00
1382.90
0.00
1521.66
0.00
1062.69
0.00
0.00
0.00
727.48
0.00
0.00
0.00
776.47
0.00
712.26
915.22
823.77
0.00
0.00
0.00
1035.60
689.20
0.00
0.00
1056.81
0.00
0.00
0.00
1054.02
0.00
1463.17
1012.48
841.97
0.00
1094.20
313.42
1106.61
0.00
0.00
0.00
1175.78
0.00
0.00
659.14
723.87
0.00
0.00
0.00
844.65
0.00
0.00
0.00
0.00
0.00
0.00
0.00
0.00
0.00
0.00
0.00
0.00
0.00
0.00
0.00
0.00
0.00
0.00
0.00
0.00
0.00
0.00
0.00
0.00
0.00
0.00
0.00
0.00
0.00
0.00
0.00
0.00
0.00
0.00
0.00
0.00
0.00
0.00
0.00
0.00
0.00
0.00
0.00
0.00
0.00
0.00
0.00
0.00
0.00
0.00
0.00
0.00
0.00
0.00
0.00
0.00
0.00
0.00
0.00
0.00
0.00
0.00
0.00
0.00
0.00
0.00
0.00
0.00
128.26
0.00
0.00
0.00
161.32
0.00
0.00
0.00
123.97
1484.94
0.00
0.00
84.86
0.00
0.00
0.00
90.58
0.00
0.00
1682.67
96.10
0.00
0.00
0.00
120.81
1713.59
641.17
0.00
123.28
348.55
0.00
0.00
122.96
0.00
936.85
0.00
98.22
0.00
0.00
0.00
129.09
0.00
0.00
0.00
137.16
1803.21
468.54
0.00
84.44
1880.20
1854.88
0.00
98.53
0.00
0.00
0.00
0.00
0.00
0.00
0.00
0.00
0.00
0.00
0.00
0.00
0.00
0.00
0.00
0.00
0.00
0.00
0.00
0.00
0.00
0.00
0.00
0.00
0.00
0.00
0.00
0.00
0.00
0.00
0.00
0.00
0.00
0.00
0.00
0.00
0.00
0.00
0.00
0.00
0.00
0.00
0.00
0.00
0.00
0.00
0.00
0.00
0.00
0.00
0.00
0.00
0.00
0.00
0.00
0.00
0.00
0.00
0.00
0.00
0.00
0.00
0.00
0.00
0.00
0.00
1307.16
0.00
252.74
0.00
0.00
0.00
181.08
0.00
0.00
1685.61
106.05
0.00
770.20
0.00
117.02
0.00
906.35
0.00
127.60
0.00
0.00
0.00
175.01
0.00
0.00
0.00
179.76
0.00
0.00
0.00
179.13
0.00
0.00
0.00
131.68
0.00
0.00
0.00
190.90
262.35
0.00
1518.33
206.39
0.00
0.00
0.00
105.25
0.00
0.00
0.00
132.28
1051.60
683.11
0.00
0.00
0.00
0.00
0.00
0.00
0.00
0.00
0.00
0.00
0.00
0.00
0.00
0.00
0.00
0.00
0.00
0.00
0.00
0.00
0.00
0.00
0.00
0.00
0.00
0.00
0.00
0.00
0.00
0.00
0.00
0.00
0.00
0.00
0.00
0.00
0.00
0.00
0.00
0.00
0.00
0.00
0.00
0.00
0.00
0.00
0.00
0.00
0.00
0.00
0.00
0.00
0.00
0.00
0.00
0.00
0.00
0.00
0.00
0.00
0.00
0.00
0.00
0.00
0.00
0.00
0.00
0.00
0.00
0.00
1547.53
0.00
1318.43
0.00
1108.74
0.00
0.00
1911.61
649.38
485.14
0.00
0.00
716.51
1471.77
746.88
358.49
781.32
0.00
0.00
0.00
1071.61
742.36
0.00
0.00
1100.68
0.00
0.00
424.66
1096.85
1602.42
0.00
1388.29
806.27
0.00
0.00
0.00
1168.92
0.00
0.00
0.00
1263.71
0.00
1182.27
325.94
644.43
782.71
0.00
0.00
809.94
0.00
0.00
0.00
0.00
0.00
0.00
0.00
0.00
0.00
0.00
0.00
0.00
0.00
0.00
0.00
0.00
0.00
0.00
0.00
0.00
0.00
0.00
0.00
0.00
0.00
0.00
0.00
0.00
0.00
0.00
0.00
0.00
0.00
0.00
0.00
0.00
0.00
0.00
0.00
0.00
0.00
0.00
0.00
0.00
0.00
0.00
0.00
0.00
0.00
0.00
0.00
0.00
0.00
0.00
0.00
0.00
0.00
0.00
0.00
0.00
0.00
0.00
0.00
0.00
0.00
0.00
0.00
0.00
0.00
1010.34
597.68
0.00
1129.29
0.00
862.24
0.00
809.09
0.00
1118.97
0.00
473.87
0.00
0.00
1660.48
522.86
0.00
0.00
0.00
570.16
932.48
0.00
0.00
781.99
0.00
0.00
0.00
803.20
429.23
664.92
0.00
800.41
0.00
691.04
0.00
588.37
0.00
0.00
0.00
853.00
0.00
0.00
1358.76
922.17
0.00
1789.38
1176.98
470.26
0.00
0.00
0.00
591.04
593.46
0.00
0.00
0.00
0.00
0.00
0.00
0.00
0.00
0.00
0.00
0.00
0.00
0.00
0.00
0.00
0.00
0.00
0.00
0.00
0.00
0.00
0.00
0.00
0.00
0.00
0.00
0.00
0.00
0.00
0.00
0.00
0.00
0.00
0.00
0.00
0.00
0.00
0.00
0.00
0.00
0.00
0.00
0.00
0.00
0.00
0.00
0.00
0.00
0.00
0.00
0.00
0.00
0.00
0.00
0.00
0.00
0.00
0.00
0.00
0.00
0.00
0.00
0.00
0.00
0.00
0.00
0.00
0.00
0.00
0.00
0.00
131.74
0.00
773.28
748.01
94.38
0.00
1347.09
0.00
55.28
0.00
0.00
0.00
60.99
0.00
0.00
0.00
66.51
0.00
0.00
0.00
91.22
0.00
1459.78
0.00
93.70
0.00
0.00
0.00
93.37
0.00
0.00
0.00
68.64
0.00
0.00
0.00
99.51
1904.07
0.00
0.00
107.58
0.00
493.42
0.00
54.86
0.00
0.00
1212.25
68.95
0.00
0.00
0.00
0.00
0.00
0.00
0.00
0.00
0.00
0.00
0.00
0.00
0.00
0.00
0.00
0.00
0.00
0.00
0.00
0.00
0.00
0.00
0.00
0.00
0.00
0.00
0.00
0.00
0.00
0.00
0.00
0.00
0.00
0.00
0.00
0.00
0.00
0.00
0.00
0.00
0.00
0.00
0.00
0.00
0.00
0.00
0.00
0.00
0.00
0.00
0.00
0.00
0.00
0.00
0.00
0.00
0.00
0.00
0.00
0.00
0.00
0.00
0.00
0.00
0.00
0.00
0.00
0.00
0.00
1331.93
0.00
0.00
244.50
0.00
1162.35
0.00
169.48
0.00
0.00
0.00
180.45
0.00
0.00
0.00
191.03
0.00
0.00
699.31
238.44
0.00
0.00
0.00
243.19
0.00
0.00
0.00
242.56
0.00
0.00
0.00
195.11
0.00
0.00
362.25
254.33
0.00
1889.77
0.00
269.81
0.00
0.00
0.00
168.68
0.00
1344.68
0.00
195.71
0.00
0.00
0.00
0.00
0.00
0.00
0.00
0.00
0.00
0.00
0.00
0.00
0.00
0.00
0.00
0.00
0.00
0.00
0.00
0.00
0.00
0.00
0.00
0.00
0.00
0.00
0.00
0.00
0.00
0.00
0.00
0.00
0.00
0.00
0.00
0.00
0.00
0.00
0.00
0.00
0.00
0.00
0.00
0.00
0.00
0.00
0.00
0.00
0.00
0.00
0.00
0.00
0.00
0.00
0.00
0.00
0.00
0.00
0.00
0.00
0.00
0.00
0.00
0.00
0.00
0.00
0.00
0.00
0.00
0.00
0.00
0.00
0.00
617.36
0.00
0.00
1497.11
0.00
1844.75
0.00
1037.75
0.00
0.00
0.00
1104.89
0.00
0.00
1855.04
1169.70
0.00
0.00
704.77
1459.99
0.00
0.00
0.00
1489.05
206.13
0.00
0.00
1485.22
0.00
0.00
0.00
1194.65
1305.77
0.00
0.00
1557.29
1124.12
0.00
1310.71
1652.08
0.00
775.53
1657.13
1032.81
125.22
150.17
0.00
1198.31
796.29
466.96
0.00
0.00
0.00
0.00
0.00
0.00
0.00
0.00
0.00
0.00
0.00
0.00
0.00
0.00
0.00
0.00
0.00
0.00
0.00
0.00
0.00
0.00
0.00
0.00
0.00
0.00
0.00
0.00
0.00
0.00
0.00
0.00
0.00
0.00
0.00
0.00
0.00
0.00
0.00
0.00
0.00
0.00
0.00
0.00
0.00
0.00
0.00
0.00
0.00
0.00
0.00
0.00
0.00
0.00
0.00
0.00
0.00
0.00
0.00
0.00
0.00
0.00
0.00
0.00
0.00
0.00
0.00
0.00
0.00
0.00
0.00
17.03
0.00
0.00
1092.50
0.00
1792.67
0.00
757.29
0.00
0.00
1462.09
806.27
0.00
0.00
0.00
853.57
1672.51
432.76
1619.68
1065.40
0.00
245.25
0.00
1086.62
1406.87
0.00
0.00
1083.82
0.00
0.00
0.00
871.78
0.00
636.65
1341.93
1136.41
1691.88
0.00
0.00
1205.58
0.00
751.57
1388.37
753.68
0.00
0.00
0.00
874.45
0.00
0.00
0.00
0.00
0.00
0.00
0.00
0.00
0.00
0.00
0.00
0.00
0.00
0.00
0.00
0.00
0.00
0.00
0.00
0.00
0.00
0.00
0.00
0.00
0.00
0.00
0.00
0.00
0.00
0.00
0.00
0.00
0.00
0.00
0.00
0.00
0.00
0.00
0.00
0.00
0.00
0.00
0.00
0.00
0.00
0.00
0.00
0.00
0.00
0.00
0.00
0.00
0.00
0.00
0.00
0.00
0.00
0.00
0.00
0.00
0.00
0.00
0.00
0.00
0.00
0.00
0.00
0.00
0.00
0.00
0.00
0.00
0.00
0.00
0.00
970.32
127.45
0.00
0.00
0.00
88.34
1651.57
0.00
0.00
94.06
0.00
0.00
0.00
99.57
0.00
0.00
4.42
124.29
876.56
1607.21
0.00
126.76
0.00
985.03
0.00
126.43
0.00
0.00
267.28
101.70
0.00
0.00
0.00
132.57
0.00
50.97
167.47
140.64
0.00
0.00
0.00
87.92
0.00
0.00
1836.85
102.01
0.00
0.00
0.00
0.00
0.00
0.00
0.00
0.00
0.00
0.00
0.00
0.00
0.00
0.00
0.00
0.00
0.00
0.00
0.00
0.00
0.00
0.00
0.00
0.00
0.00
0.00
0.00
0.00
0.00
0.00
0.00
0.00
0.00
0.00
0.00
0.00
0.00
0.00
0.00
0.00
0.00
0.00
0.00
0.00
0.00
0.00
0.00
0.00
0.00
0.00
0.00
0.00
0.00
0.00
0.00
0.00
0.00
0.00
0.00
0.00
0.00
0.00
0.00
0.00
0.00
0.00
0.00
0.00
0.00
0.00
0.00
0.00
0.00
0.00
0.00
1206.22
97.82
0.00
0.00
0.00
108.78
0.00
0.00
0.00
119.37
310.20
0.00
0.00
166.78
0.00
0.00
0.00
171.53
258.16
1098.34
0.00
170.90
0.00
0.00
0.00
123.44
0.00
0.00
0.00
182.67
0.00
0.00
0.00
198.15
0.00
0.00
0.00
97.01
68.11
0.00
0.00
124.04
0.00
0.00
0.00
0.00
0.00
0.00
0.00
0.00
0.00
0.00
0.00
0.00
0.00
0.00
0.00
0.00
0.00
0.00
0.00
0.00
0.00
0.00
0.00
0.00
0.00
0.00
0.00
0.00
0.00
0.00
0.00
0.00
0.00
0.00
0.00
0.00
0.00
0.00
0.00
0.00
0.00
0.00
0.00
0.00
0.00
0.00
0.00
0.00
0.00
0.00
0.00
0.00
0.00
0.00
0.00
0.00
0.00
0.00
0.00
0.00
0.00
0.00
0.00
0.00
0.00
0.00
0.00
0.00
0.00
0.00
0.00
0.00
0.00
0.00
0.00
0.00
0.00
0.00
1073.88
0.00
598.96
0.00
0.00
0.00
666.09
0.00
462.76
31.27
730.90
0.00
0.00
375.85
1021.19
0.00
0.00
0.00
1050.26
445.61
503.69
527.73
1046.43
0.00
918.96
0.00
755.85
894.38
0.00
772.37
1118.49
0.00
0.00
514.10
1213.28
0.00
0.00
0.00
594.01
0.00
0.00
0.00
759.52
0.00
651.85
0.00
0.00
0.00
0.00
0.00
0.00
0.00
0.00
0.00
0.00
0.00
0.00
0.00
0.00
0.00
0.00
0.00
0.00
0.00
0.00
0.00
0.00
0.00
0.00
0.00
0.00
0.00
0.00
0.00
0.00
0.00
0.00
0.00
0.00
0.00
0.00
0.00
0.00
0.00
0.00
0.00
0.00
0.00
0.00
0.00
0.00
0.00
0.00
0.00
0.00
0.00
0.00
0.00
0.00
0.00
0.00
0.00
0.00
0.00
0.00
0.00
0.00
0.00
0.00
0.00
0.00
0.00
0.00
0.00
0.00
0.00
0.00
0.00
0.00
0.00
0.00
0.00
0.00
437.08
0.00
0.00
0.00
486.07
0.00
0.00
0.00
533.37
1416.71
0.00
0.00
745.20
0.00
0.00
524.69
766.41
779.36
1701.11
0.00
763.61
0.00
0.00
0.00
551.57
0.00
0.00
0.00
816.21
1680.42
0.00
0.00
885.38
0.00
1795.95
1029.23
433.47
0.00
0.00
0.00
554.25
0.00
0.00
0.00
0.00
0.00
0.00
0.00
0.00
0.00
0.00
0.00
0.00
0.00
0.00
0.00
0.00
0.00
0.00
0.00
0.00
0.00
0.00
0.00
0.00
0.00
0.00
0.00
0.00
0.00
0.00
0.00
0.00
0.00
0.00
0.00
0.00
0.00
0.00
0.00
0.00
0.00
0.00
0.00
0.00
0.00
0.00
0.00
0.00
0.00
0.00
0.00
0.00
0.00
0.00
0.00
0.00
0.00
0.00
0.00
0.00
0.00
0.00
0.00
0.00
0.00
0.00
0.00
0.00
0.00
0.00
0.00
0.00
0.00
0.00
0.00
0.00
0.00
1922.76
132.10
0.00
50.99
1250.59
0.00
674.43
56.70
0.00
0.00
0.00
62.22
0.00
0.00
0.00
86.93
0.00
0.00
0.00
89.41
0.00
0.00
1684.48
89.08
1689.25
0.00
0.00
64.34
0.00
0.00
0.00
95.22
0.00
1846.49
181.09
103.28
0.00
0.00
0.00
50.57
1258.04
0.00
0.00
64.66
0.00
0.00
0.00
0.00
0.00
0.00
0.00
0.00
0.00
0.00
0.00
0.00
0.00
0.00
0.00
0.00
0.00
0.00
0.00
0.00
0.00
0.00
0.00
0.00
0.00
0.00
0.00
0.00
0.00
0.00
0.00
0.00
0.00
0.00
0.00
0.00
0.00
0.00
0.00
0.00
0.00
0.00
0.00
0.00
0.00
0.00
0.00
0.00
0.00
0.00
0.00
0.00
0.00
0.00
0.00
0.00
0.00
0.00
0.00
0.00
0.00
0.00
0.00
0.00
0.00
0.00
0.00
0.00
0.00
0.00
0.00
0.00
0.00
0.00
0.00
0.00
0.00
0.00
981.44
0.00
33.76
0.00
0.00
0.00
44.35
0.00
0.00
136.03
91.76
0.00
0.00
0.00
96.50
0.00
0.00
0.00
95.88
1621.78
0.00
0.00
48.42
0.00
1699.73
0.00
107.65
1509.50
0.00
0.00
123.13
0.00
0.00
0.00
21.99
0.00
0.00
99.55
49.02
0.00
0.00
1810.70
0.00
0.00
0.00
0.00
0.00
0.00
0.00
0.00
0.00
0.00
0.00
0.00
0.00
0.00
0.00
0.00
0.00
0.00
0.00
0.00
0.00
0.00
0.00
0.00
0.00
0.00
0.00
0.00
0.00
0.00
0.00
0.00
0.00
0.00
0.00
0.00
0.00
0.00
0.00
0.00
0.00
0.00
0.00
0.00
0.00
0.00
0.00
0.00
0.00
0.00
0.00
0.00
0.00
0.00
0.00
0.00
0.00
0.00
0.00
0.00
0.00
0.00
0.00
0.00
0.00
0.00
0.00
0.00
0.00
0.00
0.00
0.00
0.00
0.00
0.00
0.00
0.00
0.00
0.00
670.47
0.00
206.73
1458.95
0.00
0.00
271.54
0.00
0.00
0.00
561.83
0.00
0.00
0.00
590.90
896.35
0.00
0.00
587.06
0.00
0.00
302.71
296.49
1187.66
720.37
0.00
659.13
0.00
0.00
0.00
753.92
75.78
902.98
0.00
134.65
567.97
0.00
0.00
300.16
0.00
1310.78
0.00
0.00
0.00
0.00
0.00
0.00
0.00
0.00
0.00
0.00
0.00
0.00
0.00
0.00
0.00
0.00
0.00
0.00
0.00
0.00
0.00
0.00
0.00
0.00
0.00
0.00
0.00
0.00
0.00
0.00
0.00
0.00
0.00
0.00
0.00
0.00
0.00
0.00
0.00
0.00
0.00
0.00
0.00
0.00
0.00
0.00
0.00
0.00
0.00
0.00
0.00
0.00
0.00
0.00
0.00
0.00
0.00
0.00
0.00
0.00
0.00
0.00
0.00
0.00
0.00
0.00
0.00
0.00
0.00
0.00
0.00
0.00
0.00
0.00
0.00
0.00
0.00
0.00
0.00
1881.02
1908.29
0.00
150.86
1014.32
0.00
431.80
198.15
83.53
0.00
0.00
409.99
0.00
939.72
0.00
431.20
0.00
0.00
0.00
428.40
0.00
0.00
0.00
216.36
239.21
0.00
0.00
480.99
0.00
0.00
0.00
550.16
0.00
0.00
680.06
98.26
0.00
0.00
0.00
219.03
661.06
0.00
0.00
0.00
0.00
0.00
0.00
0.00
0.00
0.00
0.00
0.00
0.00
0.00
0.00
0.00
0.00
0.00
0.00
0.00
0.00
0.00
0.00
0.00
0.00
0.00
0.00
0.00
0.00
0.00
0.00
0.00
0.00
0.00
0.00
0.00
0.00
0.00
0.00
0.00
0.00
0.00
0.00
0.00
0.00
0.00
0.00
0.00
0.00
0.00
0.00
0.00
0.00
0.00
0.00
0.00
0.00
0.00
0.00
0.00
0.00
0.00
0.00
0.00
0.00
0.00
0.00
0.00
0.00
0.00
0.00
0.00
0.00
0.00
0.00
0.00
0.00
0.00
0.00
0.00
0.00
0.00
302.94
746.03
17.60
1360.57
0.00
0.00
23.12
973.24
0.00
0.00
47.83
979.59
0.00
83.82
50.30
0.00
0.00
0.00
49.98
0.00
0.00
526.04
25.24
0.00
0.00
1504.22
56.11
0.00
0.00
528.34
64.18
0.00
646.23
0.00
11.46
0.00
0.00
0.00
25.55
0.00
0.00
0.00
0.00
0.00
0.00
0.00
0.00
0.00
0.00
0.00
0.00
0.00
0.00
0.00
0.00
0.00
0.00
0.00
0.00
0.00
0.00
0.00
0.00
0.00
0.00
0.00
0.00
0.00
0.00
0.00
0.00
0.00
0.00
0.00
0.00
0.00
0.00
0.00
0.00
0.00
0.00
0.00
0.00
0.00
0.00
0.00
0.00
0.00
0.00
0.00
0.00
0.00
0.00
0.00
0.00
0.00
0.00
0.00
0.00
0.00
0.00
0.00
0.00
0.00
0.00
0.00
0.00
0.00
0.00
0.00
0.00
0.00
0.00
0.00
0.00
0.00
0.00
0.00
0.00
0.00
0.00
0.00
0.00
55.31
0.00
0.00
0.00
102.72
0.00
0.00
0.00
107.47
0.00
0.00
0.00
106.84
408.66
1853.74
0.00
59.39
0.00
0.00
0.00
118.61
303.85
0.00
0.00
134.09
1896.98
0.00
0.00
32.95
0.00
0.00
0.00
59.98
1608.84
0.00
0.00
0.00
0.00
0.00
0.00
0.00
0.00
0.00
0.00
0.00
0.00
0.00
0.00
0.00
0.00
0.00
0.00
0.00
0.00
0.00
0.00
0.00
0.00
0.00
0.00
0.00
0.00
0.00
0.00
0.00
0.00
0.00
0.00
0.00
0.00
0.00
0.00
0.00
0.00
0.00
0.00
0.00
0.00
0.00
0.00
0.00
0.00
0.00
0.00
0.00
0.00
0.00
0.00
0.00
0.00
0.00
0.00
0.00
0.00
0.00
0.00
0.00
0.00
0.00
0.00
0.00
0.00
0.00
0.00
0.00
0.00
0.00
0.00
0.00
0.00
0.00
0.00
0.00
0.00
0.00
0.00
0.00
0.00
1383.78
0.00
177.76
338.68
0.00
0.00
0.00
628.96
362.36
0.00
0.00
658.03
0.00
0.00
0.00
654.20
0.00
0.00
0.00
363.62
0.00
0.00
0.00
726.27
0.00
0.00
1649.40
821.06
0.00
0.00
0.00
201.78
0.00
0.00
0.00
367.29
0.00
0.00
0.00
0.00
0.00
0.00
0.00
0.00
0.00
0.00
0.00
0.00
0.00
0.00
0.00
0.00
0.00
0.00
0.00
0.00
0.00
0.00
0.00
0.00
0.00
0.00
0.00
0.00
0.00
0.00
0.00
0.00
0.00
0.00
0.00
0.00
0.00
0.00
0.00
0.00
0.00
0.00
0.00
0.00
0.00
0.00
0.00
0.00
0.00
0.00
0.00
0.00
0.00
0.00
0.00
0.00
0.00
0.00
0.00
0.00
0.00
0.00
0.00
0.00
0.00
0.00
0.00
0.00
0.00
0.00
0.00
0.00
0.00
0.00
0.00
0.00
0.00
0.00
0.00
0.00
0.00
0.00
0.00
0.00
0.00
887.21
0.00
943.07
247.14
0.00
407.97
0.00
458.98
0.00
0.00
0.00
480.19
0.00
888.63
0.00
477.39
0.00
0.00
0.00
265.35
0.00
0.00
0.00
529.98
0.00
550.94
183.64
599.15
0.00
0.00
0.00
147.25
0.00
0.00
0.00
268.02
0.00
0.00
0.00
0.00
0.00
0.00
0.00
0.00
0.00
0.00
0.00
0.00
0.00
0.00
0.00
0.00
0.00
0.00
0.00
0.00
0.00
0.00
0.00
0.00
0.00
0.00
0.00
0.00
0.00
0.00
0.00
0.00
0.00
0.00
0.00
0.00
0.00
0.00
0.00
0.00
0.00
0.00
0.00
0.00
0.00
0.00
0.00
0.00
0.00
0.00
0.00
0.00
0.00
0.00
0.00
0.00
0.00
0.00
0.00
0.00
0.00
0.00
0.00
0.00
0.00
0.00
0.00
0.00
0.00
0.00
0.00
0.00
0.00
0.00
0.00
0.00
0.00
0.00
0.00
0.00
0.00
0.00
0.00
0.00
0.00
0.00
0.00
0.00
28.83
0.00
1362.54
1365.35
53.54
0.00
0.00
0.00
56.02
38.53
0.00
0.00
55.69
922.56
0.00
0.00
30.95
0.00
0.00
598.12
61.83
0.00
0.00
0.00
69.89
1577.81
0.00
0.00
17.18
0.00
1751.69
0.00
31.27
0.00
0.00
0.00
0.00
0.00
0.00
0.00
0.00
0.00
0.00
0.00
0.00
0.00
0.00
0.00
0.00
0.00
0.00
0.00
0.00
0.00
0.00
0.00
0.00
0.00
0.00
0.00
0.00
0.00
0.00
0.00
0.00
0.00
0.00
0.00
0.00
0.00
0.00
0.00
0.00
0.00
0.00
0.00
0.00
0.00
0.00
0.00
0.00
0.00
0.00
0.00
0.00
0.00
0.00
0.00
0.00
0.00
0.00
0.00
0.00
0.00
0.00
0.00
0.00
0.00
0.00
0.00
0.00
0.00
0.00
0.00
0.00
0.00
0.00
0.00
0.00
0.00
0.00
0.00
0.00
0.00
0.00
0.00
0.00
0.00
923.78
0.00
476.61
113.31
0.00
0.00
0.00
118.05
0.00
0.00
0.00
117.43
0.00
0.00
0.00
69.97
0.00
0.00
663.60
129.20
0.00
0.00
0.00
144.68
0.00
0.00
0.00
43.54
0.00
0.00
0.00
70.57
614.14
0.00
0.00
0.00
0.00
0.00
0.00
0.00
0.00
0.00
0.00
0.00
0.00
0.00
0.00
0.00
0.00
0.00
0.00
0.00
0.00
0.00
0.00
0.00
0.00
0.00
0.00
0.00
0.00
0.00
0.00
0.00
0.00
0.00
0.00
0.00
0.00
0.00
0.00
0.00
0.00
0.00
0.00
0.00
0.00
0.00
0.00
0.00
0.00
0.00
0.00
0.00
0.00
0.00
0.00
0.00
0.00
0.00
0.00
0.00
0.00
0.00
0.00
0.00
0.00
0.00
0.00
0.00
0.00
0.00
0.00
0.00
0.00
0.00
0.00
0.00
0.00
0.00
0.00
0.00
0.00
0.00
0.00
0.00
0.00
0.00
0.00
0.00
0.00
0.00
1014.66
0.00
693.78
0.00
0.00
0.00
722.84
0.00
0.00
0.00
719.01
0.00
0.00
803.32
428.44
0.00
0.00
0.00
791.08
711.55
0.00
1820.52
885.87
0.00
0.00
0.00
266.60
1759.86
0.00
977.12
432.10
0.00
0.00
0.00
0.00
0.00
0.00
0.00
0.00
0.00
0.00
0.00
0.00
0.00
0.00
0.00
0.00
0.00
0.00
0.00
0.00
0.00
0.00
0.00
0.00
0.00
0.00
0.00
0.00
0.00
0.00
0.00
0.00
0.00
0.00
0.00
0.00
0.00
0.00
0.00
0.00
0.00
0.00
0.00
0.00
0.00
0.00
0.00
0.00
0.00
0.00
0.00
0.00
0.00
0.00
0.00
0.00
0.00
0.00
0.00
0.00
0.00
0.00
0.00
0.00
0.00
0.00
0.00
0.00
0.00
0.00
0.00
0.00
0.00
0.00
0.00
0.00
0.00
0.00
0.00
0.00
0.00
0.00
0.00
0.00
0.00
0.00
0.00
0.00
0.00
1871.12
1415.28
0.00
506.27
0.00
0.00
0.00
527.48
1117.15
1001.61
345.72
524.69
0.00
0.00
1295.58
312.65
1212.38
0.00
0.00
577.28
708.62
1844.42
0.00
646.45
0.00
84.30
0.00
194.54
0.00
0.00
0.00
315.32
0.00
0.00
0.00
0.00
0.00
0.00
0.00
0.00
0.00
0.00
0.00
0.00
0.00
0.00
0.00
0.00
0.00
0.00
0.00
0.00
0.00
0.00
0.00
0.00
0.00
0.00
0.00
0.00
0.00
0.00
0.00
0.00
0.00
0.00
0.00
0.00
0.00
0.00
0.00
0.00
0.00
0.00
0.00
0.00
0.00
0.00
0.00
0.00
0.00
0.00
0.00
0.00
0.00
0.00
0.00
0.00
0.00
0.00
0.00
0.00
0.00
0.00
0.00
0.00
0.00
0.00
0.00
0.00
0.00
0.00
0.00
0.00
0.00
0.00
0.00
0.00
0.00
0.00
0.00
0.00
0.00
0.00
0.00
0.00
0.00
0.00
0.00
0.00
0.00
0.00
955.20
26.21
59.06
0.00
0.00
0.00
61.53
1162.82
0.00
0.00
61.21
0.00
0.00
276.63
36.47
0.00
0.00
10.51
67.34
0.00
43.95
0.00
75.41
0.00
0.00
0.00
22.69
0.00
1155.72
0.00
36.78
0.00
0.00
0.00
0.00
0.00
0.00
0.00
0.00
0.00
0.00
0.00
0.00
0.00
0.00
0.00
0.00
0.00
0.00
0.00
0.00
0.00
0.00
0.00
0.00
0.00
0.00
0.00
0.00
0.00
0.00
0.00
0.00
0.00
0.00
0.00
0.00
0.00
0.00
0.00
0.00
0.00
0.00
0.00
0.00
0.00
0.00
0.00
0.00
0.00
0.00
0.00
0.00
0.00
0.00
0.00
0.00
0.00
0.00
0.00
0.00
0.00
0.00
0.00
0.00
0.00
0.00
0.00
0.00
0.00
0.00
0.00
0.00
0.00
0.00
0.00
0.00
0.00
0.00
0.00
0.00
0.00
0.00
0.00
0.00
0.00
0.00
0.00
0.00
0.00
0.00
0.00
0.00
165.46
240.74
0.00
0.00
164.84
214.81
0.00
0.00
117.38
980.65
0.00
0.00
176.61
0.00
0.00
0.00
192.09
0.00
745.26
0.00
90.95
0.00
0.00
0.00
117.98
0.00
0.00
0.00
0.00
0.00
0.00
0.00
0.00
0.00
0.00
0.00
0.00
0.00
0.00
0.00
0.00
0.00
0.00
0.00
0.00
0.00
0.00
0.00
0.00
0.00
0.00
0.00
0.00
0.00
0.00
0.00
0.00
0.00
0.00
0.00
0.00
0.00
0.00
0.00
0.00
0.00
0.00
0.00
0.00
0.00
0.00
0.00
0.00
0.00
0.00
0.00
0.00
0.00
0.00
0.00
0.00
0.00
0.00
0.00
0.00
0.00
0.00
0.00
0.00
0.00
0.00
0.00
0.00
0.00
0.00
0.00
0.00
0.00
0.00
0.00
0.00
0.00
0.00
0.00
0.00
0.00
0.00
0.00
0.00
0.00
0.00
0.00
0.00
0.00
0.00
0.00
0.00
0.00
0.00
0.00
1761.76
1013.13
0.00
0.00
0.00
1009.30
1027.18
0.00
0.00
718.72
0.00
0.00
169.57
1081.37
0.00
0.00
0.00
1176.16
724.95
0.00
1830.58
556.88
1747.31
0.00
0.00
722.39
764.55
204.11
0.00
0.00
0.00
0.00
0.00
0.00
0.00
0.00
0.00
0.00
0.00
0.00
0.00
0.00
0.00
0.00
0.00
0.00
0.00
0.00
0.00
0.00
0.00
0.00
0.00
0.00
0.00
0.00
0.00
0.00
0.00
0.00
0.00
0.00
0.00
0.00
0.00
0.00
0.00
0.00
0.00
0.00
0.00
0.00
0.00
0.00
0.00
0.00
0.00
0.00
0.00
0.00
0.00
0.00
0.00
0.00
0.00
0.00
0.00
0.00
0.00
0.00
0.00
0.00
0.00
0.00
0.00
0.00
0.00
0.00
0.00
0.00
0.00
0.00
0.00
0.00
0.00
0.00
0.00
0.00
0.00
0.00
0.00
0.00
0.00
0.00
0.00
0.00
0.00
0.00
0.00
0.00
1094.45
1139.76
739.32
1102.26
1801.52
0.00
736.52
0.00
0.00
0.00
524.48
0.00
0.00
0.00
789.11
0.00
0.00
1308.59
858.28
0.00
0.00
1681.92
406.38
0.00
1137.43
0.00
527.15
0.00
0.00
0.00
0.00
0.00
0.00
0.00
0.00
0.00
0.00
0.00
0.00
0.00
0.00
0.00
0.00
0.00
0.00
0.00
0.00
0.00
0.00
0.00
0.00
0.00
0.00
0.00
0.00
0.00
0.00
0.00
0.00
0.00
0.00
0.00
0.00
0.00
0.00
0.00
0.00
0.00
0.00
0.00
0.00
0.00
0.00
0.00
0.00
0.00
0.00
0.00
0.00
0.00
0.00
0.00
0.00
0.00
0.00
0.00
0.00
0.00
0.00
0.00
0.00
0.00
0.00
0.00
0.00
0.00
0.00
0.00
0.00
0.00
0.00
0.00
0.00
0.00
0.00
0.00
0.00
0.00
0.00
0.00
0.00
0.00
0.00
0.00
0.00
0.00
0.00
0.00
0.00
0.00
0.00
0.00
0.00
86.25
0.00
0.00
0.00
85.92
0.00
0.00
332.04
61.18
0.00
1873.00
0.00
92.05
0.00
0.00
1583.98
100.12
0.00
436.34
0.00
47.41
0.00
0.00
1555.48
61.50
0.00
0.00
0.00
0.00
0.00
0.00
0.00
0.00
0.00
0.00
0.00
0.00
0.00
0.00
0.00
0.00
0.00
0.00
0.00
0.00
0.00
0.00
0.00
0.00
0.00
0.00
0.00
0.00
0.00
0.00
0.00
0.00
0.00
0.00
0.00
0.00
0.00
0.00
0.00
0.00
0.00
0.00
0.00
0.00
0.00
0.00
0.00
0.00
0.00
0.00
0.00
0.00
0.00
0.00
0.00
0.00
0.00
0.00
0.00
0.00
0.00
0.00
0.00
0.00
0.00
0.00
0.00
0.00
0.00
0.00
0.00
0.00
0.00
0.00
0.00
0.00
0.00
0.00
0.00
0.00
0.00
0.00
0.00
0.00
0.00
0.00
0.00
0.00
0.00
0.00
0.00
0.00
0.00
0.00
0.00
1876.96
169.58
0.00
0.00
0.00
122.13
0.00
0.00
0.00
181.35
0.00
0.00
0.00
196.83
0.00
1624.10
0.00
95.70
0.00
0.00
0.00
122.73
0.00
0.00
0.00
0.00
0.00
0.00
0.00
0.00
0.00
0.00
0.00
0.00
0.00
0.00
0.00
0.00
0.00
0.00
0.00
0.00
0.00
0.00
0.00
0.00
0.00
0.00
0.00
0.00
0.00
0.00
0.00
0.00
0.00
0.00
0.00
0.00
0.00
0.00
0.00
0.00
0.00
0.00
0.00
0.00
0.00
0.00
0.00
0.00
0.00
0.00
0.00
0.00
0.00
0.00
0.00
0.00
0.00
0.00
0.00
0.00
0.00
0.00
0.00
0.00
0.00
0.00
0.00
0.00
0.00
0.00
0.00
0.00
0.00
0.00
0.00
0.00
0.00
0.00
0.00
0.00
0.00
0.00
0.00
0.00
0.00
0.00
0.00
0.00
0.00
0.00
0.00
0.00
0.00
0.00
0.00
0.00
0.00
0.00
0.00
0.00
1038.37
0.00
0.00
0.00
747.79
878.75
0.00
0.00
1110.44
0.00
0.00
0.00
1205.22
0.00
0.00
0.00
585.95
265.68
0.00
0.00
751.46
1492.13
0.00
0.00
0.00
0.00
0.00
0.00
0.00
0.00
0.00
0.00
0.00
0.00
0.00
0.00
0.00
0.00
0.00
0.00
0.00
0.00
0.00
0.00
0.00
0.00
0.00
0.00
0.00
0.00
0.00
0.00
0.00
0.00
0.00
0.00
0.00
0.00
0.00
0.00
0.00
0.00
0.00
0.00
0.00
0.00
0.00
0.00
0.00
0.00
0.00
0.00
0.00
0.00
0.00
0.00
0.00
0.00
0.00
0.00
0.00
0.00
0.00
0.00
0.00
0.00
0.00
0.00
0.00
0.00
0.00
0.00
0.00
0.00
0.00
0.00
0.00
0.00
0.00
0.00
0.00
0.00
0.00
0.00
0.00
0.00
0.00
0.00
0.00
0.00
0.00
0.00
0.00
0.00
0.00
0.00
0.00
0.00
0.00
0.00
0.00
757.73
0.00
0.00
40.63
545.69
183.57
0.00
0.00
810.32
0.00
0.00
0.00
879.50
1119.33
0.00
45.27
427.59
0.00
0.00
0.00
548.37
0.00
0.00
0.00
0.00
0.00
0.00
0.00
0.00
0.00
0.00
0.00
0.00
0.00
0.00
0.00
0.00
0.00
0.00
0.00
0.00
0.00
0.00
0.00
0.00
0.00
0.00
0.00
0.00
0.00
0.00
0.00
0.00
0.00
0.00
0.00
0.00
0.00
0.00
0.00
0.00
0.00
0.00
0.00
0.00
0.00
0.00
0.00
0.00
0.00
0.00
0.00
0.00
0.00
0.00
0.00
0.00
0.00
0.00
0.00
0.00
0.00
0.00
0.00
0.00
0.00
0.00
0.00
0.00
0.00
0.00
0.00
0.00
0.00
0.00
0.00
0.00
0.00
0.00
0.00
0.00
0.00
0.00
0.00
0.00
0.00
0.00
0.00
0.00
0.00
0.00
0.00
0.00
0.00
0.00
0.00
0.00
0.00
0.00
0.00
0.00
88.39
1664.89
0.00
0.00
63.66
0.00
895.18
0.00
94.53
0.00
0.00
0.00
102.60
0.00
0.00
0.00
49.88
0.00
0.00
0.00
63.97
0.00
0.00
0.00
0.00
0.00
0.00
0.00
0.00
0.00
0.00
0.00
0.00
0.00
0.00
0.00
0.00
0.00
0.00
0.00
0.00
0.00
0.00
0.00
0.00
0.00
0.00
0.00
0.00
0.00
0.00
0.00
0.00
0.00
0.00
0.00
0.00
0.00
0.00
0.00
0.00
0.00
0.00
0.00
0.00
0.00
0.00
0.00
0.00
0.00
0.00
0.00
0.00
0.00
0.00
0.00
0.00
0.00
0.00
0.00
0.00
0.00
0.00
0.00
0.00
0.00
0.00
0.00
0.00
0.00
0.00
0.00
0.00
0.00
0.00
0.00
0.00
0.00
0.00
0.00
0.00
0.00
0.00
0.00
0.00
0.00
0.00
0.00
0.00
0.00
0.00
0.00
0.00
0.00
0.00
0.00
0.00
0.00
866.10
0.00
0.00
121.50
0.00
0.00
0.00
180.73
0.00
1222.02
0.00
196.21
1605.11
0.00
0.00
95.07
0.00
0.00
0.00
122.10
0.00
0.00
1916.01
0.00
0.00
0.00
0.00
0.00
0.00
0.00
0.00
0.00
0.00
0.00
0.00
0.00
0.00
0.00
0.00
0.00
0.00
0.00
0.00
0.00
0.00
0.00
0.00
0.00
0.00
0.00
0.00
0.00
0.00
0.00
0.00
0.00
0.00
0.00
0.00
0.00
0.00
0.00
0.00
0.00
0.00
0.00
0.00
0.00
0.00
0.00
0.00
0.00
0.00
0.00
0.00
0.00
0.00
0.00
0.00
0.00
0.00
0.00
0.00
0.00
0.00
0.00
0.00
0.00
0.00
0.00
0.00
0.00
0.00
0.00
0.00
0.00
0.00
0.00
0.00
0.00
0.00
0.00
0.00
0.00
0.00
0.00
0.00
0.00
0.00
0.00
0.00
0.00
0.00
0.00
0.00
0.00
0.00
0.00
0.00
0.00
0.00
0.00
0.00
1929.30
743.96
0.00
0.00
0.00
1106.60
0.00
0.00
1508.51
1201.39
0.00
0.00
0.00
582.12
0.00
0.00
492.90
747.62
923.70
0.00
0.00
0.00
0.00
0.00
0.00
0.00
0.00
0.00
0.00
0.00
0.00
0.00
0.00
0.00
0.00
0.00
0.00
0.00
0.00
0.00
0.00
0.00
0.00
0.00
0.00
0.00
0.00
0.00
0.00
0.00
0.00
0.00
0.00
0.00
0.00
0.00
0.00
0.00
0.00
0.00
0.00
0.00
0.00
0.00
0.00
0.00
0.00
0.00
0.00
0.00
0.00
0.00
0.00
0.00
0.00
0.00
0.00
0.00
0.00
0.00
0.00
0.00
0.00
0.00
0.00
0.00
0.00
0.00
0.00
0.00
0.00
0.00
0.00
0.00
0.00
0.00
0.00
0.00
0.00
0.00
0.00
0.00
0.00
0.00
0.00
0.00
0.00
0.00
0.00
0.00
0.00
0.00
0.00
0.00
0.00
0.00
0.00
0.00
0.00
0.00
0.00
0.00
542.89
0.00
984.63
1328.55
807.53
0.00
1581.96
0.00
876.70
0.00
0.00
1192.86
424.79
0.00
0.00
0.00
545.57
1133.49
0.00
0.00
0.00
0.00
0.00
0.00
0.00
0.00
0.00
0.00
0.00
0.00
0.00
0.00
0.00
0.00
0.00
0.00
0.00
0.00
0.00
0.00
0.00
0.00
0.00
0.00
0.00
0.00
0.00
0.00
0.00
0.00
0.00
0.00
0.00
0.00
0.00
0.00
0.00
0.00
0.00
0.00
0.00
0.00
0.00
0.00
0.00
0.00
0.00
0.00
0.00
0.00
0.00
0.00
0.00
0.00
0.00
0.00
0.00
0.00
0.00
0.00
0.00
0.00
0.00
0.00
0.00
0.00
0.00
0.00
0.00
0.00
0.00
0.00
0.00
0.00
0.00
0.00
0.00
0.00
0.00
0.00
0.00
0.00
0.00
0.00
0.00
0.00
0.00
0.00
0.00
0.00
0.00
0.00
0.00
0.00
0.00
0.00
0.00
0.00
0.00
0.00
0.00
63.33
0.00
0.00
0.00
94.20
0.00
0.00
1221.05
102.27
0.00
0.00
0.00
49.55
0.00
1237.02
0.00
63.64
0.00
0.00
0.00
0.00
0.00
0.00
0.00
0.00
0.00
0.00
0.00
0.00
0.00
0.00
0.00
0.00
0.00
0.00
0.00
0.00
0.00
0.00
0.00
0.00
0.00
0.00
0.00
0.00
0.00
0.00
0.00
0.00
0.00
0.00
0.00
0.00
0.00
0.00
0.00
0.00
0.00
0.00
0.00
0.00
0.00
0.00
0.00
0.00
0.00
0.00
0.00
0.00
0.00
0.00
0.00
0.00
0.00
0.00
0.00
0.00
0.00
0.00
0.00
0.00
0.00
0.00
0.00
0.00
0.00
0.00
0.00
0.00
0.00
0.00
0.00
0.00
0.00
0.00
0.00
0.00
0.00
0.00
0.00
0.00
0.00
0.00
0.00
0.00
0.00
0.00
0.00
0.00
0.00
0.00
0.00
0.00
0.00
0.00
0.00
0.00
0.00
0.00
0.00
0.00
133.27
0.00
0.00
1523.71
148.75
0.00
0.00
0.00
47.61
0.00
1350.94
405.22
74.64
0.00
365.45
0.00
0.00
0.00
0.00
0.00
0.00
0.00
0.00
0.00
0.00
0.00
0.00
0.00
0.00
0.00
0.00
0.00
0.00
0.00
0.00
0.00
0.00
0.00
0.00
0.00
0.00
0.00
0.00
0.00
0.00
0.00
0.00
0.00
0.00
0.00
0.00
0.00
0.00
0.00
0.00
0.00
0.00
0.00
0.00
0.00
0.00
0.00
0.00
0.00
0.00
0.00
0.00
0.00
0.00
0.00
0.00
0.00
0.00
0.00
0.00
0.00
0.00
0.00
0.00
0.00
0.00
0.00
0.00
0.00
0.00
0.00
0.00
0.00
0.00
0.00
0.00
0.00
0.00
0.00
0.00
0.00
0.00
0.00
0.00
0.00
0.00
0.00
0.00
0.00
0.00
0.00
0.00
0.00
0.00
0.00
0.00
0.00
0.00
0.00
0.00
0.00
0.00
0.00
0.00
0.00
0.00
816.03
0.00
0.00
0.00
910.82
0.00
0.00
0.00
291.54
0.00
0.00
471.37
457.05
0.00
0.00
0.00
0.00
0.00
0.00
0.00
0.00
0.00
0.00
0.00
0.00
0.00
0.00
0.00
0.00
0.00
0.00
0.00
0.00
0.00
0.00
0.00
0.00
0.00
0.00
0.00
0.00
0.00
0.00
0.00
0.00
0.00
0.00
0.00
0.00
0.00
0.00
0.00
0.00
0.00
0.00
0.00
0.00
0.00
0.00
0.00
0.00
0.00
0.00
0.00
0.00
0.00
0.00
0.00
0.00
0.00
0.00
0.00
0.00
0.00
0.00
0.00
0.00
0.00
0.00
0.00
0.00
0.00
0.00
0.00
0.00
0.00
0.00
0.00
0.00
0.00
0.00
0.00
0.00
0.00
0.00
0.00
0.00
0.00
0.00
0.00
0.00
0.00
0.00
0.00
0.00
0.00
0.00
0.00
0.00
0.00
0.00
0.00
0.00
0.00
0.00
0.00
0.00
0.00
0.00
0.00
1342.63
595.49
1505.07
0.00
931.23
664.66
0.00
0.00
0.00
212.75
0.00
1242.99
0.00
333.53
0.00
0.00
0.00
0.00
0.00
0.00
0.00
0.00
0.00
0.00
0.00
0.00
0.00
0.00
0.00
0.00
0.00
0.00
0.00
0.00
0.00
0.00
0.00
0.00
0.00
0.00
0.00
0.00
0.00
0.00
0.00
0.00
0.00
0.00
0.00
0.00
0.00
0.00
0.00
0.00
0.00
0.00
0.00
0.00
0.00
0.00
0.00
0.00
0.00
0.00
0.00
0.00
0.00
0.00
0.00
0.00
0.00
0.00
0.00
0.00
0.00
0.00
0.00
0.00
0.00
0.00
0.00
0.00
0.00
0.00
0.00
0.00
0.00
0.00
0.00
0.00
0.00
0.00
0.00
0.00
0.00
0.00
0.00
0.00
0.00
0.00
0.00
0.00
0.00
0.00
0.00
0.00
0.00
0.00
0.00
0.00
0.00
0.00
0.00
0.00
0.00
0.00
0.00
0.00
0.00
0.00
0.00
1430.92
69.47
0.00
0.00
0.00
77.54
588.12
0.00
194.45
24.82
0.00
0.00
0.00
38.91
0.00
0.00
0.00
0.00
0.00
0.00
0.00
0.00
0.00
0.00
0.00
0.00
0.00
0.00
0.00
0.00
0.00
0.00
0.00
0.00
0.00
0.00
0.00
0.00
0.00
0.00
0.00
0.00
0.00
0.00
0.00
0.00
0.00
0.00
0.00
0.00
0.00
0.00
0.00
0.00
0.00
0.00
0.00
0.00
0.00
0.00
0.00
0.00
0.00
0.00
0.00
0.00
0.00
0.00
0.00
0.00
0.00
0.00
0.00
0.00
0.00
0.00
0.00
0.00
0.00
0.00
0.00
0.00
0.00
0.00
0.00
0.00
0.00
0.00
0.00
0.00
0.00
0.00
0.00
0.00
0.00
0.00
0.00
0.00
0.00
0.00
0.00
0.00
0.00
0.00
0.00
0.00
0.00
0.00
0.00
0.00
0.00
0.00
0.00
0.00
0.00
0.00
0.00
0.00
0.00
0.00
0.00
0.00
207.98
798.19
0.00
0.00
106.84
0.00
0.00
0.00
133.87
0.00
0.00
0.00
0.00
0.00
0.00
0.00
0.00
0.00
0.00
0.00
0.00
0.00
0.00
0.00
0.00
0.00
0.00
0.00
0.00
0.00
0.00
0.00
0.00
0.00
0.00
0.00
0.00
0.00
0.00
0.00
0.00
0.00
0.00
0.00
0.00
0.00
0.00
0.00
0.00
0.00
0.00
0.00
0.00
0.00
0.00
0.00
0.00
0.00
0.00
0.00
0.00
0.00
0.00
0.00
0.00
0.00
0.00
0.00
0.00
0.00
0.00
0.00
0.00
0.00
0.00
0.00
0.00
0.00
0.00
0.00
0.00
0.00
0.00
0.00
0.00
0.00
0.00
0.00
0.00
0.00
0.00
0.00
0.00
0.00
0.00
0.00
0.00
0.00
0.00
0.00
0.00
0.00
0.00
0.00
0.00
0.00
0.00
0.00
0.00
0.00
0.00
0.00
0.00
0.00
0.00
0.00
0.00
0.00
0.00
0.00
0.00
1273.46
1578.23
0.00
142.58
654.19
0.00
1242.28
1048.02
819.69
824.48
0.00
0.00
0.00
0.00
0.00
0.00
0.00
0.00
0.00
0.00
0.00
0.00
0.00
0.00
0.00
0.00
0.00
0.00
0.00
0.00
0.00
0.00
0.00
0.00
0.00
0.00
0.00
0.00
0.00
0.00
0.00
0.00
0.00
0.00
0.00
0.00
0.00
0.00
0.00
0.00
0.00
0.00
0.00
0.00
0.00
0.00
0.00
0.00
0.00
0.00
0.00
0.00
0.00
0.00
0.00
0.00
0.00
0.00
0.00
0.00
0.00
0.00
0.00
0.00
0.00
0.00
0.00
0.00
0.00
0.00
0.00
0.00
0.00
0.00
0.00
0.00
0.00
0.00
0.00
0.00
0.00
0.00
0.00
0.00
0.00
0.00
0.00
0.00
0.00
0.00
0.00
0.00
0.00
0.00
0.00
0.00
0.00
0.00
0.00
0.00
0.00
0.00
0.00
0.00
0.00
0.00
0.00
0.00
0.00
0.00
0.00
929.29
0.00
0.00
1891.97
477.38
0.00
0.00
618.16
598.16
0.00
0.00
0.00
0.00
0.00
0.00
0.00
0.00
0.00
0.00
0.00
0.00
0.00
0.00
0.00
0.00
0.00
0.00
0.00
0.00
0.00
0.00
0.00
0.00
0.00
0.00
0.00
0.00
0.00
0.00
0.00
0.00
0.00
0.00
0.00
0.00
0.00
0.00
0.00
0.00
0.00
0.00
0.00
0.00
0.00
0.00
0.00
0.00
0.00
0.00
0.00
0.00
0.00
0.00
0.00
0.00
0.00
0.00
0.00
0.00
0.00
0.00
0.00
0.00
0.00
0.00
0.00
0.00
0.00
0.00
0.00
0.00
0.00
0.00
0.00
0.00
0.00
0.00
0.00
0.00
0.00
0.00
0.00
0.00
0.00
0.00
0.00
0.00
0.00
0.00
0.00
0.00
0.00
0.00
0.00
0.00
0.00
0.00
0.00
0.00
0.00
0.00
0.00
0.00
0.00
0.00
0.00
0.00
0.00
72.08
0.00
1258.35
108.41
0.00
732.37
0.00
55.69
0.00
0.00
0.00
69.78
0.00
0.00
0.00
0.00
0.00
0.00
0.00
0.00
0.00
0.00
0.00
0.00
0.00
0.00
0.00
0.00
0.00
0.00
0.00
0.00
0.00
0.00
0.00
0.00
0.00
0.00
0.00
0.00
0.00
0.00
0.00
0.00
0.00
0.00
0.00
0.00
0.00
0.00
0.00
0.00
0.00
0.00
0.00
0.00
0.00
0.00
0.00
0.00
0.00
0.00
0.00
0.00
0.00
0.00
0.00
0.00
0.00
0.00
0.00
0.00
0.00
0.00
0.00
0.00
0.00
0.00
0.00
0.00
0.00
0.00
0.00
0.00
0.00
0.00
0.00
0.00
0.00
0.00
0.00
0.00
0.00
0.00
0.00
0.00
0.00
0.00
0.00
0.00
0.00
0.00
0.00
0.00
0.00
0.00
0.00
0.00
0.00
0.00
0.00
0.00
0.00
0.00
0.00
0.00
0.00
0.00
0.00
0.00
0.00
0.00
57.66
0.00
122.32
0.00
0.00
0.00
149.35
0.00
0.00
1261.47
0.00
0.00
0.00
0.00
0.00
0.00
0.00
0.00
0.00
0.00
0.00
0.00
0.00
0.00
0.00
0.00
0.00
0.00
0.00
0.00
0.00
0.00
0.00
0.00
0.00
0.00
0.00
0.00
0.00
0.00
0.00
0.00
0.00
0.00
0.00
0.00
0.00
0.00
0.00
0.00
0.00
0.00
0.00
0.00
0.00
0.00
0.00
0.00
0.00
0.00
0.00
0.00
0.00
0.00
0.00
0.00
0.00
0.00
0.00
0.00
0.00
0.00
0.00
0.00
0.00
0.00
0.00
0.00
0.00
0.00
0.00
0.00
0.00
0.00
0.00
0.00
0.00
0.00
0.00
0.00
0.00
0.00
0.00
0.00
0.00
0.00
0.00
0.00
0.00
0.00
0.00
0.00
0.00
0.00
0.00
0.00
0.00
0.00
0.00
0.00
0.00
0.00
0.00
0.00
0.00
0.00
0.00
0.00
0.00
0.00
0.00
0.00
0.00
748.98
0.00
0.00
590.02
914.48
0.00
1723.38
0.00
0.00
0.00
0.00
0.00
0.00
0.00
0.00
0.00
0.00
0.00
0.00
0.00
0.00
0.00
0.00
0.00
0.00
0.00
0.00
0.00
0.00
0.00
0.00
0.00
0.00
0.00
0.00
0.00
0.00
0.00
0.00
0.00
0.00
0.00
0.00
0.00
0.00
0.00
0.00
0.00
0.00
0.00
0.00
0.00
0.00
0.00
0.00
0.00
0.00
0.00
0.00
0.00
0.00
0.00
0.00
0.00
0.00
0.00
0.00
0.00
0.00
0.00
0.00
0.00
0.00
0.00
0.00
0.00
0.00
0.00
0.00
0.00
0.00
0.00
0.00
0.00
0.00
0.00
0.00
0.00
0.00
0.00
0.00
0.00
0.00
0.00
0.00
0.00
0.00
0.00
0.00
0.00
0.00
0.00
0.00
0.00
0.00
0.00
0.00
0.00
0.00
0.00
0.00
0.00
0.00
0.00
0.00
0.00
0.00
0.00
0.00
0.00
0.00
546.55
0.00
1772.95
22.92
667.33
0.00
0.00
0.00
0.00
0.00
0.00
0.00
0.00
0.00
0.00
0.00
0.00
0.00
0.00
0.00
0.00
0.00
0.00
0.00
0.00
0.00
0.00
0.00
0.00
0.00
0.00
0.00
0.00
0.00
0.00
0.00
0.00
0.00
0.00
0.00
0.00
0.00
0.00
0.00
0.00
0.00
0.00
0.00
0.00
0.00
0.00
0.00
0.00
0.00
0.00
0.00
0.00
0.00
0.00
0.00
0.00
0.00
0.00
0.00
0.00
0.00
0.00
0.00
0.00
0.00
0.00
0.00
0.00
0.00
0.00
0.00
0.00
0.00
0.00
0.00
0.00
0.00
0.00
0.00
0.00
0.00
0.00
0.00
0.00
0.00
0.00
0.00
0.00
0.00
0.00
0.00
0.00
0.00
0.00
0.00
0.00
0.00
0.00
0.00
0.00
0.00
0.00
0.00
0.00
0.00
0.00
0.00
0.00
0.00
0.00
0.00
0.00
0.00
0.00
0.00
0.00
63.76
0.00
0.00
0.00
77.85
0.00
0.00
0.00
0.00
0.00
0.00
0.00
0.00
0.00
0.00
0.00
0.00
0.00
0.00
0.00
0.00
0.00
0.00
0.00
0.00
0.00
0.00
0.00
0.00
0.00
0.00
0.00
0.00
0.00
0.00
0.00
0.00
0.00
0.00
0.00
0.00
0.00
0.00
0.00
0.00
0.00
0.00
0.00
0.00
0.00
0.00
0.00
0.00
0.00
0.00
0.00
0.00
0.00
0.00
0.00
0.00
0.00
0.00
0.00
0.00
0.00
0.00
0.00
0.00
0.00
0.00
0.00
0.00
0.00
0.00
0.00
0.00
0.00
0.00
0.00
0.00
0.00
0.00
0.00
0.00
0.00
0.00
0.00
0.00
0.00
0.00
0.00
0.00
0.00
0.00
0.00
0.00
0.00
0.00
0.00
0.00
0.00
0.00
0.00
0.00
0.00
0.00
0.00
0.00
0.00
0.00
0.00
0.00
0.00
0.00
0.00
0.00
0.00
0.00
0.00
0.00
48.21
1601.37
0.00
1506.79
0.00
0.00
0.00
0.00
0.00
0.00
0.00
0.00
0.00
0.00
0.00
0.00
0.00
0.00
0.00
0.00
0.00
0.00
0.00
0.00
0.00
0.00
0.00
0.00
0.00
0.00
0.00
0.00
0.00
0.00
0.00
0.00
0.00
0.00
0.00
0.00
0.00
0.00
0.00
0.00
0.00
0.00
0.00
0.00
0.00
0.00
0.00
0.00
0.00
0.00
0.00
0.00
0.00
0.00
0.00
0.00
0.00
0.00
0.00
0.00
0.00
0.00
0.00
0.00
0.00
0.00
0.00
0.00
0.00
0.00
0.00
0.00
0.00
0.00
0.00
0.00
0.00
0.00
0.00
0.00
0.00
0.00
0.00
0.00
0.00
0.00
0.00
0.00
0.00
0.00
0.00
0.00
0.00
0.00
0.00
0.00
0.00
0.00
0.00
0.00
0.00
0.00
0.00
0.00
0.00
0.00
0.00
0.00
0.00
0.00
0.00
0.00
0.00
0.00
0.00
0.00
0.00
295.21
0.00
0.00
0.00
0.00
0.00
0.00
0.00
0.00
0.00
0.00
0.00
0.00
0.00
0.00
0.00
0.00
0.00
0.00
0.00
0.00
0.00
0.00
0.00
0.00
0.00
0.00
0.00
0.00
0.00
0.00
0.00
0.00
0.00
0.00
0.00
0.00
0.00
0.00
0.00
0.00
0.00
0.00
0.00
0.00
0.00
0.00
0.00
0.00
0.00
0.00
0.00
0.00
0.00
0.00
0.00
0.00
0.00
0.00
0.00
0.00
0.00
0.00
0.00
0.00
0.00
0.00
0.00
0.00
0.00
0.00
0.00
0.00
0.00
0.00
0.00
0.00
0.00
0.00
0.00
0.00
0.00
0.00
0.00
0.00
0.00
0.00
0.00
0.00
0.00
0.00
0.00
0.00
0.00
0.00
0.00
0.00
0.00
0.00
0.00
0.00
0.00
0.00
0.00
0.00
0.00
0.00
0.00
0.00
0.00
0.00
0.00
0.00
0.00
0.00
0.00
0.00
0.00
0.00
0.00
0.00
215.42
53.77
0.00
0.00
0.00
0.00
0.00
0.00
0.00
0.00
0.00
0.00
0.00
0.00
0.00
0.00
0.00
0.00
0.00
0.00
0.00
0.00
0.00
0.00
0.00
0.00
0.00
0.00
0.00
0.00
0.00
0.00
0.00
0.00
0.00
0.00
0.00
0.00
0.00
0.00
0.00
0.00
0.00
0.00
0.00
0.00
0.00
0.00
0.00
0.00
0.00
0.00
0.00
0.00
0.00
0.00
0.00
0.00
0.00
0.00
0.00
0.00
0.00
0.00
0.00
0.00
0.00
0.00
0.00
0.00
0.00
0.00
0.00
0.00
0.00
0.00
0.00
0.00
0.00
0.00
0.00
0.00
0.00
0.00
0.00
0.00
0.00
0.00
0.00
0.00
0.00
0.00
0.00
0.00
0.00
0.00
0.00
0.00
0.00
0.00
0.00
0.00
0.00
0.00
0.00
0.00
0.00
0.00
0.00
0.00
0.00
0.00
0.00
0.00
0.00
0.00
0.00
0.00
0.00
242.92
352.59
25.13
0.00
0.00
0.00
0.00
0.00
0.00
0.00
0.00
0.00
0.00
0.00
0.00
0.00
0.00
0.00
0.00
0.00
0.00
0.00
0.00
0.00
0.00
0.00
0.00
0.00
0.00
0.00
0.00
0.00
0.00
0.00
0.00
0.00
0.00
0.00
0.00
0.00
0.00
0.00
0.00
0.00
0.00
0.00
0.00
0.00
0.00
0.00
0.00
0.00
0.00
0.00
0.00
0.00
0.00
0.00
0.00
0.00
0.00
0.00
0.00
0.00
0.00
0.00
0.00
0.00
0.00
0.00
0.00
0.00
0.00
0.00
0.00
0.00
0.00
0.00
0.00
0.00
0.00
0.00
0.00
0.00
0.00
0.00
0.00
0.00
0.00
0.00
0.00
0.00
0.00
0.00
0.00
0.00
0.00
0.00
0.00
0.00
0.00
0.00
0.00
0.00
0.00
0.00
0.00
0.00
0.00
0.00
0.00
0.00
0.00
0.00
0.00
0.00
0.00
0.00
0.00
0.00
0.00
0.00
0.00
0.00
0.00
0.00
0.00
0.00
0.00
0.00
0.00
0.00
0.00
0.00
0.00
0.00
0.00
0.00
0.00
0.00
0.00
0.00
0.00
0.00
0.00
0.00
0.00
0.00
0.00
0.00
0.00
0.00
0.00
0.00
0.00
0.00
0.00
0.00
0.00
0.00
0.00
0.00
0.00
0.00
0.00
0.00
0.00
0.00
0.00
0.00
0.00
0.00
0.00
0.00
0.00
0.00
0.00
0.00
0.00
0.00
0.00
0.00
0.00
0.00
0.00
0.00
0.00
0.00
0.00
0.00
0.00
0.00
0.00
0.00
0.00
0.00
0.00
0.00
0.00
0.00
0.00
0.00
0.00
0.00
0.00
0.00
0.00
0.00
0.00
0.00
0.00
0.00
0.00
0.00
0.00
0.00
0.00
0.00
0.00
0.00
0.00
0.00
0.00
0.00
0.00
0.00
0.00
0.00
0.00
0.00
0.00
0.00
0.00
0.00
0.00
0.00
0.00
0.00
0.00
0.00
0.00
0.00
0.00
0.00
0.00
0.00
0.00
0.00
0.00
0.00
0.00
0.00
0.00
0.00
0.00
0.00
0.00
0.00
0.00
0.00
0.00
0.00
0.00
0.00
0.00
0.00
0.00
0.00
0.00
0.00
0.00
0.00
0.00
0.00
0.00
0.00
0.00
0.00
0.00
0.00
0.00
0.00
0.00
0.00
0.00
0.00
0.00
0.00
0.00
0.00
0.00
0.00
0.00
0.00
0.00
0.00
0.00
0.00
0.00
0.00
0.00
0.00
0.00
0.00
0.00
0.00
0.00
0.00
0.00
0.00
0.00
0.00
0.00
0.00
0.00
0.00
0.00
0.00
0.00
0.00
0.00
0.00
0.00
0.00
0.00
0.00
0.00
0.00
0.00
0.00
0.00
0.00
0.00
0.00
0.00
0.00
0.00
0.00
0.00
0.00
0.00
0.00
0.00
0.00
0.00
0.00
0.00
0.00
0.00
0.00
0.00
0.00
0.00
0.00
0.00
0.00
0.00
0.00
0.00
0.00
0.00
0.00
280.30
0.00
0.00
0.00
0.00
0.00
0.00
0.00
0.00
0.00
0.00
0.00
0.00
0.00
0.00
0.00
0.00
0.00
0.00
0.00
0.00
0.00
0.00
0.00
0.00
0.00
0.00
0.00
0.00
0.00
0.00
0.00
0.00
0.00
0.00
0.00
0.00
0.00
0.00
0.00
0.00
0.00
0.00
0.00
0.00
0.00
0.00
0.00
0.00
0.00
0.00
0.00
0.00
0.00
0.00
0.00
0.00
0.00
0.00
0.00
0.00
0.00
0.00
0.00
0.00
0.00
0.00
0.00
0.00
0.00
0.00
0.00
0.00
0.00
0.00
0.00
0.00
0.00
0.00
0.00
0.00
0.00
0.00
0.00
0.00
0.00
0.00
0.00
0.00
0.00
0.00
0.00
0.00
0.00
0.00
0.00
0.00
0.00
0.00
0.00
0.00
0.00
0.00
0.00
0.00
0.00
0.00
0.00
0.00
0.00
0.00
0.00
0.00
0.00
0.00
0.00
0.00
0.00
0.00
0.00
0.00
