-2.33
-1.17
-1.16
-1.16
-0.87
-0.51
-0.51
-0.44
-0.21
0.00
0.03
0.10
0.11
0.11
0.12
0.15
0.37
0.46
-2.03
-1.65
-1.46
-1.01
-0.79
-0.71
-0.66
-0.37
-0.13
-0.12
-0.03
0.00
0.19
0.29
0.29
0.30
0.35
0.47
-2.81
-1.75
-1.72
-0.88
-0.88
-0.78
-0.58
-0.51
-0.34
-0.25
0.17
0.18
0.24
0.30
0.32
0.32
0.38
0.50
-2.69
-1.88
-1.62
-1.42
-1.24
-1.06
-0.70
-0.49
-0.42
-0.28
-0.27
-0.24
-0.20
-0.02
0.05
0.06
0.19
0.24
0.30
0.35
0.35
0.49
-1.50
-1.46
-1.45
-1.25
-0.89
-0.88
-0.32
-0.22
-0.13
0.13
0.15
0.24
0.30
0.39
0.42
-1.83
-1.82
-1.11
-1.08
-0.46
-0.05
-0.03
0.07
0.19
0.20
0.26
0.29
0.31
0.39
