0.00
0.00
0.00
0.00
0.00
0.00
0.00
0.00
0.00
0.00
0.00
0.00
0.00
0.00
0.00
0.00
0.00
0.00
-6.91
-1.36
0.00
1.73
-2.16
0.00
0.81
-0.52
-1.66
-0.40
0.00
-2.14
0.00
0.00
-0.25
-0.70
0.11
1.38
-6.91
-1.87
0.00
0.00
1.39
6.91
-0.39
-0.44
0.00
-1.14
-6.91
0.50
-1.42
-6.91
0.00
-0.49
-0.03
-0.45
0.00
0.00
0.00
0.00
0.00
0.00
0.00
0.00
0.00
0.00
0.00
0.00
0.00
0.00
0.00
0.00
0.00
0.00
0.00
0.00
-6.91
0.08
2.16
-3.18
0.36
2.19
0.00
1.31
-1.05
0.00
-6.91
-0.31
1.80
0.00
1.20
1.04
0.00
0.00
-1.99
-2.53
-1.05
-0.27
3.79
0.00
-0.58
0.00
0.00
1.62
0.00
0.00
-2.19
0.00
0.00
1.11
0.00
0.00
0.00
0.00
0.00
0.00
0.00
0.00
0.00
0.00
0.00
0.00
0.00
0.00
0.00
0.00
0.00
0.00
0.00
0.00
-0.65
-0.42
0.00
-6.91
0.91
0.00
0.00
6.91
0.00
0.00
-0.67
-3.12
1.71
0.00
0.00
2.73
0.00
0.00
-1.71
-6.91
1.09
-0.64
0.00
0.00
-0.21
0.00
0.00
6.91
0.00
0.00
-1.38
0.00
0.00
0.00
0.00
0.00
0.00
0.00
0.00
0.00
0.00
0.00
0.00
0.00
0.00
0.00
0.00
0.00
0.00
0.00
0.00
0.00
-1.91
-6.91
0.00
0.76
-2.84
0.00
1.25
-0.21
-6.91
-0.17
6.91
-6.91
0.00
0.00
0.30
-0.56
-0.85
0.02
-6.91
-2.87
0.00
0.00
2.39
1.15
-0.43
-1.26
3.12
-1.52
-2.30
0.18
-2.61
-6.91
0.00
-0.63
-0.25
-1.77
0.00
0.00
0.00
0.00
0.00
0.00
0.00
0.00
0.00
0.00
0.00
0.00
0.00
0.00
0.00
0.00
0.00
0.00
-0.35
-0.55
6.91
0.57
-6.91
0.00
0.09
-6.91
-1.45
-0.56
0.51
-1.09
0.00
0.00
-1.63
0.27
-0.76
0.02
-1.34
-0.65
6.91
0.00
0.86
1.23
-1.00
-1.26
0.78
-7.14
0.23
-1.38
-1.73
-1.70
0.00
-1.17
-0.74
-2.71
0.00
0.00
0.00
0.00
0.00
0.00
0.00
0.00
0.00
0.00
0.00
0.00
0.00
0.00
0.00
0.00
0.00
0.00
-2.24
-0.91
0.00
2.12
-6.91
0.00
0.57
-1.11
-1.69
-0.16
1.42
-3.87
0.00
0.00
-1.89
-1.03
-0.92
-0.80
-0.38
-2.35
0.00
0.00
0.27
2.64
-1.33
-1.60
2.29
-1.59
-0.16
-0.25
-1.43
-0.97
0.00
-1.76
-0.76
-1.24
0.00
0.00
0.00
0.00
0.00
0.00
0.00
0.00
0.00
0.00
0.00
0.00
0.00
0.00
0.00
0.00
0.00
0.00
6.91
2.63
-0.78
-1.54
1.68
-0.74
-1.77
1.44
0.64
-0.79
-6.91
1.10
0.08
-0.60
-0.30
0.00
-0.48
-0.58
6.91
0.84
-0.11
-0.52
-1.53
-1.78
1.49
0.93
-1.85
1.12
0.00
-0.85
0.00
3.71
0.45
2.33
0.67
-0.53
0.00
0.00
0.00
0.00
0.00
0.00
0.00
0.00
0.00
0.00
0.00
0.00
0.00
0.00
0.00
0.00
0.00
0.00
6.91
1.46
-0.00
-1.35
0.81
-0.26
-1.50
-0.17
0.23
-0.78
-1.14
2.08
-0.90
1.31
-0.46
0.00
0.03
-0.16
0.96
2.49
-0.67
-0.45
-6.91
-1.24
-0.07
1.46
-6.91
2.03
0.00
-0.71
2.04
1.27
0.79
2.11
0.31
-0.97
0.00
0.00
0.00
0.00
0.00
0.00
0.00
0.00
0.00
0.00
0.00
0.00
0.00
0.00
0.00
0.00
0.00
0.00
-1.50
-1.60
6.91
0.15
-1.78
0.00
0.55
-6.91
-2.33
-0.79
1.67
-0.58
3.07
0.00
-2.94
0.24
-1.85
-0.41
-0.24
-1.39
2.67
0.00
-0.45
-0.01
-1.82
-0.53
0.57
-3.95
-0.54
-0.41
0.04
-0.57
0.00
-0.75
-1.35
-0.67
0.00
0.00
0.00
0.00
0.00
0.00
0.00
0.00
0.00
0.00
0.00
0.00
0.00
0.00
0.00
0.00
0.00
0.00
0.00
6.91
-2.47
-1.18
0.67
0.24
-0.59
1.28
0.70
0.71
-6.91
6.91
-1.84
-0.30
-0.38
0.00
0.53
0.24
0.00
1.65
-0.77
-0.96
-4.87
-6.91
1.08
3.43
-6.91
6.91
0.00
-0.43
0.00
2.33
0.30
2.73
1.51
1.06
0.00
0.00
0.00
0.00
0.00
0.00
0.00
0.00
0.00
0.00
0.00
0.00
0.00
0.00
0.00
0.00
0.00
0.00
-0.33
0.23
2.87
0.06
-0.74
6.91
-0.19
-0.29
-0.52
-1.23
-0.09
-0.69
3.31
0.00
-5.24
1.05
-6.91
-1.09
-0.20
-0.20
2.91
6.91
-0.10
-0.05
-0.33
-0.81
0.61
-1.15
-0.09
-6.91
-0.78
-0.52
6.91
-1.26
-1.51
-6.91
0.00
0.00
0.00
0.00
0.00
0.00
0.00
0.00
0.00
0.00
0.00
0.00
0.00
0.00
0.00
0.00
0.00
0.00
-0.88
-1.97
0.00
2.09
-1.81
0.00
0.54
-2.39
-3.46
-0.26
5.31
-3.38
0.00
0.00
-1.04
-0.25
0.00
0.43
-0.64
-1.86
0.00
0.00
1.21
0.57
-0.94
-1.72
6.91
-1.34
-1.42
-0.94
-0.59
-6.91
0.00
-1.91
-0.91
-2.09
0.00
0.00
0.00
0.00
0.00
0.00
0.00
0.00
0.00
0.00
0.00
0.00
0.00
0.00
0.00
0.00
0.00
0.00
-0.96
-0.70
0.00
1.74
-1.34
0.00
6.91
-1.00
-0.95
-0.42
0.00
-2.04
0.00
0.00
-0.12
-1.44
0.79
0.65
-1.22
-1.66
0.00
0.00
2.15
1.54
-0.16
-0.27
0.00
-1.29
-0.64
-0.18
-1.75
-0.90
0.00
-2.48
-1.75
-0.36
0.00
0.00
0.00
0.00
0.00
0.00
0.00
0.00
0.00
0.00
0.00
0.00
0.00
0.00
0.00
0.00
0.00
0.00
-0.03
-0.29
0.37
-0.29
-2.80
6.91
-1.03
-1.75
-0.26
-6.91
-0.62
-0.09
2.65
6.91
-2.73
0.10
-3.84
-0.78
-0.66
-0.07
1.38
3.67
-0.55
-0.28
-1.52
-1.64
-0.60
-1.38
0.06
-2.16
0.45
-1.23
1.14
-0.17
-0.37
-1.47
0.00
0.00
0.00
0.00
0.00
0.00
0.00
0.00
0.00
0.00
0.00
0.00
0.00
0.00
0.00
0.00
0.00
0.00
0.00
0.00
-2.01
-0.25
0.00
-2.80
0.46
0.00
0.00
2.17
-0.88
0.00
-1.01
-1.13
1.30
0.00
0.00
2.34
0.00
0.00
-6.91
-2.82
0.54
0.84
0.00
0.00
-0.69
0.00
0.00
6.91
0.00
0.00
-2.78
0.00
0.00
0.00
0.00
0.00
0.00
0.00
0.00
0.00
0.00
0.00
0.00
0.00
0.00
0.00
0.00
0.00
0.00
0.00
0.00
0.00
-6.91
-6.05
0.00
1.68
-1.19
0.00
0.88
-3.15
-2.90
-1.13
1.23
-6.91
0.00
0.00
-0.07
-0.42
-0.41
0.78
-1.06
-3.98
0.00
0.00
0.71
1.28
-2.40
-6.91
1.25
-1.06
-0.22
0.04
-3.37
-2.28
0.00
-1.10
-0.49
-0.73
0.00
0.00
0.00
0.00
0.00
0.00
0.00
0.00
0.00
0.00
0.00
0.00
0.00
0.00
0.00
0.00
0.00
0.00
0.91
-0.38
1.48
-0.54
-1.71
1.69
0.08
-0.42
-0.25
-6.91
0.42
-1.24
1.06
1.21
-2.61
0.05
-1.99
-1.42
-0.26
-0.41
0.58
3.41
-0.30
-0.12
-1.17
0.07
-0.52
-0.37
0.50
-4.11
-0.43
-0.04
6.91
-0.81
-0.05
-1.55
0.00
0.00
0.00
0.00
0.00
0.00
0.00
0.00
0.00
0.00
0.00
0.00
0.00
0.00
0.00
0.00
0.00
0.00
0.00
0.00
-2.20
-0.10
0.00
-6.91
-0.87
2.29
0.00
1.15
-0.92
0.00
-2.22
-0.98
0.83
0.00
6.91
0.74
0.00
0.00
-6.91
-2.64
0.67
-0.04
6.91
0.00
-0.02
0.00
0.00
1.31
0.00
0.00
-0.77
0.00
0.00
6.91
-1.39
0.00
0.00
-1.96
-0.82
-0.84
2.47
6.91
0.02
0.00
-0.88
-1.19
-1.19
0.48
0.00
-6.91
0.33
0.00
0.00
0.00
0.00
0.00
0.00
0.00
0.00
0.00
0.00
0.00
0.00
0.00
0.00
0.00
0.00
0.00
0.00
0.00
-5.30
-1.30
0.00
0.00
4.25
2.59
-1.25
-1.43
0.00
-0.47
-1.62
0.23
-6.91
-6.72
0.00
-1.42
-0.64
-0.45
-6.91
0.00
0.00
-2.23
-1.68
-6.98
1.13
2.08
-1.05
6.91
-1.09
-3.21
-3.74
-1.06
0.00
-1.75
-0.28
0.00
0.00
0.00
0.00
0.00
0.00
0.00
0.00
0.00
0.00
0.00
0.00
0.00
0.00
0.00
0.00
0.00
0.00
0.00
-0.97
-6.91
0.00
0.00
1.71
1.05
-1.84
-1.75
1.93
-6.91
-1.10
-0.30
-2.35
-6.91
0.00
-6.91
-0.89
-0.96
0.00
-6.91
-1.82
0.00
6.91
0.00
0.05
-0.72
1.28
-1.39
1.03
0.00
0.00
0.52
-1.03
0.00
2.39
-1.40
0.00
0.00
0.00
0.00
0.00
0.00
0.00
0.00
0.00
0.00
0.00
0.00
0.00
0.00
0.00
0.00
0.00
0.00
0.00
0.00
-4.00
-1.68
0.04
-1.78
1.27
0.00
-0.33
0.00
0.00
2.31
0.00
0.00
-2.91
0.00
0.00
6.91
1.59
-1.93
0.10
4.58
0.83
0.34
-6.91
-1.28
-0.13
-1.28
0.71
1.27
2.73
0.61
0.69
3.42
-0.20
-0.49
0.00
0.00
0.00
0.00
0.00
0.00
0.00
0.00
0.00
0.00
0.00
0.00
0.00
0.00
0.00
0.00
0.00
0.00
2.16
1.05
-0.30
-0.16
-1.99
-1.34
1.18
3.17
-2.95
1.75
0.00
-0.64
0.00
1.08
-0.21
1.05
1.44
1.06
-0.62
2.61
0.00
-0.97
-6.91
-1.88
0.35
1.05
-1.60
2.40
-1.91
-3.76
-1.50
-3.67
0.00
-1.61
-1.34
0.00
0.00
0.00
0.00
0.00
0.00
0.00
0.00
0.00
0.00
0.00
0.00
0.00
0.00
0.00
0.00
0.00
0.00
0.00
-0.69
-0.77
2.63
0.00
0.76
0.46
-6.91
-2.92
2.19
-1.42
-0.92
-1.70
-1.87
-2.20
0.00
-1.40
-1.14
-1.42
0.00
-0.78
-6.91
0.00
0.00
0.00
0.46
0.51
0.00
-0.11
6.91
0.00
0.00
6.91
-1.02
0.00
6.91
-3.23
0.00
0.00
0.00
0.00
0.00
0.00
0.00
0.00
0.00
0.00
0.00
0.00
0.00
0.00
0.00
0.00
0.00
0.00
0.00
0.00
-0.77
-1.78
0.09
0.06
0.00
0.00
-0.85
0.00
0.00
2.43
0.00
0.00
-1.16
0.00
0.00
0.00
6.91
0.11
0.78
1.25
0.77
0.50
-4.81
-2.02
0.08
-3.82
0.42
2.31
2.57
-0.12
0.86
1.76
-1.02
0.56
0.00
0.00
0.00
0.00
0.00
0.00
0.00
0.00
0.00
0.00
0.00
0.00
0.00
0.00
0.00
0.00
0.00
0.00
2.07
0.48
-0.20
0.85
-6.91
-2.51
0.76
1.41
-1.09
1.17
0.00
0.16
1.89
0.64
-0.22
0.77
1.57
-0.29
0.15
1.43
0.00
-0.87
-6.91
-1.02
0.41
-0.25
-1.77
1.58
-1.30
-0.53
-1.01
-0.92
0.00
-3.16
-0.16
6.91
0.00
0.00
0.00
0.00
0.00
0.00
0.00
0.00
0.00
0.00
0.00
0.00
0.00
0.00
0.00
0.00
0.00
0.00
-0.82
-0.28
2.04
0.00
0.35
1.00
-3.34
-0.45
1.62
-1.60
-0.42
-0.50
-0.60
-1.94
0.00
-4.64
-4.84
-1.30
-1.39
0.00
0.00
-1.85
-4.05
-1.72
0.48
0.22
-1.41
0.94
-0.31
-6.91
-1.54
-0.36
0.00
-6.91
-0.31
0.00
0.00
0.00
0.00
0.00
0.00
0.00
0.00
0.00
0.00
0.00
0.00
0.00
0.00
0.00
0.00
0.00
0.00
0.00
-0.98
-1.02
0.00
0.00
0.10
0.70
-0.76
-6.91
1.72
-2.60
-0.10
-1.08
-1.22
-3.46
0.00
-0.75
-1.06
-1.28
-0.10
0.52
1.42
-0.16
-0.28
-0.96
0.10
-0.94
-1.10
0.16
-2.16
-1.26
-0.22
-6.91
6.91
-0.90
-0.97
2.40
0.00
0.00
0.00
0.00
0.00
0.00
0.00
0.00
0.00
0.00
0.00
0.00
0.00
0.00
0.00
0.00
0.00
0.00
0.09
-1.14
0.61
1.46
-1.04
0.58
-0.90
-0.34
-0.57
-1.08
0.70
-6.91
0.40
-0.97
1.90
-0.35
-0.00
-1.56
0.00
-0.84
-0.16
6.91
0.33
1.87
-3.68
-6.91
0.93
-2.37
-0.37
0.99
0.00
-0.27
-0.92
2.51
-0.67
-1.83
0.00
0.00
0.00
0.00
0.00
0.00
0.00
0.00
0.00
0.00
0.00
0.00
0.00
0.00
0.00
0.00
0.00
0.00
0.00
5.08
-0.48
-0.13
-1.52
-6.91
1.88
0.71
-1.50
0.79
0.00
0.70
0.00
3.28
0.26
3.53
0.90
0.74
-2.87
0.00
0.00
-1.81
-2.95
-2.33
1.59
0.36
-0.61
1.68
-0.92
-1.35
-0.73
-0.88
0.00
-1.49
-0.19
0.00
0.00
0.00
0.00
0.00
0.00
0.00
0.00
0.00
0.00
0.00
0.00
0.00
0.00
0.00
0.00
0.00
0.00
0.00
-4.64
-1.76
0.00
0.00
0.14
3.39
-1.80
-1.18
2.72
-7.12
-0.41
-0.77
-0.72
-3.13
0.00
-3.58
-1.24
-0.05
0.00
-2.43
-0.49
0.00
0.00
0.00
-0.09
0.61
2.42
-1.06
3.93
0.00
0.00
1.76
-6.91
0.00
0.50
-3.26
0.00
0.00
0.00
0.00
0.00
0.00
0.00
0.00
0.00
0.00
0.00
0.00
0.00
0.00
0.00
0.00
0.00
0.00
0.00
0.00
-3.25
-1.18
-0.18
-0.91
1.43
0.00
-0.23
0.00
0.00
1.87
0.00
0.00
-3.54
0.00
0.00
1.12
0.00
-1.56
-1.33
0.00
0.00
0.00
0.79
0.80
0.00
-0.23
0.00
0.00
0.00
3.19
-2.20
0.00
6.91
-2.98
0.00
0.00
0.00
0.00
0.00
0.00
0.00
0.00
0.00
0.00
0.00
0.00
0.00
0.00
0.00
0.00
0.00
0.00
0.00
0.00
-0.62
-0.82
0.05
0.81
0.00
0.00
0.02
0.00
0.00
1.73
0.00
0.00
-6.91
0.00
0.00
0.00
-0.22
2.97
6.91
-0.89
-0.74
-1.81
-0.90
-1.14
-0.92
0.10
-6.91
-0.24
-0.68
-1.11
6.91
0.18
-1.44
1.09
0.00
0.00
0.00
0.00
0.00
0.00
0.00
0.00
0.00
0.00
0.00
0.00
0.00
0.00
0.00
0.00
0.00
0.00
-0.35
0.06
2.18
1.39
0.20
-0.20
-0.44
0.00
0.65
-1.30
0.11
-6.91
0.79
0.39
0.93
0.22
-0.97
-0.84
-2.13
0.00
0.00
-0.62
0.38
-0.05
0.00
0.00
-0.39
0.00
0.03
-0.75
-0.82
0.40
0.00
-2.06
0.47
0.00
0.00
0.00
0.00
0.00
0.00
0.00
0.00
0.00
0.00
0.00
0.00
0.00
0.00
0.00
0.00
0.00
0.00
0.00
-6.91
-3.35
0.00
0.00
0.00
0.00
0.47
-0.54
0.00
-1.68
-6.91
1.13
-1.89
-1.28
0.00
-1.69
-1.02
0.10
-0.30
3.35
0.00
-0.31
-2.92
-0.67
0.04
-0.41
-2.72
0.49
-1.41
-0.10
-0.58
-6.91
0.00
-0.04
-1.61
6.91
0.00
0.00
0.00
0.00
0.00
0.00
0.00
0.00
0.00
0.00
0.00
0.00
0.00
0.00
0.00
0.00
0.00
0.00
-0.04
-0.46
2.42
6.91
-0.79
0.95
-2.26
-1.20
0.95
-0.92
0.27
-2.76
-0.14
-0.78
6.91
-0.53
-1.08
-6.91
1.10
1.34
6.91
0.33
-0.93
-1.12
-0.87
-0.59
-1.85
0.66
-1.77
-0.64
0.95
-1.74
0.55
0.82
-0.88
0.40
0.00
0.00
0.00
0.00
0.00
0.00
0.00
0.00
0.00
0.00
0.00
0.00
0.00
0.00
0.00
0.00
0.00
0.00
-0.19
-0.39
0.97
1.18
-0.82
-1.06
-0.77
-0.46
-0.76
-0.86
1.29
-0.58
0.38
-0.71
1.06
0.75
-1.06
-2.20
-1.79
0.00
0.00
-2.35
-0.56
-2.25
6.91
2.16
-0.19
0.00
-0.97
-0.45
-1.12
0.08
0.00
-0.87
0.43
0.00
-1.59
-3.96
0.00
1.55
-0.12
0.00
1.05
-1.02
-0.89
-0.27
0.00
-6.57
0.00
0.00
-0.46
-1.70
-0.23
0.82
0.00
0.00
0.00
0.00
0.00
0.00
0.00
0.00
0.00
0.00
0.00
0.00
0.00
0.00
0.00
0.00
0.00
0.00
-1.31
0.00
0.00
-2.63
-1.12
-1.25
2.01
0.89
-0.48
6.91
-1.14
-4.73
-2.48
0.03
0.00
-6.91
0.23
0.00
-1.77
-6.91
0.00
1.10
-1.54
0.00
0.80
-0.15
-6.91
0.12
6.91
-6.91
0.00
0.00
-0.59
-0.51
-0.51
0.52
0.00
0.00
0.00
0.00
0.00
0.00
0.00
0.00
0.00
0.00
0.00
0.00
0.00
0.00
0.00
0.00
0.00
0.00
0.00
-6.91
-1.88
0.00
6.91
0.00
-0.79
-0.66
6.91
-2.21
0.76
0.00
0.00
0.45
-0.59
0.00
1.40
-1.29
0.00
0.00
-6.91
-0.07
6.91
-6.91
-0.55
6.91
0.00
0.61
-0.57
0.00
-1.73
-1.07
2.62
0.00
0.71
0.58
0.00
0.00
0.00
0.00
0.00
0.00
0.00
0.00
0.00
0.00
0.00
0.00
0.00
0.00
0.00
0.00
0.00
0.00
0.00
-2.32
-1.80
0.00
0.00
0.00
0.60
0.70
0.00
-0.19
6.91
0.00
0.00
6.91
-1.80
0.00
6.91
-2.44
0.00
0.00
-1.26
-0.16
0.00
-6.91
0.71
0.00
0.00
6.91
-0.78
0.00
-1.08
-0.39
1.61
0.00
6.91
3.45
0.00
0.00
0.00
0.00
0.00
0.00
0.00
0.00
0.00
0.00
0.00
0.00
0.00
0.00
0.00
0.00
0.00
0.00
6.91
-0.80
0.19
0.97
0.58
-0.14
-6.91
-6.91
0.68
-0.78
-0.46
0.39
2.04
-0.05
0.22
0.86
-0.51
0.48
2.72
2.25
0.07
-1.93
0.86
0.75
-6.91
0.69
0.29
-1.35
-1.92
0.60
-0.33
0.62
-0.51
0.00
-0.14
-0.48
0.00
0.00
0.00
0.00
0.00
0.00
0.00
0.00
0.00
0.00
0.00
0.00
0.00
0.00
0.00
0.00
0.00
0.00
6.91
-0.89
0.16
3.98
0.53
1.20
-6.91
-1.99
-0.20
-6.91
0.75
2.84
4.12
-0.37
0.55
5.19
0.05
-0.04
2.87
4.33
-0.03
-6.91
1.30
-0.50
-1.49
0.16
1.14
0.56
-6.91
1.74
0.12
-0.58
-0.46
0.00
-0.12
-0.11
0.00
0.00
0.00
0.00
0.00
0.00
0.00
0.00
0.00
0.00
0.00
0.00
0.00
0.00
0.00
0.00
0.00
0.00
-0.89
6.91
0.00
-1.10
-1.92
-0.65
0.88
0.11
-2.16
0.97
-0.65
-0.82
-1.16
-1.81
0.00
-0.48
-0.36
1.31
-0.87
-0.29
6.91
0.95
-2.05
0.00
0.26
-4.12
-1.19
-1.78
1.49
-1.65
6.91
0.00
-0.74
-0.71
-3.20
-1.01
0.00
0.00
0.00
0.00
0.00
0.00
0.00
0.00
0.00
0.00
0.00
0.00
0.00
0.00
0.00
0.00
0.00
0.00
-2.51
0.00
0.00
-1.58
-2.67
-1.43
1.63
0.60
-3.55
0.93
-2.13
-1.55
-1.08
-0.74
0.00
-6.91
-1.43
0.00
-0.79
-2.77
0.00
1.29
-3.93
0.00
1.96
-1.36
-6.91
-0.34
1.37
-5.21
0.00
0.00
-0.23
-0.30
-0.35
-0.06
0.00
0.00
0.00
0.00
0.00
0.00
0.00
0.00
0.00
0.00
0.00
0.00
0.00
0.00
0.00
0.00
0.00
0.00
0.00
-0.59
0.06
6.91
1.15
0.99
-1.28
-6.91
0.21
-4.41
1.10
0.73
0.00
-0.50
0.06
2.50
0.22
-0.24
0.00
1.67
-0.55
-6.91
0.55
-0.67
-0.86
1.15
1.53
0.79
-2.06
2.16
-1.77
-0.90
-0.28
0.00
0.13
-1.13
0.00
0.00
0.00
0.00
0.00
0.00
0.00
0.00
0.00
0.00
0.00
0.00
0.00
0.00
0.00
0.00
0.00
0.00
-1.47
0.00
0.00
-1.03
-2.79
-6.91
1.52
1.68
-1.50
2.45
-0.48
-6.91
-3.46
-0.27
0.00
-1.64
-0.44
0.00
-1.14
-0.87
0.00
0.92
-1.59
0.00
1.90
-1.79
-1.64
-1.33
0.94
-6.91
0.00
0.00
-0.56
-1.19
-0.39
0.47
0.00
0.00
0.00
0.00
0.00
0.00
0.00
0.00
0.00
0.00
0.00
0.00
0.00
0.00
0.00
0.00
0.00
0.00
-2.58
0.00
0.00
-0.19
-0.48
0.16
0.00
0.00
0.01
0.00
-0.24
-1.17
-0.85
1.59
0.00
-1.45
0.14
0.00
-3.30
-0.33
0.00
0.00
0.25
0.00
0.00
-0.25
-1.60
0.16
0.00
-0.59
0.00
0.00
0.76
-6.91
0.57
0.39
0.00
0.00
0.00
0.00
0.00
0.00
0.00
0.00
0.00
0.00
0.00
0.00
0.00
0.00
0.00
0.00
0.00
0.00
-0.78
1.49
1.18
-0.34
-1.30
-0.07
-0.42
0.06
-1.17
0.87
-6.91
-0.47
0.29
-6.91
6.91
-1.24
-4.58
5.15
0.46
0.30
1.04
0.02
-1.59
6.91
-0.06
-0.44
-0.06
-1.53
-0.09
-0.05
3.17
2.15
-1.38
0.04
-6.91
-0.58
0.00
0.00
0.00
0.00
0.00
0.00
0.00
0.00
0.00
0.00
0.00
0.00
0.00
0.00
0.00
0.00
0.00
0.00
-6.91
0.00
0.00
-3.06
-0.64
-1.29
0.00
1.47
-1.52
0.00
-0.70
-4.61
-1.43
1.01
0.00
-6.91
-0.37
0.00
-2.79
-2.08
0.00
0.00
-0.11
0.00
2.66
-0.47
-0.67
0.14
0.00
-6.91
0.00
0.00
0.04
-0.78
0.67
1.31
0.00
0.00
0.00
0.00
0.00
0.00
0.00
0.00
0.00
0.00
0.00
0.00
0.00
0.00
0.00
0.00
0.00
0.00
-1.82
0.00
0.00
-6.91
-1.76
-1.34
6.91
1.55
-1.44
3.47
-1.05
-2.33
-2.59
-0.98
0.00
-6.91
-0.56
0.00
-1.46
-6.91
0.00
1.85
-0.66
0.00
2.97
-0.32
-1.56
-0.33
6.91
-1.54
0.00
0.00
-0.76
-1.29
-1.26
0.04
0.00
0.00
0.00
0.00
0.00
0.00
0.00
0.00
0.00
0.00
0.00
0.00
0.00
0.00
0.00
0.00
0.00
0.00
0.00
-1.06
-6.91
0.00
0.00
0.00
0.34
0.57
0.00
-1.33
1.62
0.00
0.00
1.94
-6.91
0.00
5.49
-0.92
0.00
0.00
-1.53
0.44
0.00
-6.91
-0.39
0.00
0.00
7.79
-0.50
0.00
-1.39
-2.25
0.88
0.00
1.50
2.76
0.00
0.00
0.00
0.00
0.00
0.00
0.00
0.00
0.00
0.00
0.00
0.00
0.00
0.00
0.00
0.00
0.00
0.00
-2.10
0.00
0.00
-3.69
-0.93
-1.68
1.48
3.49
-1.45
6.91
0.32
-6.91
-2.88
-0.22
0.00
-6.91
-0.16
0.00
-1.02
-3.33
0.00
4.96
-1.11
0.00
0.65
-1.66
-0.99
-0.41
1.75
-5.52
0.00
0.00
0.05
-0.97
-0.37
0.21
0.00
0.00
0.00
0.00
0.00
0.00
0.00
0.00
0.00
0.00
0.00
0.00
0.00
0.00
0.00
0.00
0.00
0.00
-0.17
0.00
0.00
-0.32
-2.12
-0.88
0.74
0.46
-3.17
1.01
-0.93
-10.12
-1.38
-0.70
0.00
-0.67
0.09
0.00
-0.70
-1.18
0.00
0.92
-5.36
0.00
0.24
-2.24
-1.21
0.07
0.74
-1.71
0.00
0.00
-1.31
0.37
-1.51
-0.06
0.00
0.00
0.00
0.00
0.00
0.00
0.00
0.00
0.00
0.00
0.00
0.00
0.00
0.00
0.00
0.00
0.00
0.00
-0.43
1.43
0.00
-1.44
-2.80
-1.60
0.40
-0.59
-1.75
-0.20
-6.91
-1.32
-0.73
-1.32
0.00
-0.80
-2.62
1.40
-0.79
-0.24
6.91
-0.28
-0.83
0.00
0.02
-1.69
-0.83
-3.27
-0.14
-0.90
1.16
0.00
-1.09
1.18
-6.91
-0.74
0.00
0.00
0.00
0.00
0.00
0.00
0.00
0.00
0.00
0.00
0.00
0.00
0.00
0.00
0.00
0.00
0.00
0.00
