0.00
0.00
0.00
0.00
0.00
0.00
0.00
0.00
0.00
0.00
0.00
0.00
0.00
0.00
0.00
0.00
0.00
0.00
-6.91
-1.36
0.00
1.73
-2.16
0.00
0.81
-0.52
-1.66
-0.40
0.00
-2.14
0.00
0.00
-0.25
-0.70
0.11
1.38
-6.91
-1.87
0.00
0.00
1.39
6.91
-0.39
-0.44
0.00
-1.14
-6.91
0.50
-1.42
-6.91
0.00
-0.49
-0.03
-0.45
-6.91
0.00
-0.95
1.79
-1.70
0.00
-0.55
1.44
-0.66
0.00
0.00
-1.42
0.00
-0.76
-0.43
-1.24
-2.37
-1.03
0.51
-0.60
-0.23
0.34
0.00
0.00
0.00
0.00
0.00
0.00
0.00
0.00
0.00
0.00
0.00
0.00
0.00
0.00
0.00
0.00
0.00
0.00
0.00
0.00
-4.07
-0.31
6.91
-1.96
-0.80
6.91
0.00
0.93
-1.20
0.00
-1.21
-0.47
1.80
0.00
4.98
-0.01
0.00
0.00
-6.91
-1.06
-0.41
-0.81
6.91
0.00
-1.94
0.00
0.00
1.54
0.00
0.00
-0.92
0.00
0.00
4.12
0.00
-5.58
0.00
-1.07
0.00
-6.91
0.00
-0.93
3.22
-1.14
-2.24
0.00
-1.44
2.36
0.00
0.00
0.00
0.00
0.40
6.91
1.28
1.21
0.00
0.00
0.00
0.00
0.00
0.00
0.00
0.00
0.00
0.00
0.00
0.00
0.00
0.00
0.00
0.00
0.00
0.00
0.00
0.00
-1.78
-0.91
0.00
-3.61
0.93
0.00
0.00
1.66
0.07
0.00
-0.71
-1.16
4.04
0.00
0.00
0.61
0.00
0.00
-0.74
-6.91
0.04
0.56
0.00
0.00
0.30
0.00
0.00
1.13
0.00
0.00
-1.39
0.00
0.00
0.00
0.00
-0.68
0.00
0.34
0.00
-6.91
0.00
0.25
0.00
-1.98
-1.23
0.00
-1.74
6.91
0.00
0.00
0.00
0.00
1.20
0.00
3.00
2.09
0.00
0.00
0.00
0.00
0.00
0.00
0.00
0.00
0.00
0.00
0.00
0.00
0.00
0.00
0.00
0.00
0.00
0.00
-1.02
-1.76
0.00
6.91
-2.14
0.00
2.24
-0.24
-1.29
-0.03
6.91
-1.27
0.00
0.00
-0.57
-1.71
-0.21
-0.05
-6.91
-3.98
0.00
0.00
1.50
6.91
-1.80
-6.91
6.91
-1.12
-1.79
-0.50
-1.01
-1.45
0.00
-0.61
-1.11
-1.11
-6.91
0.00
-6.91
2.24
-2.24
0.00
-1.03
0.93
-1.48
0.00
6.91
-1.68
0.00
0.11
-0.54
-0.77
-0.57
-0.68
-0.58
0.01
-0.06
0.02
0.00
0.00
0.00
0.00
0.00
0.00
0.00
0.00
0.00
0.00
0.00
0.00
0.00
0.00
0.00
0.00
0.00
0.00
-0.90
-0.91
6.91
0.83
-1.73
0.00
1.09
-6.91
-1.78
-0.45
0.59
-6.91
0.00
0.00
-2.11
-0.65
-0.58
-1.61
-0.96
-2.85
3.51
0.00
1.32
-0.05
-1.22
-3.04
1.51
-1.19
0.37
-1.53
-0.43
-1.93
0.00
-4.36
-1.12
-0.63
-0.54
2.41
-3.26
1.44
-3.34
0.00
-1.33
0.90
-1.67
0.00
0.55
-1.01
0.00
-2.18
-0.65
-1.14
0.12
-0.75
-2.35
-0.55
-0.70
-0.98
0.00
0.00
0.00
0.00
0.00
0.00
0.00
0.00
0.00
0.00
0.00
0.00
0.00
0.00
0.00
0.00
0.00
0.00
-0.58
-6.91
0.00
1.94
-5.23
0.00
0.05
-2.00
-1.68
-1.51
2.82
-6.91
0.00
0.00
-0.09
-0.82
-1.46
-0.32
-0.54
-1.18
0.00
0.00
0.25
0.27
-6.91
-6.91
2.52
-6.91
-0.15
-0.49
-1.63
-3.81
0.00
-0.99
-0.73
-0.46
-1.07
0.00
-5.94
1.45
-2.93
0.00
-1.67
0.97
-2.32
0.00
1.50
-6.91
0.00
-1.69
-0.09
-0.16
-0.73
-3.42
-1.52
-0.34
0.16
-0.43
0.00
0.00
0.00
0.00
0.00
0.00
0.00
0.00
0.00
0.00
0.00
0.00
0.00
0.00
0.00
0.00
0.00
0.00
6.91
3.03
-0.07
-2.46
0.14
0.46
-6.91
1.77
2.95
0.02
-6.91
2.94
-1.51
0.86
-0.84
0.00
0.06
-1.07
6.91
5.67
-1.46
0.05
-3.95
-6.91
0.03
1.27
-1.65
0.77
0.00
0.65
0.00
0.83
-0.28
6.91
1.00
0.20
0.00
-0.28
1.73
-1.24
1.49
-0.33
2.26
-1.26
0.84
0.15
-1.56
3.46
-0.70
-0.04
0.00
0.00
0.00
3.27
-0.74
0.83
-1.14
0.06
0.00
0.00
0.00
0.00
0.00
0.00
0.00
0.00
0.00
0.00
0.00
0.00
0.00
0.00
0.00
0.00
0.00
0.00
1.94
1.90
0.06
-1.53
0.71
0.10
-1.34
0.63
1.12
-0.69
-4.26
0.60
-1.05
0.62
-0.03
0.00
-0.93
-1.40
1.07
2.54
-0.26
0.45
-3.06
-6.91
0.04
0.59
-1.30
1.57
0.00
-0.41
1.59
2.19
1.06
2.96
1.50
-0.11
4.20
-1.13
2.55
-2.00
1.53
0.83
0.25
-6.91
1.16
-0.66
-1.44
1.80
-0.61
0.21
0.00
6.91
0.00
0.62
-1.00
0.58
-0.97
-0.25
0.00
0.00
0.00
0.00
0.00
0.00
0.00
0.00
0.00
0.00
0.00
0.00
0.00
0.00
0.00
0.00
0.00
0.00
-1.40
-1.29
1.91
0.63
-1.04
0.00
0.37
-1.64
-1.79
-1.21
0.20
-0.66
6.91
0.00
-1.44
0.57
-2.37
-0.47
-0.11
-1.19
1.52
0.00
-0.14
0.47
-2.40
-6.91
0.60
-6.91
0.61
-2.34
-0.97
-0.52
0.00
-2.70
-6.91
-0.92
0.03
6.91
-0.93
-0.01
-4.57
0.00
-0.72
-0.57
-1.97
3.18
1.07
-1.65
0.00
-1.51
-0.03
-1.23
-0.72
-2.09
-2.92
-1.16
-0.70
-3.65
0.00
0.00
0.00
0.00
0.00
0.00
0.00
0.00
0.00
0.00
0.00
0.00
0.00
0.00
0.00
0.00
0.00
0.00
0.00
1.33
-0.90
-1.46
1.93
-0.80
-2.11
0.61
1.89
-0.05
-6.91
6.91
-0.07
-0.77
0.51
0.00
-0.28
-0.58
0.00
6.91
-0.25
-1.06
-1.12
-2.68
0.22
1.57
-4.34
2.91
0.00
0.03
0.00
1.04
-0.60
1.40
0.71
-0.27
0.00
-0.74
6.91
-1.53
3.88
-0.16
1.59
-2.00
0.81
-1.73
-6.91
1.08
0.27
0.97
0.00
0.00
0.00
6.91
-0.53
0.95
0.32
1.06
0.00
0.00
0.00
0.00
0.00
0.00
0.00
0.00
0.00
0.00
0.00
0.00
0.00
0.00
0.00
0.00
0.00
0.00
-0.12
0.03
1.27
0.48
-1.72
1.85
-0.43
-0.21
-0.51
-1.86
-0.15
-0.20
0.73
0.00
-1.99
-0.10
-3.19
-3.08
-0.21
-0.17
0.86
2.14
-0.69
0.49
-0.65
-0.74
0.22
-0.24
0.09
-2.44
-0.37
-1.00
1.28
-0.24
-0.13
-6.91
0.57
1.83
-0.45
0.44
-3.81
1.33
-1.39
-0.61
-1.29
3.39
0.83
-1.32
6.91
-3.14
-0.13
-0.45
1.51
0.02
-1.55
-1.27
-1.45
-1.32
0.00
0.00
0.00
0.00
0.00
0.00
0.00
0.00
0.00
0.00
0.00
0.00
0.00
0.00
0.00
0.00
0.00
0.00
-0.53
-0.91
0.00
1.49
-1.86
0.00
1.38
-2.06
-1.01
0.09
0.91
-2.49
0.00
0.00
-0.12
-0.31
-1.85
-0.14
-1.54
-1.15
0.00
0.00
1.53
1.18
-3.03
-2.29
6.91
-3.22
-0.53
-1.04
-2.61
-2.23
0.00
-1.96
-2.36
-1.90
-0.94
0.00
-2.48
0.74
-6.91
0.00
-1.42
0.90
-1.26
0.00
1.19
-6.91
0.00
-1.39
-1.22
-0.83
-0.87
-1.12
-1.14
-0.51
-0.81
-1.33
0.00
0.00
0.00
0.00
0.00
0.00
0.00
0.00
0.00
0.00
0.00
0.00
0.00
0.00
0.00
0.00
0.00
0.00
-1.55
-1.97
0.00
1.35
-0.93
0.00
2.32
-1.24
-1.68
-0.49
0.00
-1.39
0.00
0.00
-0.13
-4.19
-0.16
0.92
-0.64
-2.23
0.00
0.00
1.02
2.72
-1.29
-2.17
0.00
-0.94
-0.45
0.65
-3.80
-1.44
0.00
-1.35
-2.47
-0.83
-0.81
0.00
-0.83
1.96
-0.31
0.00
-2.09
0.81
-0.53
0.00
0.00
-0.74
0.00
0.17
-2.02
-6.91
-0.76
-6.91
0.77
0.52
0.26
-0.16
0.00
0.00
0.00
0.00
0.00
0.00
0.00
0.00
0.00
0.00
0.00
0.00
0.00
0.00
0.00
0.00
0.00
0.00
0.74
0.24
2.22
0.03
-1.21
1.65
-1.24
-0.70
-0.83
-2.47
1.03
-0.19
4.37
2.98
-2.11
0.07
-6.91
-1.75
-0.47
-0.07
4.31
4.35
-0.81
0.15
-2.67
-0.63
-0.30
-0.20
1.20
-1.49
-0.14
-0.94
1.47
-1.33
-0.81
-4.04
0.25
2.07
-0.60
0.18
-1.60
1.04
-1.18
0.07
-0.77
0.62
-0.22
-1.80
1.75
-2.39
1.32
0.16
1.48
-1.17
-1.41
-1.54
-1.14
-2.20
0.00
0.00
0.00
0.00
0.00
0.00
0.00
0.00
0.00
0.00
0.00
0.00
0.00
0.00
0.00
0.00
0.00
0.00
0.00
0.00
-0.78
0.45
0.00
-0.75
-0.24
0.00
0.00
6.91
0.28
0.00
-2.26
-2.27
1.49
0.00
0.00
1.43
0.00
0.00
-0.70
-0.95
0.93
0.54
0.00
0.00
-0.21
0.00
0.00
6.91
0.00
0.00
-3.07
0.00
0.00
0.00
0.00
-2.25
0.00
0.50
0.00
-1.67
0.00
-0.18
0.00
-0.76
0.55
0.00
-1.83
6.91
0.00
0.00
0.00
0.00
6.91
0.00
2.63
2.49
0.00
0.00
0.00
0.00
0.00
0.00
0.00
0.00
0.00
0.00
0.00
0.00
0.00
0.00
0.00
0.00
0.00
0.00
-0.81
-3.50
0.00
0.72
-1.47
0.00
2.23
-2.73
-2.68
-0.05
6.91
-1.68
0.00
0.00
-0.16
-0.25
-0.95
-0.44
-3.53
-6.91
0.00
0.00
2.46
1.53
-0.36
-6.91
2.37
-6.91
-0.54
-0.80
-4.00
-2.51
0.00
-1.32
-1.52
0.06
-2.09
0.00
-2.26
0.54
-0.67
0.00
-1.03
0.76
-0.55
0.00
1.62
-2.60
0.00
-0.24
-0.73
-0.59
-0.43
-1.90
-0.80
-0.35
-0.02
-1.18
0.00
0.00
0.00
0.00
0.00
0.00
0.00
0.00
0.00
0.00
0.00
0.00
0.00
0.00
0.00
0.00
0.00
0.00
-0.49
-0.37
0.79
-0.34
-0.80
1.34
-0.16
-2.00
-1.24
-1.82
-0.62
0.35
0.51
1.54
-1.66
0.43
-1.32
-1.62
0.96
-0.68
0.54
6.91
-1.10
-0.31
-0.93
-0.10
-0.32
-0.61
0.72
-1.18
0.65
-0.34
1.57
-0.88
-1.38
-1.33
1.20
0.85
0.11
-0.89
-0.74
1.58
-0.33
-1.63
-1.65
0.34
0.22
-0.95
6.91
-1.31
1.00
-0.38
0.30
-0.65
-6.91
-0.64
-2.13
-1.41
0.00
0.00
0.00
0.00
0.00
0.00
0.00
0.00
0.00
0.00
0.00
0.00
0.00
0.00
0.00
0.00
0.00
0.00
0.00
0.00
-6.91
-0.95
0.00
-1.47
-0.29
6.91
0.00
0.87
-1.17
0.00
-6.91
-0.82
1.97
0.00
2.69
1.05
0.00
0.00
-1.30
-5.41
0.02
-0.70
1.41
0.00
-0.75
0.00
0.00
2.09
0.00
0.00
-6.91
0.00
0.00
1.02
0.00
-6.91
0.00
-1.19
0.00
-1.42
0.00
-0.72
1.45
-3.54
-0.28
0.00
-1.19
1.64
0.00
0.00
0.00
0.00
0.36
6.91
0.04
6.91
-6.91
0.00
0.00
-1.09
-0.71
-0.42
6.91
1.42
-0.35
0.00
-0.59
-1.40
-3.37
-0.04
0.00
-1.94
-0.42
0.00
0.00
0.00
0.00
0.00
0.00
0.00
0.00
0.00
0.00
0.00
0.00
0.00
0.00
0.00
0.00
0.00
0.00
0.00
-1.53
-3.87
0.00
0.00
1.57
6.91
0.02
-1.87
0.00
-0.81
-1.43
-0.63
-1.81
-6.91
0.00
-0.75
-1.00
0.29
-2.41
0.00
-2.96
6.91
-1.29
0.00
-0.59
1.70
-0.91
0.00
0.00
-1.09
0.00
0.73
-1.41
-0.94
-0.95
-0.52
0.03
-0.38
0.96
0.12
-6.91
0.00
0.00
-6.91
-1.17
-2.17
2.58
1.28
-1.56
1.35
-0.04
-1.66
-2.51
-1.01
0.00
-6.91
-0.16
0.00
0.00
0.00
0.00
0.00
0.00
0.00
0.00
0.00
0.00
0.00
0.00
0.00
0.00
0.00
0.00
0.00
0.00
0.00
-0.92
-2.31
0.00
0.00
1.18
1.86
-0.80
-0.98
1.56
-1.10
-0.58
-0.87
-0.67
-2.68
0.00
-3.10
-2.64
-1.04
-0.72
0.00
-1.70
0.95
-0.97
0.00
-6.91
0.42
-1.92
0.00
6.91
-2.31
0.00
-1.37
-0.59
-6.91
-0.17
-1.04
0.35
-0.07
-0.05
-1.07
0.00
-2.63
-0.80
0.00
2.15
0.00
0.04
-0.34
6.91
-0.39
4.08
0.00
0.00
0.65
-3.43
0.00
0.16
-1.26
0.00
0.00
0.00
0.00
0.00
0.00
0.00
0.00
0.00
0.00
0.00
0.00
0.00
0.00
0.00
0.00
0.00
0.00
0.00
0.00
-1.25
-6.91
0.27
-0.81
6.91
0.00
-1.26
0.00
0.00
1.97
0.00
0.00
-0.81
0.00
0.00
4.25
0.00
-6.91
0.00
-1.12
0.00
-1.70
0.00
0.23
2.39
-6.91
-1.57
0.00
-6.91
0.45
0.00
0.00
0.00
0.00
2.12
2.17
0.04
1.31
6.91
-0.81
-0.31
1.05
0.13
0.84
-5.39
-1.39
0.98
-6.91
0.53
1.31
2.76
-0.55
0.04
6.91
0.34
-1.14
0.00
0.00
0.00
0.00
0.00
0.00
0.00
0.00
0.00
0.00
0.00
0.00
0.00
0.00
0.00
0.00
0.00
0.00
1.85
6.91
-0.59
0.46
-1.87
-3.19
1.03
1.40
-6.91
4.85
0.00
-0.69
0.00
1.65
0.36
1.93
0.85
0.15
0.00
-0.90
2.02
-2.24
0.84
-0.49
0.98
-1.16
1.40
0.17
-2.05
1.11
-0.89
-0.41
0.00
0.00
0.00
2.26
-0.80
1.12
-0.82
-0.43
-0.41
3.71
0.00
-4.18
-1.40
-0.99
0.47
-0.29
-6.91
1.62
-1.71
-1.90
-1.53
-1.11
0.00
-2.10
-1.68
0.00
0.00
0.00
0.00
0.00
0.00
0.00
0.00
0.00
0.00
0.00
0.00
0.00
0.00
0.00
0.00
0.00
0.00
0.00
-1.60
-1.26
6.91
0.00
0.21
0.04
-4.04
-0.79
0.64
-6.91
0.29
-1.36
-0.52
-3.40
0.00
-0.52
-2.05
-0.95
-1.95
6.91
-0.78
0.74
-1.59
0.00
-1.74
1.03
-6.91
0.00
0.33
-1.00
0.00
-2.29
-0.52
-0.46
-0.62
-4.54
-2.23
-1.26
-0.85
-0.99
0.00
-0.87
-3.18
0.00
0.00
0.00
-0.03
0.58
0.00
-0.55
2.07
0.00
0.00
6.91
-1.34
0.00
1.07
-2.36
0.00
0.00
0.00
0.00
0.00
0.00
0.00
0.00
0.00
0.00
0.00
0.00
0.00
0.00
0.00
0.00
0.00
0.00
0.00
0.00
-2.53
-2.19
-0.36
0.20
0.00
0.00
-0.17
0.00
0.00
1.12
0.00
0.00
-6.91
0.00
0.00
0.00
0.00
-1.94
0.00
-0.50
0.00
-1.34
0.00
-0.48
0.00
-0.85
0.30
0.00
-6.91
1.82
0.00
0.00
0.00
0.00
6.91
0.00
1.71
6.91
1.03
-0.53
0.50
1.16
0.08
1.82
-6.91
-6.91
-0.54
-0.55
0.01
2.02
1.24
0.11
0.89
0.23
-1.05
0.51
0.00
0.00
0.00
0.00
0.00
0.00
0.00
0.00
0.00
0.00
0.00
0.00
0.00
0.00
0.00
0.00
0.00
0.00
1.09
2.16
0.10
0.42
-1.50
-6.91
0.23
0.50
-0.94
2.20
0.00
0.00
6.70
1.65
0.59
1.15
1.58
-0.66
4.10
-0.31
0.75
-1.40
0.94
-0.15
1.11
-1.33
0.07
0.04
-0.79
1.70
-0.26
-0.58
0.00
1.93
0.00
1.55
-1.68
-0.94
-1.79
0.10
-0.08
2.58
0.00
-1.57
-2.19
-0.84
0.50
0.25
-1.81
2.26
-0.79
-0.83
-0.36
-1.03
0.00
-0.63
-0.46
3.05
0.00
0.00
0.00
0.00
0.00
0.00
0.00
0.00
0.00
0.00
0.00
0.00
0.00
0.00
0.00
0.00
0.00
0.00
-0.19
-1.43
1.38
0.00
0.12
0.33
-6.91
-1.14
1.11
-1.33
0.32
-0.39
-0.82
-0.81
0.00
-0.78
-4.94
-1.00
-0.72
8.70
-2.07
-0.06
-1.03
0.00
-0.60
0.36
-6.91
6.91
2.05
-0.94
0.00
-0.38
0.08
-0.16
0.64
-3.19
-0.59
-1.66
-0.48
-1.98
-1.42
0.00
0.00
-0.96
-5.34
-3.22
2.61
0.05
-2.16
1.36
-0.61
-3.39
-0.20
-0.98
0.00
-1.95
0.14
0.00
0.00
0.00
0.00
0.00
0.00
0.00
0.00
0.00
0.00
0.00
0.00
0.00
0.00
0.00
0.00
0.00
0.00
0.00
-1.07
-2.92
0.00
0.00
0.91
1.04
-0.90
-1.61
1.12
-6.91
0.10
-0.20
-2.53
-3.28
0.00
-0.67
-0.61
-0.92
-0.99
0.00
-2.17
1.07
-1.69
0.00
-6.91
1.06
-1.70
0.00
6.42
-1.72
0.00
-1.65
-1.46
-1.20
-1.11
-1.09
-0.96
-0.43
-0.14
-1.22
-0.58
0.59
1.32
-0.10
-1.09
-0.78
-0.44
-1.32
-0.72
0.07
-2.85
-1.00
1.06
-2.93
1.80
-0.04
-2.96
0.93
0.00
0.00
0.00
0.00
0.00
0.00
0.00
0.00
0.00
0.00
0.00
0.00
0.00
0.00
0.00
0.00
0.00
0.00
0.55
0.05
3.21
3.51
-0.15
0.28
-0.38
-0.74
-0.22
0.03
0.03
-6.91
0.22
0.24
1.02
-0.92
-0.31
-2.35
0.52
2.45
-0.69
0.23
-1.95
1.31
-1.10
0.01
-0.82
1.46
0.79
-0.20
2.59
-6.91
-0.02
-0.07
0.46
-1.11
-2.24
-1.20
-1.71
-6.91
0.00
-0.99
0.10
3.19
1.42
2.46
-6.91
-6.91
1.49
-2.08
0.43
2.75
0.00
1.05
-0.61
4.15
0.63
-1.00
0.00
0.00
0.00
0.00
0.00
0.00
0.00
0.00
0.00
0.00
0.00
0.00
0.00
0.00
0.00
0.00
0.00
0.00
0.00
6.91
-1.95
-1.19
-4.82
-2.20
0.62
3.59
-1.45
1.21
0.00
0.93
0.00
1.82
0.20
2.58
0.49
0.09
0.00
-0.60
6.91
-6.91
0.36
-1.17
6.91
-0.85
0.77
-2.17
-6.91
2.37
-0.50
0.06
0.00
0.00
0.00
3.20
-0.72
-0.27
-0.06
-0.45
-1.55
0.00
0.00
-2.31
-0.71
-3.60
3.34
1.31
-0.62
1.83
-0.59
-2.95
-2.50
-0.02
0.00
-6.91
-0.65
0.00
0.00
0.00
0.00
0.00
0.00
0.00
0.00
0.00
0.00
0.00
0.00
0.00
0.00
0.00
0.00
0.00
0.00
0.00
-0.59
-1.36
0.00
0.00
2.17
1.26
-1.29
-3.31
6.91
-1.69
-0.30
0.24
-0.71
-4.90
0.00
-1.48
-0.83
-1.12
-0.85
0.00
-6.91
0.52
-0.91
0.00
-6.91
0.29
-1.31
0.00
1.64
-6.91
0.00
-1.45
-1.54
-6.91
-0.13
-0.98
-1.36
-1.87
-0.34
-0.93
0.00
-1.14
-1.27
0.00
0.00
0.00
-0.40
0.15
2.47
-2.03
1.56
0.00
0.00
3.78
-0.83
0.00
2.19
-3.96
0.00
0.00
0.00
0.00
0.00
0.00
0.00
0.00
0.00
0.00
0.00
0.00
0.00
0.00
0.00
0.00
0.00
0.00
0.00
0.00
-6.91
-1.65
0.32
0.17
6.91
0.00
-1.00
0.00
0.00
1.72
0.00
0.00
-2.74
0.00
0.00
2.17
0.00
-6.91
0.00
-0.95
0.00
-1.76
0.00
-0.41
6.91
-6.91
-0.77
0.00
-0.77
6.91
0.00
0.00
0.00
0.00
2.81
5.14
0.92
2.98
0.00
-0.72
-1.93
0.00
0.00
0.00
-0.12
0.04
0.00
-0.17
0.00
0.00
0.00
6.91
-6.91
0.00
6.91
-1.12
0.00
0.00
0.00
0.00
0.00
0.00
0.00
0.00
0.00
0.00
0.00
0.00
0.00
0.00
0.00
0.00
0.00
0.00
0.00
0.00
-3.48
-2.66
0.29
-0.37
0.00
0.00
0.41
0.00
0.00
6.91
0.00
0.00
-1.56
0.00
0.00
0.00
0.00
-0.55
0.00
-0.24
0.00
-2.47
0.00
0.86
0.00
-1.77
0.12
0.00
-2.04
1.41
0.00
0.00
0.00
0.00
1.07
0.00
3.58
2.29
-0.58
1.75
2.17
-0.51
-0.33
-1.01
0.61
0.27
-3.68
-0.14
-1.65
-1.50
0.15
-1.80
1.33
0.08
-2.13
0.65
0.00
0.00
0.00
0.00
0.00
0.00
0.00
0.00
0.00
0.00
0.00
0.00
0.00
0.00
0.00
0.00
0.00
0.00
0.03
0.18
0.91
1.50
-0.95
0.17
-1.33
-0.57
0.30
-0.06
1.62
-2.52
0.65
-0.65
1.67
-0.74
-1.30
-2.00
-0.34
0.82
-0.11
0.23
-0.26
2.23
-0.76
-0.73
-2.19
0.77
0.18
-0.49
6.91
-6.91
0.85
-0.12
1.71
-0.90
-1.66
-2.05
-3.07
-6.91
-4.67
0.00
0.00
-1.40
-0.08
-1.05
0.00
0.00
-0.14
0.00
-0.30
-2.04
-2.34
-0.06
0.00
-0.44
0.83
0.00
0.00
0.00
0.00
0.00
0.00
0.00
0.00
0.00
0.00
0.00
0.00
0.00
0.00
0.00
0.00
0.00
0.00
0.00
-3.06
-1.81
0.00
0.00
0.00
0.00
-0.69
-0.23
0.00
-0.11
-6.91
1.18
-1.35
-1.58
0.00
-0.61
-0.43
-0.26
-2.45
0.00
-2.19
0.00
0.10
0.00
0.08
0.00
-0.81
0.00
0.00
-0.44
0.00
1.55
-1.27
-1.01
-6.91
-0.20
1.94
0.16
0.60
-0.05
0.08
2.58
0.00
-0.41
-3.45
-0.76
-0.48
-0.79
-0.85
0.78
-5.64
-1.08
0.09
-1.13
0.00
-0.78
-6.91
1.79
0.00
0.00
0.00
0.00
0.00
0.00
0.00
0.00
0.00
0.00
0.00
0.00
0.00
0.00
0.00
0.00
0.00
0.00
-0.10
-0.40
1.46
6.91
0.37
-0.23
-1.88
-2.52
1.32
-0.75
1.31
-6.91
0.44
-0.78
2.50
-0.88
-0.77
-1.51
-0.21
2.99
0.08
-0.33
-1.79
2.23
-1.54
-1.18
-1.95
1.65
0.79
-1.22
6.91
-1.33
0.06
0.84
0.82
0.05
-0.99
-6.91
-2.28
-3.34
0.20
0.27
0.89
-0.70
-0.25
0.42
0.05
-0.07
-0.25
-0.78
-1.21
-0.65
1.11
-1.40
6.91
0.16
-1.60
0.49
0.00
0.00
0.00
0.00
0.00
0.00
0.00
0.00
0.00
0.00
0.00
0.00
0.00
0.00
0.00
0.00
0.00
0.00
-0.01
0.28
-0.00
0.89
-0.37
-0.22
-1.39
-0.18
0.01
0.19
1.25
-1.80
1.09
-0.19
1.19
-0.72
-0.24
-0.34
0.70
0.12
0.55
-0.23
-0.14
0.63
-1.05
-0.07
-0.85
0.95
0.31
-0.38
0.75
-0.32
2.40
0.31
2.54
-0.60
-1.14
-1.63
-6.91
-0.67
-4.26
0.00
0.00
-2.70
-0.10
-0.45
2.02
6.91
-0.80
0.00
0.28
-0.62
-1.85
0.29
0.00
-6.91
1.14
0.00
-1.46
-6.91
0.00
6.91
-0.08
0.00
1.53
-0.08
-0.47
0.44
0.00
-1.16
0.00
0.00
-0.31
-2.32
0.06
-0.21
0.00
0.00
0.00
0.00
0.00
0.00
0.00
0.00
0.00
0.00
0.00
0.00
0.00
0.00
0.00
0.00
0.00
0.00
-1.51
0.00
-1.20
6.91
-1.58
0.00
-1.12
6.91
-0.91
0.00
0.00
-1.66
0.00
0.06
-2.35
-2.83
-3.65
-3.56
0.47
0.54
0.56
-0.26
-6.91
0.00
0.00
-6.91
-1.17
-6.91
0.95
0.47
-0.70
1.63
-0.78
-1.10
-0.56
-0.51
0.00
-1.45
-0.08
0.00
-6.91
-6.91
0.00
1.20
-1.60
0.00
1.59
-0.60
-1.15
-0.06
1.76
-2.35
0.00
0.00
0.20
-3.22
-1.30
-0.38
0.00
0.00
0.00
0.00
0.00
0.00
0.00
0.00
0.00
0.00
0.00
0.00
0.00
0.00
0.00
0.00
0.00
0.00
-6.91
0.00
-6.91
0.83
-1.79
0.00
-6.91
2.49
-1.44
0.00
6.91
-1.40
0.00
0.05
-0.32
-2.05
-0.28
-6.91
-0.66
-1.22
-0.60
-1.26
0.00
-1.95
-1.58
0.00
1.55
0.00
-0.30
0.49
2.99
-0.65
4.43
0.00
0.00
0.44
-0.88
0.00
0.41
-6.91
0.00
0.00
-6.91
-0.17
2.42
-2.14
-0.51
3.23
0.00
1.14
-0.57
0.00
-2.10
-4.53
0.25
0.00
1.44
1.73
0.00
0.00
0.00
0.00
0.00
0.00
0.00
0.00
0.00
0.00
0.00
0.00
0.00
0.00
0.00
0.00
0.00
0.00
0.00
-2.95
0.00
-0.01
0.00
-3.47
0.00
0.22
6.91
-6.91
-0.59
0.00
-1.76
0.76
0.00
0.00
0.00
0.00
0.63
1.79
0.37
2.64
0.00
-4.11
-1.81
0.00
0.00
0.00
-0.54
-0.63
0.00
0.25
1.58
0.00
0.00
1.63
-2.03
0.00
1.04
-0.99
0.00
0.00
-4.19
-0.10
0.00
-6.91
1.06
0.00
0.00
6.91
-1.39
0.00
-2.10
-0.92
1.96
0.00
3.48
1.42
0.00
0.00
0.00
0.00
0.00
0.00
0.00
0.00
0.00
0.00
0.00
0.00
0.00
0.00
0.00
0.00
0.00
0.00
0.00
-4.05
0.00
-0.63
0.00
-2.15
0.00
0.66
0.00
-1.73
-0.70
0.00
-1.58
1.11
0.00
0.00
0.00
0.00
3.66
0.00
2.76
2.93
2.82
0.20
-0.12
0.69
0.29
-0.09
-1.19
-6.91
0.28
-1.80
-0.76
0.54
2.89
-0.58
0.19
0.22
-0.38
0.39
0.94
1.83
-0.71
-1.10
0.17
0.39
-6.91
1.24
0.74
-0.08
-1.08
1.45
-0.66
0.38
-0.91
0.00
0.34
-1.61
0.00
0.00
0.00
0.00
0.00
0.00
0.00
0.00
0.00
0.00
0.00
0.00
0.00
0.00
0.00
0.00
0.00
0.00
6.91
-1.13
3.37
-2.44
0.58
0.58
1.62
-2.04
1.09
0.30
-6.91
0.38
-0.55
-1.47
0.00
6.91
0.00
1.81
-0.57
-0.47
-1.76
-1.27
6.91
-0.40
0.47
2.62
0.85
0.26
-3.30
-0.95
0.67
-1.93
0.38
1.67
6.91
-0.99
0.30
1.48
-0.38
-0.28
6.91
3.80
-0.11
-2.25
0.26
-0.89
-2.16
0.52
1.28
-0.37
-1.05
1.85
-1.04
0.96
-0.85
0.00
0.11
-0.40
0.00
0.00
0.00
0.00
0.00
0.00
0.00
0.00
0.00
0.00
0.00
0.00
0.00
0.00
0.00
0.00
0.00
0.00
0.00
-0.75
0.91
-6.91
0.18
-0.35
1.07
-6.91
1.63
-1.10
-3.02
0.55
0.18
0.24
0.00
2.35
0.00
2.62
-0.33
0.48
-0.23
0.35
-1.09
6.91
0.00
-1.39
-1.44
-1.27
0.15
1.17
-1.13
0.93
-2.92
-1.27
-0.03
-1.17
0.00
-1.31
-0.39
6.91
-1.45
-1.22
2.33
1.76
-3.47
0.00
0.16
-6.91
-0.92
-0.33
1.82
-1.08
6.91
0.00
-0.98
-0.91
-1.90
-0.11
0.00
0.00
0.00
0.00
0.00
0.00
0.00
0.00
0.00
0.00
0.00
0.00
0.00
0.00
0.00
0.00
0.00
0.00
-0.82
2.81
-0.45
0.78
-3.49
0.00
-0.63
0.02
-1.41
2.30
0.83
-1.67
0.00
-0.72
-0.34
0.14
-0.36
-0.89
-0.48
-0.73
-1.89
-1.45
-0.67
0.00
0.00
-2.11
-1.55
-2.36
3.94
1.00
-2.57
6.91
-0.93
-1.46
-0.75
-0.04
0.00
-1.25
-0.23
0.00
-1.06
-1.01
0.00
2.10
-1.96
0.00
0.89
-1.83
-2.06
-1.41
1.04
-3.13
0.00
0.00
-0.97
-1.62
-1.93
0.29
0.00
0.00
0.00
0.00
0.00
0.00
0.00
0.00
0.00
0.00
0.00
0.00
0.00
0.00
0.00
0.00
0.00
0.00
-3.24
0.00
-6.91
1.37
-2.19
0.00
-6.91
0.85
-0.70
0.00
6.91
-3.07
0.00
-1.24
-0.33
-0.31
-0.09
-0.83
-1.11
-1.21
-0.58
-0.39
0.00
-1.22
-0.94
6.91
1.90
0.66
-6.91
-1.13
0.69
-2.82
0.01
1.34
0.00
-0.68
-0.33
2.10
0.26
-1.82
0.00
1.31
-0.41
-6.91
1.19
-0.82
-1.19
1.20
0.92
0.63
-3.02
2.78
-0.35
-0.40
0.91
0.00
-0.07
0.48
0.00
0.00
0.00
0.00
0.00
0.00
0.00
0.00
0.00
0.00
0.00
0.00
0.00
0.00
0.00
0.00
0.00
0.00
0.00
-1.58
6.91
-6.91
2.58
-0.52
1.90
-2.92
1.15
-1.17
-6.91
1.85
-1.39
0.58
0.00
0.00
0.00
1.25
-0.36
0.73
0.53
-0.59
-2.65
0.00
0.00
-2.63
-0.92
-6.91
1.00
1.35
-1.84
1.39
-1.43
-1.37
-0.83
-0.66
0.00
-2.14
-0.83
0.00
-1.76
-1.29
0.00
0.44
-1.00
0.00
0.82
-1.02
-1.19
-1.47
3.66
-2.97
0.00
0.00
-0.04
-1.45
-1.24
0.26
0.00
0.00
0.00
0.00
0.00
0.00
0.00
0.00
0.00
0.00
0.00
0.00
0.00
0.00
0.00
0.00
0.00
0.00
-0.96
0.00
-0.83
1.37
-1.07
0.00
-1.74
1.94
-1.74
0.00
2.44
-6.91
0.00
-1.07
-0.36
-1.41
-1.67
-0.92
-1.13
-2.45
-0.11
-0.50
-1.48
0.00
0.00
-1.77
-0.64
-0.77
0.00
0.00
0.70
0.00
0.37
0.02
-0.58
0.44
0.00
-1.64
1.64
0.00
-1.12
-0.83
0.00
0.00
-0.18
0.00
0.00
0.32
-0.58
0.33
0.00
-1.48
0.00
0.00
0.43
-6.91
0.43
1.27
0.00
0.00
0.00
0.00
0.00
0.00
0.00
0.00
0.00
0.00
0.00
0.00
0.00
0.00
0.00
0.00
0.00
0.00
-1.25
0.00
-1.25
0.00
-0.75
0.00
-0.86
0.00
-0.28
0.00
0.00
-0.17
0.00
0.64
-2.68
-0.83
-6.91
-2.02
0.81
0.19
1.21
0.91
-0.80
1.41
2.98
-0.40
-1.18
-1.00
-0.44
-1.11
-1.21
0.90
-3.36
-0.80
0.11
-6.91
1.42
0.28
-6.91
2.27
0.48
0.40
0.97
-0.35
-0.75
1.75
-1.51
-0.57
-0.91
-1.26
-0.22
-0.05
1.28
3.99
-6.91
-0.04
-3.89
-4.29
0.00
0.00
0.00
0.00
0.00
0.00
0.00
0.00
0.00
0.00
0.00
0.00
0.00
0.00
0.00
0.00
0.00
0.00
0.32
2.92
-0.89
0.61
-0.83
1.85
-1.45
-0.36
-1.05
1.70
-0.21
-0.28
4.52
-2.45
0.33
0.30
0.52
0.46
-6.91
-1.03
-0.67
-6.91
-1.31
0.00
0.00
-0.50
-0.78
-2.38
0.00
6.91
-1.53
0.00
0.42
-1.34
-3.19
-0.13
0.00
-3.81
0.55
0.00
-2.32
-2.40
0.00
0.00
-0.19
0.00
1.81
-1.60
-1.46
-0.22
0.00
-0.91
0.00
0.00
-0.02
-1.47
-0.22
0.91
0.00
0.00
0.00
0.00
0.00
0.00
0.00
0.00
0.00
0.00
0.00
0.00
0.00
0.00
0.00
0.00
0.00
0.00
-3.33
0.00
-0.87
6.91
-1.05
0.00
-0.22
1.35
-1.11
0.00
0.00
-0.43
0.00
0.43
-0.53
-2.64
-2.35
-1.07
0.40
-0.20
1.13
0.40
-2.68
0.00
0.00
-6.91
-3.15
-2.40
2.55
1.60
-0.89
6.55
-0.34
-6.91
-0.79
-1.33
0.00
-2.32
-0.72
0.00
-0.76
-2.17
0.00
1.44
-0.81
0.00
0.38
-0.91
-4.15
-0.51
5.29
-1.25
0.00
0.00
-1.17
-0.38
0.10
-0.52
0.00
0.00
0.00
0.00
0.00
0.00
0.00
0.00
0.00
0.00
0.00
0.00
0.00
0.00
0.00
0.00
0.00
0.00
-2.22
0.00
-6.91
0.65
-0.73
0.00
-6.91
0.63
-1.66
0.00
3.87
-1.30
0.00
-0.81
-0.13
-2.42
-0.69
-4.71
-0.78
-1.89
-0.57
-0.03
0.00
-1.03
-2.41
0.00
0.00
0.00
0.62
0.28
0.00
-0.34
1.71
0.00
0.00
1.08
-3.06
0.00
0.80
-1.38
0.00
0.00
-6.91
-0.20
0.00
-1.06
-0.37
0.00
0.00
6.91
-0.97
0.00
-1.04
-6.91
3.08
0.00
6.91
0.94
0.00
0.00
0.00
0.00
0.00
0.00
0.00
0.00
0.00
0.00
0.00
0.00
0.00
0.00
0.00
0.00
0.00
0.00
0.00
-0.88
0.00
-0.66
0.00
-1.44
0.00
0.85
0.00
-6.91
-0.93
0.00
-6.91
3.49
0.00
0.00
0.00
0.00
6.91
0.00
2.76
1.84
-1.87
0.00
0.00
-2.86
-1.86
-6.91
1.85
0.51
-1.23
2.01
-1.38
-1.53
-1.31
0.41
0.00
-1.58
0.04
0.00
-3.24
-1.31
0.00
0.82
-1.03
0.00
1.70
-1.73
-0.58
-0.50
6.91
-6.91
0.00
0.00
-0.74
-2.05
-0.60
0.28
0.00
0.00
0.00
0.00
0.00
0.00
0.00
0.00
0.00
0.00
0.00
0.00
0.00
0.00
0.00
0.00
0.00
0.00
-1.42
0.00
-2.30
1.97
-2.23
0.00
-6.91
0.76
-0.69
0.00
1.87
-6.91
0.00
0.51
-0.04
-2.14
-0.88
-3.27
-0.06
-0.66
-0.31
-0.75
-0.65
0.00
0.00
-2.47
-6.91
-0.62
1.86
1.21
-1.18
6.91
-0.80
-0.76
-1.02
-0.55
0.00
-0.59
-0.23
0.00
-1.25
-1.49
0.00
1.87
-2.80
0.00
0.68
-2.33
-1.90
-0.51
1.69
-0.75
0.00
0.00
-1.14
0.05
-1.14
-0.67
0.00
0.00
0.00
0.00
0.00
0.00
0.00
0.00
0.00
0.00
0.00
0.00
0.00
0.00
0.00
0.00
0.00
0.00
0.12
0.00
-0.75
0.60
-1.90
0.00
-3.66
1.55
-4.19
0.00
1.40
-0.62
0.00
-0.06
-0.00
-1.71
0.35
-1.29
-1.50
-0.65
-0.75
-0.63
0.05
0.96
0.00
-0.63
-2.71
-2.18
0.75
-0.98
-0.74
0.48
-6.91
-1.16
0.06
-1.03
0.00
-1.72
-1.66
1.32
-0.63
-1.49
4.20
-0.50
-0.75
0.00
-0.91
-0.79
-0.38
-6.91
-0.22
-0.26
6.91
0.00
-5.23
-0.38
-2.73
-1.33
0.00
0.00
0.00
0.00
0.00
0.00
0.00
0.00
0.00
0.00
0.00
0.00
0.00
0.00
0.00
0.00
0.00
0.00
-0.04
1.26
-1.35
0.13
-2.73
6.91
-1.20
0.42
-1.62
1.70
0.69
-0.75
1.83
-1.07
1.12
-0.16
0.35
-1.12
-1.13
-1.42
-0.27
-1.41
-6.91
0.00
0.00
-2.65
-0.22
-1.35
0.00
6.91
-0.37
0.00
0.25
-3.00
-2.97
0.83
0.00
-0.78
1.25
0.00
-6.91
-1.63
0.00
0.00
-0.01
0.00
6.91
-1.14
-1.62
-0.41
0.00
-2.06
0.00
0.00
-0.17
-1.15
-0.37
1.31
-1.66
-0.79
0.00
0.00
0.91
0.00
-0.07
-2.12
0.00
-1.06
-1.06
0.26
-1.26
-1.49
0.00
-1.47
-0.43
-0.31
0.00
0.00
0.00
0.00
0.00
0.00
0.00
0.00
0.00
0.00
0.00
0.00
0.00
0.00
0.00
0.00
0.00
0.00
0.00
0.00
0.00
0.00
0.00
-3.81
-0.66
0.00
1.47
0.00
-0.03
0.13
6.91
-2.04
1.28
0.00
0.00
1.00
-6.91
0.00
1.11
-6.91
0.00
0.00
-6.91
-0.65
1.44
-4.41
-0.14
4.56
0.00
2.71
-0.89
0.00
-1.81
-1.20
0.45
0.00
0.67
0.33
0.00
0.00
-6.91
-6.91
-0.65
-0.82
6.91
0.00
-0.32
0.00
0.00
1.12
0.00
0.00
-6.91
0.00
0.00
4.52
0.00
0.00
0.00
0.00
0.00
0.00
0.00
0.00
0.00
0.00
0.00
0.00
0.00
0.00
0.00
0.00
0.00
0.00
0.00
0.00
0.00
0.00
-1.72
0.00
0.00
-6.91
-2.58
-1.39
6.91
0.99
-1.99
6.91
0.09
-1.83
-0.83
-0.08
0.00
-2.14
0.64
0.00
-6.91
-6.91
0.00
2.41
-0.66
0.00
2.89
-0.10
-6.91
-0.20
2.72
-6.91
0.00
0.00
-0.99
-0.51
-0.52
0.90
-1.58
-2.83
0.00
0.00
2.28
1.18
-1.51
-1.32
2.54
-2.04
-1.29
-0.55
-0.59
-2.64
0.00
-3.07
-2.48
-0.57
0.00
0.00
0.00
0.00
0.00
0.00
0.00
0.00
0.00
0.00
0.00
0.00
0.00
0.00
0.00
0.00
0.00
0.00
0.00
0.00
0.00
0.00
2.26
0.15
0.76
1.76
1.09
0.26
-6.91
-2.90
0.55
-6.91
-0.26
0.62
1.55
-0.48
-0.45
1.30
-1.02
-0.39
1.94
3.12
-0.16
-6.91
0.34
0.42
-1.51
-0.12
1.47
-0.66
-6.91
0.59
0.31
-0.22
-0.21
0.00
0.01
0.23
2.49
6.91
-0.52
-0.93
-1.18
-7.96
0.83
0.41
-1.06
1.83
0.00
-0.57
2.36
0.58
-0.35
3.46
0.42
0.48
0.00
0.00
0.00
0.00
0.00
0.00
0.00
0.00
0.00
0.00
0.00
0.00
0.00
0.00
0.00
0.00
0.00
0.00
0.00
0.00
0.00
0.00
-1.76
0.00
0.00
-3.44
-1.81
-1.13
1.01
1.22
-6.91
0.72
-1.00
-0.87
-0.93
-1.11
0.00
-3.72
-0.39
0.00
-1.16
-1.20
0.00
1.09
-2.15
0.00
0.45
-6.91
-2.91
-0.14
2.84
-0.88
0.00
0.00
-1.75
0.15
-2.06
-0.74
-1.48
-0.53
0.00
0.00
1.05
1.09
-6.91
-2.57
0.84
-6.91
-0.18
-0.64
-1.94
-1.65
0.00
-0.70
-2.70
-1.03
0.00
0.00
0.00
0.00
0.00
0.00
0.00
0.00
0.00
0.00
0.00
0.00
0.00
0.00
0.00
0.00
0.00
0.00
0.00
0.00
0.00
0.00
0.00
-2.39
-2.71
0.00
0.00
0.00
-0.16
0.19
0.00
-0.78
6.91
0.00
0.00
1.65
-1.03
0.00
6.91
-4.32
0.00
0.00
-0.98
-1.09
0.00
-6.91
-0.34
0.00
0.00
6.91
-0.94
0.00
-2.33
-0.35
6.91
0.00
6.91
0.49
0.00
0.00
-1.82
-2.60
1.03
-0.53
0.00
0.00
-0.76
0.00
0.00
1.32
0.00
0.00
-1.67
0.00
0.00
1.57
0.00
0.00
0.00
0.00
0.00
0.00
0.00
0.00
0.00
0.00
0.00
0.00
0.00
0.00
0.00
0.00
0.00
0.00
0.00
0.00
0.00
0.00
-2.17
0.00
0.00
-2.49
-5.23
-6.91
1.04
1.03
-0.99
2.24
-0.92
-1.73
-0.18
-1.56
0.00
-2.33
-1.24
0.00
-0.40
-6.91
0.00
2.09
-1.20
0.00
0.17
-1.67
-6.91
-0.88
1.60
-1.13
0.00
0.00
-1.38
-1.48
-1.06
-0.20
-0.99
-1.51
0.00
0.00
0.14
1.43
-0.48
-2.05
2.06
-6.91
-0.06
-1.75
-2.17
-1.28
0.00
-6.91
-3.60
-0.30
0.00
0.00
0.00
0.00
0.00
0.00
0.00
0.00
0.00
0.00
0.00
0.00
0.00
0.00
0.00
0.00
0.00
0.00
0.00
0.00
0.00
0.00
0.81
-1.07
0.15
0.99
1.16
0.29
-2.31
-2.73
-0.40
-3.52
-1.21
0.84
1.45
-1.24
1.20
2.15
-1.86
0.26
3.07
0.97
-0.93
-6.91
0.42
0.08
-5.52
1.18
1.60
-1.32
-0.90
0.70
-0.43
0.05
-0.44
0.00
-0.15
-0.87
1.11
0.54
0.36
0.31
-6.91
-1.99
0.66
0.30
-0.89
1.27
0.00
-0.51
2.44
1.72
0.27
0.70
0.80
-0.35
0.00
0.00
0.00
0.00
0.00
0.00
0.00
0.00
0.00
0.00
0.00
0.00
0.00
0.00
0.00
0.00
0.00
0.00
0.00
0.00
0.00
0.00
-1.17
1.37
0.00
-0.80
-6.91
-0.71
0.18
0.44
-2.25
0.37
-0.92
-6.91
-0.79
-2.07
0.00
-0.63
-2.05
1.76
-0.02
-2.49
6.91
-0.04
-6.91
0.00
1.13
-6.91
-3.91
-0.95
1.13
-6.91
1.82
0.00
-1.91
-0.59
-3.28
-1.59
-1.02
-0.35
1.66
0.00
0.87
0.47
-1.63
-1.36
2.03
-6.57
-0.51
-1.62
-0.75
-2.36
0.00
-0.88
-6.91
-0.87
0.00
0.00
0.00
0.00
0.00
0.00
0.00
0.00
0.00
0.00
0.00
0.00
0.00
0.00
0.00
0.00
0.00
0.00
0.00
0.00
0.00
0.00
0.00
-1.25
-2.03
0.00
0.00
0.00
-0.93
-0.85
1.19
-0.30
6.91
0.00
0.00
2.94
-1.87
0.00
0.46
-6.91
0.00
0.00
-2.11
-1.25
0.00
-2.12
0.20
2.43
0.00
0.77
-0.97
0.00
-6.91
-2.31
0.84
0.00
1.72
0.50
0.00
0.00
-6.91
-1.51
-0.06
-0.48
1.79
0.00
-1.63
0.00
0.00
1.68
0.00
0.00
-1.44
0.00
0.00
6.91
0.00
0.00
0.00
0.00
0.00
0.00
0.00
0.00
0.00
0.00
0.00
0.00
0.00
0.00
0.00
0.00
0.00
0.00
0.00
0.00
0.00
0.00
0.00
-1.29
-0.23
6.91
0.75
1.32
-6.91
-0.67
0.48
-6.91
1.04
1.49
0.00
0.10
-0.44
2.48
0.38
-0.11
0.00
6.91
-2.59
-2.31
1.97
0.32
-1.85
0.45
2.08
-0.45
-1.97
0.87
-0.70
0.57
-0.10
0.00
-0.20
-0.89
0.00
1.40
-1.33
-0.88
-1.76
-1.94
0.76
1.82
-4.69
6.91
0.00
-0.28
0.00
2.21
0.15
1.26
3.09
1.27
0.00
0.00
0.00
0.00
0.00
0.00
0.00
0.00
0.00
0.00
0.00
0.00
0.00
0.00
0.00
0.00
0.00
0.00
0.00
0.00
0.00
0.00
-0.55
0.00
0.00
-6.91
-6.91
-2.11
1.63
0.52
-1.07
2.47
-0.16
-1.93
-2.10
-0.35
0.00
-1.79
-0.83
0.00
-2.44
-1.25
0.00
0.71
-3.28
0.00
0.15
-1.71
-2.74
-1.33
1.06
-6.91
0.00
0.00
-1.25
-0.57
-1.62
0.29
-3.51
-1.23
0.00
0.00
0.55
0.93
-1.69
-3.74
1.62
-1.85
-0.26
-0.19
-1.49
-6.91
0.00
-3.04
-6.91
-0.67
0.00
0.00
0.00
0.00
0.00
0.00
0.00
0.00
0.00
0.00
0.00
0.00
0.00
0.00
0.00
0.00
0.00
0.00
0.00
0.00
0.00
0.00
0.00
-3.00
-1.33
0.00
0.00
0.00
-0.95
-0.07
0.00
-0.31
6.91
0.00
0.00
2.74
-1.26
0.00
0.87
-1.63
0.00
0.00
-6.91
0.41
0.00
-6.91
-0.37
0.00
0.00
6.91
-0.13
0.00
-6.91
-2.32
2.49
0.00
2.77
0.78
0.00
0.00
-0.92
-6.91
-0.10
0.08
0.00
0.00
-1.30
0.00
0.00
1.61
0.00
0.00
-2.79
0.00
0.00
6.91
0.00
0.00
0.00
0.00
0.00
0.00
0.00
0.00
0.00
0.00
0.00
0.00
0.00
0.00
0.00
0.00
0.00
0.00
0.00
0.00
0.00
0.00
0.62
0.65
3.67
-0.17
-0.59
-1.20
-0.03
-0.64
-1.77
0.14
-2.18
0.14
-0.37
-6.91
2.93
-0.10
-3.53
6.91
-0.13
-0.28
2.98
0.47
-1.22
1.55
-0.12
-0.40
-2.10
-6.91
0.52
-0.75
0.69
1.84
-6.91
-0.07
-2.66
-0.51
-0.02
0.01
1.64
6.91
-0.35
0.30
-1.09
-0.22
0.96
-0.45
0.15
-6.91
1.04
-0.60
4.06
0.39
-0.42
-2.04
0.00
0.00
0.00
0.00
0.00
0.00
0.00
0.00
0.00
0.00
0.00
0.00
0.00
0.00
0.00
0.00
0.00
0.00
0.00
0.00
0.00
0.00
-1.42
0.00
0.00
-0.35
0.26
-0.88
0.00
0.00
0.36
0.00
0.41
-0.58
-1.62
0.04
0.00
-0.40
2.25
0.00
-1.67
-0.19
0.00
0.00
0.44
0.00
0.00
-0.20
-0.47
0.46
0.00
-0.11
0.00
0.00
0.73
-4.67
-0.26
0.75
-2.92
-1.57
0.00
0.00
0.00
0.00
0.33
-0.08
0.00
-0.48
-1.96
1.39
-0.96
-2.09
0.00
-0.83
-0.33
0.61
0.00
0.00
0.00
0.00
0.00
0.00
0.00
0.00
0.00
0.00
0.00
0.00
0.00
0.00
0.00
0.00
0.00
0.00
0.00
0.00
0.00
0.00
-3.15
0.00
0.00
-1.74
-0.72
-0.26
0.00
2.13
-1.14
0.00
0.07
-2.28
-1.73
0.19
0.00
-0.89
0.64
0.00
-1.08
-2.62
0.00
0.00
0.03
0.00
2.17
0.10
-1.04
0.86
0.00
-3.33
0.00
0.00
0.72
-2.03
-0.06
0.76
-0.97
-1.46
0.00
0.00
6.91
6.91
-0.48
-1.95
0.00
-2.03
-2.07
0.72
-4.67
-2.23
0.00
-1.35
-0.61
-0.56
0.00
0.00
0.00
0.00
0.00
0.00
0.00
0.00
0.00
0.00
0.00
0.00
0.00
0.00
0.00
0.00
0.00
0.00
0.00
0.00
0.00
0.00
-2.11
0.00
0.00
-0.11
0.52
-1.46
0.00
0.00
0.34
0.00
-0.04
-1.44
-3.28
0.21
0.00
-1.34
1.24
0.00
-1.69
-1.09
0.00
0.00
-0.86
0.00
0.00
0.35
-0.47
1.79
0.00
-0.37
0.00
0.00
1.84
-6.91
-0.10
0.99
-0.60
-0.77
0.00
0.00
0.00
0.00
-0.13
-0.82
0.00
-0.31
-3.21
0.73
-1.70
-1.47
0.00
-1.36
-0.08
0.74
0.00
0.00
0.00
0.00
0.00
0.00
0.00
0.00
0.00
0.00
0.00
0.00
0.00
0.00
0.00
0.00
0.00
0.00
0.00
0.00
0.00
0.00
-2.20
0.00
0.00
-1.89
-1.13
-2.56
1.28
0.40
-3.25
6.91
-0.48
-1.83
-1.28
-0.69
0.00
-2.49
0.43
0.00
-1.41
-1.86
0.00
2.08
-0.88
0.00
1.19
-2.60
-1.86
0.56
1.35
-6.91
0.00
0.00
0.40
-0.38
-0.14
-0.54
-1.39
-0.90
0.00
0.00
1.09
6.91
-3.99
-0.52
1.92
-6.91
-0.82
-0.60
-2.44
-1.79
0.00
-6.91
-6.91
-0.99
0.00
0.00
0.00
0.00
0.00
0.00
0.00
0.00
0.00
0.00
0.00
0.00
0.00
0.00
0.00
0.00
0.00
0.00
0.00
0.00
0.00
0.00
-0.31
2.82
1.76
-0.25
-0.81
-1.16
-0.11
-1.43
-1.57
-0.32
-2.72
-0.13
0.21
-4.07
2.08
-0.25
-1.41
2.34
-0.27
0.02
2.36
-0.21
-0.42
2.56
-1.52
-0.66
-1.05
-1.66
0.18
-0.63
1.25
1.26
-3.09
1.48
-0.91
-2.31
0.60
0.51
1.25
1.08
-1.54
0.45
-2.36
-1.05
0.45
-1.18
0.80
-1.37
-0.07
0.27
2.24
0.24
-1.65
-1.51
0.00
0.00
0.00
0.00
0.00
0.00
0.00
0.00
0.00
0.00
0.00
0.00
0.00
0.00
0.00
0.00
0.00
0.00
0.00
0.00
0.00
0.00
-0.66
0.84
0.00
-0.53
-3.06
-1.80
1.04
0.51
-6.91
0.22
-6.91
-0.69
-0.85
-6.91
0.00
0.02
-1.23
1.66
-0.15
-0.15
1.61
0.08
-3.97
0.00
-0.76
-0.70
-1.21
-6.91
0.85
-0.53
4.35
0.00
-1.44
-0.08
-2.06
-1.43
-1.09
-0.71
6.91
0.00
-0.91
0.41
-0.43
-0.95
-0.23
-0.26
0.63
-1.58
-0.26
-0.28
0.00
-0.59
-1.98
-2.16
0.00
0.00
0.00
0.00
0.00
0.00
0.00
0.00
0.00
0.00
0.00
0.00
0.00
0.00
0.00
0.00
0.00
0.00
0.00
0.00
0.00
0.00
1.28
1.84
2.27
-0.15
-0.24
-0.25
-0.87
-0.84
-1.80
-0.02
-1.44
-0.23
0.13
-6.91
0.60
-0.09
-6.91
1.73
0.29
-0.22
1.35
-0.17
-0.86
2.21
-1.90
-1.55
-0.11
-1.25
-0.64
-0.04
0.97
4.13
-0.87
0.41
-0.65
-6.91
0.29
0.46
0.02
2.17
-0.42
-0.00
-0.50
-0.32
-0.29
-0.38
2.22
-2.77
0.07
-0.35
4.65
0.47
-0.19
-0.66
0.00
0.00
0.00
0.00
0.00
0.00
0.00
0.00
0.00
0.00
0.00
0.00
0.00
0.00
0.00
0.00
0.00
0.00
0.00
0.00
0.00
0.00
0.43
3.31
6.91
-1.49
-1.69
-0.31
-0.38
-0.68
-2.94
0.08
-1.72
-0.17
-0.76
-6.91
6.91
-0.63
-6.91
3.58
-0.16
-0.30
1.66
0.04
-1.14
6.91
0.18
-0.69
-0.78
-1.18
0.22
-1.63
2.83
1.53
-6.91
1.25
-1.46
-1.00
-0.60
0.17
2.75
2.29
0.10
0.10
-1.69
-0.84
0.04
-0.03
0.96
-6.91
0.33
-1.24
6.91
-0.40
-0.70
-6.91
0.00
0.00
0.00
0.00
0.00
0.00
0.00
0.00
0.00
0.00
0.00
0.00
0.00
0.00
0.00
0.00
0.00
0.00
0.00
0.00
0.00
0.00
