0.00
0.00
0.00
0.00
0.00
0.00
0.00
0.00
0.00
0.00
0.00
0.00
0.00
0.00
0.00
0.00
0.00
0.00
-6.91
-1.36
0.00
1.73
-2.16
0.00
0.81
-0.52
-1.66
-0.40
0.00
-2.14
0.00
0.00
-0.25
-0.70
0.11
1.38
-6.91
-1.87
0.00
0.00
1.39
6.91
-0.39
-0.44
0.00
-1.14
-6.91
0.50
-1.42
-6.91
0.00
-0.49
-0.03
-0.45
0.00
0.00
0.00
0.00
0.00
0.00
0.00
0.00
0.00
0.00
0.00
0.00
0.00
0.00
0.00
0.00
0.00
0.00
0.00
0.00
0.00
0.00
0.00
0.00
0.00
0.00
0.00
0.00
0.00
0.00
0.00
0.00
0.00
0.00
0.00
0.00
0.00
0.00
0.00
0.00
0.00
0.00
-6.91
0.08
2.16
-3.18
0.36
2.19
0.00
1.31
-1.05
0.00
-6.91
-0.31
1.80
0.00
1.20
1.04
0.00
0.00
-1.99
-2.53
-1.05
-0.27
3.79
0.00
-0.58
0.00
0.00
1.62
0.00
0.00
-2.19
0.00
0.00
1.11
0.00
0.00
0.00
0.00
0.00
0.00
0.00
0.00
0.00
0.00
0.00
0.00
0.00
0.00
0.00
0.00
0.00
0.00
0.00
0.00
0.00
0.00
0.00
0.00
0.00
0.00
0.00
0.00
0.00
0.00
0.00
0.00
0.00
0.00
0.00
0.00
0.00
0.00
0.00
0.00
0.00
0.00
-0.65
-0.42
0.00
-6.91
0.91
0.00
0.00
6.91
0.00
0.00
-0.67
-3.12
1.71
0.00
0.00
2.73
0.00
0.00
-1.71
-6.91
1.09
-0.64
0.00
0.00
-0.21
0.00
0.00
6.91
0.00
0.00
-1.38
0.00
0.00
0.00
0.00
0.00
0.00
0.00
0.00
0.00
0.00
0.00
0.00
0.00
0.00
0.00
0.00
0.00
0.00
0.00
0.00
0.00
0.00
0.00
0.00
0.00
0.00
0.00
0.00
0.00
0.00
0.00
0.00
0.00
0.00
0.00
0.00
0.00
0.00
0.00
0.00
0.00
0.00
0.00
-1.91
-6.91
0.00
0.76
-2.84
0.00
1.25
-0.21
-6.91
-0.17
6.91
-6.91
0.00
0.00
0.30
-0.56
-0.85
0.02
-6.91
-2.87
0.00
0.00
2.39
1.15
-0.43
-1.26
3.12
-1.52
-2.30
0.18
-2.61
-6.91
0.00
-0.63
-0.25
-1.77
0.00
0.00
0.00
0.00
0.00
0.00
0.00
0.00
0.00
0.00
0.00
0.00
0.00
0.00
0.00
0.00
0.00
0.00
0.00
0.00
0.00
0.00
0.00
0.00
0.00
0.00
0.00
0.00
0.00
0.00
0.00
0.00
0.00
0.00
0.00
0.00
0.00
0.00
0.00
0.00
-0.35
-0.55
6.91
0.57
-6.91
0.00
0.09
-6.91
-1.45
-0.56
0.51
-1.09
0.00
0.00
-1.63
0.27
-0.76
0.02
-1.34
-0.65
6.91
0.00
0.86
1.23
-1.00
-1.26
0.78
-7.14
0.23
-1.38
-1.73
-1.70
0.00
-1.17
-0.74
-2.71
0.00
0.00
0.00
0.00
0.00
0.00
0.00
0.00
0.00
0.00
0.00
0.00
0.00
0.00
0.00
0.00
0.00
0.00
0.00
0.00
0.00
0.00
0.00
0.00
0.00
0.00
0.00
0.00
0.00
0.00
0.00
0.00
0.00
0.00
0.00
0.00
0.00
0.00
0.00
0.00
-2.24
-0.91
0.00
2.12
-6.91
0.00
0.57
-1.11
-1.69
-0.16
1.42
-3.87
0.00
0.00
-1.89
-1.03
-0.92
-0.80
-0.38
-2.35
0.00
0.00
0.27
2.64
-1.33
-1.60
2.29
-1.59
-0.16
-0.25
-1.43
-0.97
0.00
-1.76
-0.76
-1.24
0.00
0.00
0.00
0.00
0.00
0.00
0.00
0.00
0.00
0.00
0.00
0.00
0.00
0.00
0.00
0.00
0.00
0.00
0.00
0.00
0.00
0.00
0.00
0.00
0.00
0.00
0.00
0.00
0.00
0.00
0.00
0.00
0.00
0.00
0.00
0.00
0.00
0.00
0.00
0.00
6.91
2.63
-0.78
-1.54
1.68
-0.74
-1.77
1.44
0.64
-0.79
-6.91
1.10
0.08
-0.60
-0.30
0.00
-0.48
-0.58
6.91
0.84
-0.11
-0.52
-1.53
-1.78
1.49
0.93
-1.85
1.12
0.00
-0.85
0.00
3.71
0.45
2.33
0.67
-0.53
0.00
0.00
0.00
0.00
0.00
0.00
0.00
0.00
0.00
0.00
0.00
0.00
0.00
0.00
0.00
0.00
0.00
0.00
0.00
0.00
0.00
0.00
0.00
0.00
0.00
0.00
0.00
0.00
0.00
0.00
0.00
0.00
0.00
0.00
0.00
0.00
0.00
0.00
0.00
0.00
6.91
1.46
-0.00
-1.35
0.81
-0.26
-1.50
-0.17
0.23
-0.78
-1.14
2.08
-0.90
1.31
-0.46
0.00
0.03
-0.16
0.96
2.49
-0.67
-0.45
-6.91
-1.24
-0.07
1.46
-6.91
2.03
0.00
-0.71
2.04
1.27
0.79
2.11
0.31
-0.97
0.00
0.00
0.00
0.00
0.00
0.00
0.00
0.00
0.00
0.00
0.00
0.00
0.00
0.00
0.00
0.00
0.00
0.00
0.00
0.00
0.00
0.00
0.00
0.00
0.00
0.00
0.00
0.00
0.00
0.00
0.00
0.00
0.00
0.00
0.00
0.00
0.00
0.00
0.00
0.00
-1.50
-1.60
6.91
0.15
-1.78
0.00
0.55
-6.91
-2.33
-0.79
1.67
-0.58
3.07
0.00
-2.94
0.24
-1.85
-0.41
-0.24
-1.39
2.67
0.00
-0.45
-0.01
-1.82
-0.53
0.57
-3.95
-0.54
-0.41
0.04
-0.57
0.00
-0.75
-1.35
-0.67
0.00
0.00
0.00
0.00
0.00
0.00
0.00
0.00
0.00
0.00
0.00
0.00
0.00
0.00
0.00
0.00
0.00
0.00
0.00
0.00
0.00
0.00
0.00
0.00
0.00
0.00
0.00
0.00
0.00
0.00
0.00
0.00
0.00
0.00
0.00
0.00
0.00
0.00
0.00
0.00
0.00
6.91
-2.47
-1.18
0.67
0.24
-0.59
1.28
0.70
0.71
-6.91
6.91
-1.84
-0.30
-0.38
0.00
0.53
0.24
0.00
1.65
-0.77
-0.96
-4.87
-6.91
1.08
3.43
-6.91
6.91
0.00
-0.43
0.00
2.33
0.30
2.73
1.51
1.06
0.00
0.00
0.00
0.00
0.00
0.00
0.00
0.00
0.00
0.00
0.00
0.00
0.00
0.00
0.00
0.00
0.00
0.00
0.00
0.00
0.00
0.00
0.00
0.00
0.00
0.00
0.00
0.00
0.00
0.00
0.00
0.00
0.00
0.00
0.00
0.00
0.00
0.00
0.00
0.00
-0.33
0.23
2.87
0.06
-0.74
6.91
-0.19
-0.29
-0.52
-1.23
-0.09
-0.69
3.31
0.00
-5.24
1.05
-6.91
-1.09
-0.20
-0.20
2.91
6.91
-0.10
-0.05
-0.33
-0.81
0.61
-1.15
-0.09
-6.91
-0.78
-0.52
6.91
-1.26
-1.51
-6.91
0.00
0.00
0.00
0.00
0.00
0.00
0.00
0.00
0.00
0.00
0.00
0.00
0.00
0.00
0.00
0.00
0.00
0.00
0.00
0.00
0.00
0.00
0.00
0.00
0.00
0.00
0.00
0.00
0.00
0.00
0.00
0.00
0.00
0.00
0.00
0.00
0.00
0.00
0.00
0.00
-0.88
-1.97
0.00
2.09
-1.81
0.00
0.54
-2.39
-3.46
-0.26
5.31
-3.38
0.00
0.00
-1.04
-0.25
0.00
0.43
-0.64
-1.86
0.00
0.00
1.21
0.57
-0.94
-1.72
6.91
-1.34
-1.42
-0.94
-0.59
-6.91
0.00
-1.91
-0.91
-2.09
0.00
0.00
0.00
0.00
0.00
0.00
0.00
0.00
0.00
0.00
0.00
0.00
0.00
0.00
0.00
0.00
0.00
0.00
0.00
0.00
0.00
0.00
0.00
0.00
0.00
0.00
0.00
0.00
0.00
0.00
0.00
0.00
0.00
0.00
0.00
0.00
0.00
0.00
0.00
0.00
-0.96
-0.70
0.00
1.74
-1.34
0.00
6.91
-1.00
-0.95
-0.42
0.00
-2.04
0.00
0.00
-0.12
-1.44
0.79
0.65
-1.22
-1.66
0.00
0.00
2.15
1.54
-0.16
-0.27
0.00
-1.29
-0.64
-0.18
-1.75
-0.90
0.00
-2.48
-1.75
-0.36
0.00
0.00
0.00
0.00
0.00
0.00
0.00
0.00
0.00
0.00
0.00
0.00
0.00
0.00
0.00
0.00
0.00
0.00
0.00
0.00
0.00
0.00
0.00
0.00
0.00
0.00
0.00
0.00
0.00
0.00
0.00
0.00
0.00
0.00
0.00
0.00
0.00
0.00
0.00
0.00
-0.03
-0.29
0.37
-0.29
-2.80
6.91
-1.03
-1.75
-0.26
-6.91
-0.62
-0.09
2.65
6.91
-2.73
0.10
-3.84
-0.78
-0.66
-0.07
1.38
3.67
-0.55
-0.28
-1.52
-1.64
-0.60
-1.38
0.06
-2.16
0.45
-1.23
1.14
-0.17
-0.37
-1.47
0.00
0.00
0.00
0.00
0.00
0.00
0.00
0.00
0.00
0.00
0.00
0.00
0.00
0.00
0.00
0.00
0.00
0.00
0.00
0.00
0.00
0.00
0.00
0.00
0.00
0.00
0.00
0.00
0.00
0.00
0.00
0.00
0.00
0.00
0.00
0.00
0.00
0.00
0.00
0.00
0.00
0.00
-2.01
-0.25
0.00
-2.80
0.46
0.00
0.00
2.17
-0.88
0.00
-1.01
-1.13
1.30
0.00
0.00
2.34
0.00
0.00
-6.91
-2.82
0.54
0.84
0.00
0.00
-0.69
0.00
0.00
6.91
0.00
0.00
-2.78
0.00
0.00
0.00
0.00
0.00
0.00
0.00
0.00
0.00
0.00
0.00
0.00
0.00
0.00
0.00
0.00
0.00
0.00
0.00
0.00
0.00
0.00
0.00
0.00
0.00
0.00
0.00
0.00
0.00
0.00
0.00
0.00
0.00
0.00
0.00
0.00
0.00
0.00
0.00
0.00
0.00
0.00
0.00
-6.91
-6.05
0.00
1.68
-1.19
0.00
0.88
-3.15
-2.90
-1.13
1.23
-6.91
0.00
0.00
-0.07
-0.42
-0.41
0.78
-1.06
-3.98
0.00
0.00
0.71
1.28
-2.40
-6.91
1.25
-1.06
-0.22
0.04
-3.37
-2.28
0.00
-1.10
-0.49
-0.73
0.00
0.00
0.00
0.00
0.00
0.00
0.00
0.00
0.00
0.00
0.00
0.00
0.00
0.00
0.00
0.00
0.00
0.00
0.00
0.00
0.00
0.00
0.00
0.00
0.00
0.00
0.00
0.00
0.00
0.00
0.00
0.00
0.00
0.00
0.00
0.00
0.00
0.00
0.00
0.00
0.91
-0.38
1.48
-0.54
-1.71
1.69
0.08
-0.42
-0.25
-6.91
0.42
-1.24
1.06
1.21
-2.61
0.05
-1.99
-1.42
-0.26
-0.41
0.58
3.41
-0.30
-0.12
-1.17
0.07
-0.52
-0.37
0.50
-4.11
-0.43
-0.04
6.91
-0.81
-0.05
-1.55
0.00
0.00
0.00
0.00
0.00
0.00
0.00
0.00
0.00
0.00
0.00
0.00
0.00
0.00
0.00
0.00
0.00
0.00
0.00
0.00
0.00
0.00
0.00
0.00
0.00
0.00
0.00
0.00
0.00
0.00
0.00
0.00
0.00
0.00
0.00
0.00
0.00
0.00
0.00
0.00
0.00
0.00
-2.20
-0.10
0.00
-6.91
-0.87
2.29
0.00
1.15
-0.92
0.00
-2.22
-0.98
0.83
0.00
6.91
0.74
0.00
0.00
-6.91
-2.64
0.67
-0.04
6.91
0.00
-0.02
0.00
0.00
1.31
0.00
0.00
-0.77
0.00
0.00
6.91
0.00
0.00
0.00
0.00
0.00
0.00
0.00
0.00
0.00
0.00
0.00
0.00
0.00
0.00
0.00
0.00
0.00
0.00
0.00
0.00
0.00
0.00
-1.39
0.00
0.00
-1.96
-0.82
-0.84
2.47
6.91
0.02
0.00
-0.88
-1.19
-1.19
0.48
0.00
-6.91
0.33
0.00
0.00
0.00
0.00
0.00
0.00
0.00
0.00
0.00
0.00
0.00
0.00
0.00
0.00
0.00
0.00
0.00
0.00
0.00
-5.30
-1.30
0.00
0.00
4.25
2.59
-1.25
-1.43
0.00
-0.47
-1.62
0.23
-6.91
-6.72
0.00
-1.42
-0.64
-0.45
-6.91
0.00
-1.64
2.42
-1.65
0.00
-2.46
3.48
-0.68
0.00
0.00
-1.13
0.00
-0.39
-1.91
-6.91
-4.17
-0.90
0.03
0.41
-0.08
0.25
-6.91
0.00
0.00
-6.91
-1.10
-2.85
0.76
1.26
-0.96
1.87
-1.03
-6.91
-1.24
-0.68
0.00
-6.91
-0.27
0.00
0.00
0.00
0.00
0.00
0.00
0.00
0.00
0.00
0.00
0.00
0.00
0.00
0.00
0.00
0.00
0.00
0.00
0.00
-1.27
-1.30
0.00
0.00
0.80
0.93
-1.25
-6.91
1.27
-1.55
-0.17
0.10
-1.60
-3.34
0.00
-1.10
-2.60
-1.65
-0.89
0.00
-1.82
1.19
-0.70
0.00
-6.91
0.30
-0.77
0.00
6.91
-2.19
0.00
-1.23
-1.41
-0.80
-2.25
-0.86
0.35
-0.86
-0.14
0.22
0.00
-1.69
-0.92
0.00
6.91
0.00
-0.75
-0.79
1.27
-0.72
1.71
0.00
0.00
1.38
-0.49
0.00
1.46
-1.04
0.00
0.00
0.00
0.00
0.00
0.00
0.00
0.00
0.00
0.00
0.00
0.00
0.00
0.00
0.00
0.00
0.00
0.00
0.00
0.00
-4.03
-1.37
-0.85
-1.27
2.79
0.00
-1.91
0.00
0.00
1.73
0.00
0.00
-0.67
0.00
0.00
2.46
0.00
-6.91
0.00
-0.36
0.00
-6.91
0.00
-0.10
1.75
-1.32
-0.55
0.00
-0.95
1.00
0.00
0.00
0.00
0.00
0.61
1.13
-0.09
1.46
2.28
-0.61
0.30
1.45
1.31
0.79
-6.91
-4.07
1.32
-1.56
-0.56
0.99
1.45
-0.38
0.08
3.40
-0.33
0.09
0.00
0.00
0.00
0.00
0.00
0.00
0.00
0.00
0.00
0.00
0.00
0.00
0.00
0.00
0.00
0.00
0.00
0.00
1.55
6.91
-0.37
0.18
-1.57
-1.81
1.26
2.76
-6.91
2.77
0.00
0.42
0.00
1.44
0.02
1.19
0.99
0.86
0.00
-0.22
6.91
-1.79
0.91
0.05
1.06
-4.13
1.24
-0.63
-6.91
3.71
0.60
0.08
0.00
0.00
0.00
3.24
0.19
0.64
-0.66
0.72
-0.94
1.49
0.00
-1.22
-1.74
-6.91
0.76
0.91
-1.51
1.89
-1.03
-0.90
-1.09
-2.00
0.00
-2.98
-1.48
0.00
0.00
0.00
0.00
0.00
0.00
0.00
0.00
0.00
0.00
0.00
0.00
0.00
0.00
0.00
0.00
0.00
0.00
0.00
-0.07
-1.41
6.91
0.00
-0.25
0.81
-6.91
-1.38
0.74
-6.91
0.05
-0.75
-0.96
-0.54
0.00
-1.85
-1.59
-6.91
0.03
6.91
-1.72
1.48
-6.91
0.00
-1.93
0.64
-2.29
0.00
2.49
-1.34
0.00
-1.14
-0.50
-0.34
-0.17
-2.69
-2.62
-1.82
-0.92
-1.30
0.00
-1.41
-6.91
0.00
0.00
0.00
0.40
-0.43
0.00
-1.12
6.91
0.00
0.00
1.39
-0.71
0.00
1.12
-1.97
0.00
0.00
0.00
0.00
0.00
0.00
0.00
0.00
0.00
0.00
0.00
0.00
0.00
0.00
0.00
0.00
0.00
0.00
0.00
0.00
-0.89
-6.91
0.55
0.11
0.00
0.00
0.19
0.00
0.00
1.34
0.00
0.00
-6.91
0.00
0.00
0.00
0.00
-0.82
0.00
-0.32
0.00
-2.91
0.00
0.37
0.00
-0.83
-0.61
0.00
-3.40
2.20
0.00
0.00
0.00
0.00
6.91
0.00
2.20
2.68
1.68
-1.08
-0.29
1.60
1.23
0.58
-1.73
-6.91
0.30
-1.62
-0.10
0.29
1.33
-1.28
0.75
0.63
-0.03
0.22
0.00
0.00
0.00
0.00
0.00
0.00
0.00
0.00
0.00
0.00
0.00
0.00
0.00
0.00
0.00
0.00
0.00
0.00
2.11
0.45
-0.95
-0.26
-6.91
-1.02
0.39
1.30
-6.91
0.44
0.00
-0.56
2.01
1.35
-0.23
0.91
0.50
0.38
6.91
-0.12
1.81
-1.17
-0.27
0.27
0.58
-6.91
0.38
0.14
-6.91
0.19
-0.24
-1.16
0.00
2.44
0.00
0.53
-1.49
-0.06
-0.30
-0.06
-0.60
1.26
0.00
-0.33
-6.91
-0.58
-0.01
1.00
-2.00
2.55
-0.91
-2.45
-0.50
-1.86
0.00
-1.05
-1.48
3.06
0.00
0.00
0.00
0.00
0.00
0.00
0.00
0.00
0.00
0.00
0.00
0.00
0.00
0.00
0.00
0.00
0.00
0.00
-0.56
-1.97
6.91
0.00
0.03
0.48
-1.32
-0.48
0.67
-0.86
0.12
-2.11
-0.47
-2.93
0.00
-0.68
-3.75
-0.52
-0.28
2.41
-0.49
0.38
-1.09
0.00
-1.48
0.13
-2.32
6.91
0.98
-0.59
0.00
-0.36
1.04
-0.80
-0.17
-0.81
-0.86
-2.75
-1.62
-0.91
-1.48
0.00
0.00
-1.70
-2.33
-6.91
0.44
1.53
-1.31
1.07
-1.98
-3.27
-1.11
-0.14
0.00
-1.71
-0.62
0.00
0.00
0.00
0.00
0.00
0.00
0.00
0.00
0.00
0.00
0.00
0.00
0.00
0.00
0.00
0.00
0.00
0.00
0.00
-1.29
-1.60
0.00
0.00
1.69
0.63
-0.73
-2.00
0.93
-1.33
-0.39
-1.48
-2.58
-6.46
0.00
-0.54
-0.70
-2.16
-0.75
0.00
-6.91
0.34
-6.91
0.00
-1.96
0.65
-6.91
0.00
2.33
-6.91
0.00
-0.04
-0.08
-0.38
0.07
-1.79
-1.36
-0.84
0.21
-1.51
0.88
1.36
6.91
0.27
-0.40
-1.59
-0.76
-1.37
-0.59
1.09
-6.91
0.05
0.12
-1.24
2.52
-0.07
-0.99
2.91
0.00
0.00
0.00
0.00
0.00
0.00
0.00
0.00
0.00
0.00
0.00
0.00
0.00
0.00
0.00
0.00
0.00
0.00
-0.23
-0.69
1.44
6.91
-0.74
-0.81
-1.46
-1.78
-0.67
-0.03
0.87
-6.91
0.18
-0.02
2.40
-0.43
-1.27
-6.91
-0.06
1.21
0.17
0.15
-1.93
6.91
-0.92
-0.79
-1.62
1.53
0.92
0.05
1.36
-6.91
1.67
0.34
1.66
-0.12
-2.02
-1.81
-1.28
-6.91
0.00
-0.23
-1.04
2.53
2.06
1.59
-3.73
-1.71
0.71
-6.91
0.69
1.91
0.00
-0.02
-0.49
6.91
0.45
-0.12
0.00
0.00
0.00
0.00
0.00
0.00
0.00
0.00
0.00
0.00
0.00
0.00
0.00
0.00
0.00
0.00
0.00
0.00
0.00
6.91
-1.30
-1.30
-2.32
-2.05
0.43
6.91
-6.91
1.17
0.00
0.63
0.00
2.28
-1.37
6.91
4.31
0.14
0.00
-2.71
1.53
-1.73
0.99
-0.54
1.01
-1.35
0.78
-1.51
-6.91
1.93
0.19
0.07
0.00
0.00
0.00
1.16
-0.21
1.49
-0.58
-0.36
-0.91
0.00
0.00
-2.45
-1.40
-6.91
6.91
1.06
-0.93
0.92
0.12
-2.00
-1.63
0.06
0.00
-2.30
0.26
0.00
0.00
0.00
0.00
0.00
0.00
0.00
0.00
0.00
0.00
0.00
0.00
0.00
0.00
0.00
0.00
0.00
0.00
0.00
-2.43
-6.91
0.00
0.00
2.16
0.70
-2.47
-1.50
1.36
-6.91
-1.72
-0.38
-1.70
-1.93
0.00
-1.33
-1.44
-0.61
-0.94
0.00
-2.29
0.91
-1.21
0.00
-1.71
0.41
-2.58
0.00
1.33
-1.88
0.00
-1.26
-0.27
-1.22
-1.92
-6.91
-0.59
-1.32
0.53
-1.66
0.00
-1.48
-0.53
0.00
0.00
0.00
-1.09
-0.55
6.91
-0.83
2.94
0.00
0.00
0.70
-2.24
0.00
1.39
-6.91
0.00
0.00
0.00
0.00
0.00
0.00
0.00
0.00
0.00
0.00
0.00
0.00
0.00
0.00
0.00
0.00
0.00
0.00
0.00
0.00
-6.91
-0.47
-0.78
-1.31
1.35
0.00
-0.02
0.00
0.00
2.11
0.00
0.00
-0.84
0.00
0.00
1.21
0.00
-1.20
0.00
-0.02
0.00
-6.91
0.00
-0.35
6.91
-6.91
-0.37
0.00
-1.14
2.10
0.00
0.00
0.00
0.00
2.83
0.91
0.69
1.23
0.00
-0.64
-0.37
0.00
0.00
0.00
0.60
0.84
0.00
0.13
0.00
0.00
0.00
6.91
-3.31
0.00
6.91
-2.87
0.00
0.00
0.00
0.00
0.00
0.00
0.00
0.00
0.00
0.00
0.00
0.00
0.00
0.00
0.00
0.00
0.00
0.00
0.00
0.00
-0.99
-1.27
0.03
0.64
0.00
0.00
0.30
0.00
0.00
2.25
0.00
0.00
-1.35
0.00
0.00
0.00
0.00
-0.35
0.00
-0.09
0.00
-0.92
0.00
1.32
0.00
-0.83
-0.61
0.00
-1.93
2.97
0.00
0.00
0.00
0.00
3.52
0.00
0.62
1.48
-0.56
2.01
6.91
-0.42
-1.98
-0.81
0.28
-0.73
-1.81
0.39
-0.97
-0.32
0.68
-1.74
2.77
0.03
-1.71
1.16
0.00
0.00
0.00
0.00
0.00
0.00
0.00
0.00
0.00
0.00
0.00
0.00
0.00
0.00
0.00
0.00
0.00
0.00
0.52
-0.62
0.40
1.74
-1.01
-0.42
-1.12
-0.58
0.19
-0.29
1.47
-2.82
0.46
0.09
1.67
-0.27
-1.17
-1.51
-0.48
0.34
0.45
0.29
-1.05
1.55
-0.17
0.04
-0.71
2.12
-0.05
-0.16
6.91
-6.91
1.43
-0.17
1.28
-0.92
-3.82
-0.71
-6.96
-2.04
-0.84
0.00
0.00
-2.43
-0.54
-0.84
0.00
0.00
0.33
0.00
0.20
0.04
-1.68
0.80
0.00
-0.22
1.04
0.00
0.00
0.00
0.00
0.00
0.00
0.00
0.00
0.00
0.00
0.00
0.00
0.00
0.00
0.00
0.00
0.00
0.00
0.00
-2.77
-0.98
0.00
0.00
0.00
0.00
-0.22
-0.18
0.00
-0.14
-6.91
0.27
-0.82
-0.37
0.00
-2.15
-0.47
1.11
-0.99
0.00
-0.98
0.00
-0.21
0.00
-0.74
0.00
-0.15
0.00
0.00
-0.49
0.00
0.06
-1.35
-1.94
-1.44
-0.45
0.16
-0.47
0.95
0.03
0.10
1.36
0.00
-0.01
-1.10
-1.51
-0.46
-0.83
-3.94
0.81
-4.59
-0.73
-0.39
-6.91
0.00
-0.28
-2.10
2.03
0.00
0.00
0.00
0.00
0.00
0.00
0.00
0.00
0.00
0.00
0.00
0.00
0.00
0.00
0.00
0.00
0.00
0.00
-0.57
0.22
1.70
2.03
0.13
-0.11
-1.92
-0.60
0.76
-0.21
0.65
-1.64
0.43
-0.17
6.91
-0.87
-0.13
-6.91
-0.68
1.68
0.12
-0.76
-2.78
6.91
-1.02
0.04
-0.56
1.31
0.86
-1.87
1.92
-6.91
1.10
0.12
0.42
0.16
-1.21
-3.72
-2.61
-6.91
0.16
0.41
0.57
0.13
-0.08
-0.55
-1.44
-0.65
-0.42
-0.09
-0.95
0.16
-0.20
-6.91
2.63
0.39
-1.98
1.03
0.00
0.00
0.00
0.00
0.00
0.00
0.00
0.00
0.00
0.00
0.00
0.00
0.00
0.00
0.00
0.00
0.00
0.00
1.61
-0.15
1.00
4.03
-1.02
-0.05
-1.69
-0.88
-1.00
-0.18
0.79
-0.77
1.48
-0.38
3.92
-0.31
0.06
-1.10
-0.11
0.30
0.62
0.14
-1.13
0.45
-0.76
-0.17
-0.37
0.51
-1.15
-0.86
1.75
-1.25
1.18
0.67
0.38
-0.87
-1.70
-2.27
-3.45
-1.58
-1.35
0.00
0.00
-2.94
-0.25
-1.01
6.91
1.79
-0.44
0.00
0.02
-2.09
-0.95
-0.58
0.00
-2.61
1.13
0.00
-1.97
-0.94
0.00
2.93
-0.66
0.00
1.53
0.15
-0.70
0.60
0.00
-0.59
0.00
0.00
0.84
-2.68
0.28
1.28
0.00
0.00
0.00
0.00
0.00
0.00
0.00
0.00
0.00
0.00
0.00
0.00
0.00
0.00
0.00
0.00
0.00
0.00
-6.91
0.00
-1.35
1.57
-2.12
0.00
-0.51
1.14
-1.40
0.00
0.00
-1.19
0.00
-0.15
-2.73
-6.91
-6.91
-3.90
0.91
0.59
-0.25
-0.78
-3.19
0.00
0.00
-6.91
-0.52
-1.69
2.73
2.10
-1.11
1.40
-0.70
-0.91
-0.67
0.29
0.00
-2.57
-0.32
0.00
-2.62
-1.91
0.00
6.91
-1.01
0.00
1.13
-0.74
-3.11
-0.26
1.72
-7.41
0.00
0.00
-0.39
-1.72
-0.30
-0.54
0.00
0.00
0.00
0.00
0.00
0.00
0.00
0.00
0.00
0.00
0.00
0.00
0.00
0.00
0.00
0.00
0.00
0.00
-1.96
0.00
-1.59
6.91
-0.49
0.00
-1.36
1.47
-0.44
0.00
6.91
-3.49
0.00
-0.54
-1.69
-1.53
-0.55
-6.91
0.33
-0.26
-0.57
-1.08
0.00
-6.91
-2.87
0.00
6.91
0.00
-0.11
-0.17
6.91
-1.74
0.79
0.00
0.00
1.79
-1.67
0.00
1.30
-4.46
0.00
0.00
-6.91
-1.67
6.91
-2.27
-1.04
6.91
0.00
1.24
-1.32
0.00
-1.19
-1.67
2.97
0.00
6.91
0.03
0.00
0.00
0.00
0.00
0.00
0.00
0.00
0.00
0.00
0.00
0.00
0.00
0.00
0.00
0.00
0.00
0.00
0.00
0.00
-6.91
0.00
-0.45
0.00
-6.91
0.00
-0.22
6.91
-6.91
-0.43
0.00
-1.38
0.81
0.00
0.00
0.00
0.00
0.91
3.71
0.54
1.00
0.00
-2.49
-2.04
0.00
0.00
0.00
-0.26
0.26
0.00
-0.28
6.91
0.00
0.00
6.91
-1.82
0.00
3.40
-1.95
0.00
0.00
-2.25
-0.57
0.00
-6.91
0.11
0.00
0.00
1.27
-0.76
0.00
-1.30
-0.69
6.91
0.00
6.91
1.37
0.00
0.00
0.00
0.00
0.00
0.00
0.00
0.00
0.00
0.00
0.00
0.00
0.00
0.00
0.00
0.00
0.00
0.00
0.00
-1.97
0.00
-0.62
0.00
-6.91
0.00
0.39
0.00
-1.25
0.23
0.00
-6.91
2.65
0.00
0.00
0.00
0.00
1.42
0.00
4.13
1.53
6.91
-0.48
0.10
0.52
-0.18
0.39
-1.64
-6.91
0.06
-4.45
-1.24
0.49
0.99
-0.03
0.41
0.67
-1.23
-0.71
3.75
2.47
-0.79
-1.28
0.62
-0.09
-2.57
0.18
0.07
-0.69
-2.95
1.67
0.60
-0.14
-0.31
0.00
0.45
-0.46
0.00
0.00
0.00
0.00
0.00
0.00
0.00
0.00
0.00
0.00
0.00
0.00
0.00
0.00
0.00
0.00
0.00
0.00
6.91
-0.63
2.94
-0.94
0.27
-0.26
0.15
-2.32
0.62
0.11
-6.91
1.27
-0.40
-1.14
0.00
6.91
0.00
1.60
-0.73
-0.43
-0.70
0.20
3.09
-1.52
-0.19
1.95
0.96
0.86
-1.70
-1.15
0.17
-6.91
-0.67
5.89
6.91
0.58
-0.48
2.87
-0.43
-0.84
1.99
1.98
0.02
-6.91
1.29
0.54
-6.91
0.38
0.83
-0.45
-6.91
0.93
-0.71
0.51
-0.45
0.00
0.69
0.13
0.00
0.00
0.00
0.00
0.00
0.00
0.00
0.00
0.00
0.00
0.00
0.00
0.00
0.00
0.00
0.00
0.00
0.00
0.00
-1.19
6.91
-2.32
1.57
0.34
0.66
-6.91
0.61
-0.83
-6.91
0.68
-1.02
0.34
0.00
6.91
0.00
4.27
0.37
0.91
-1.18
-0.08
-1.16
6.91
0.00
-0.83
-1.01
-1.31
0.99
0.16
-6.91
1.23
-2.69
-2.80
-0.29
-0.86
0.00
-1.90
-0.95
6.91
-0.20
-1.03
2.27
1.33
-3.46
0.00
0.17
-6.91
-1.04
-0.25
1.10
-3.09
6.91
0.00
-0.86
0.37
-2.37
-2.07
0.00
0.00
0.00
0.00
0.00
0.00
0.00
0.00
0.00
0.00
0.00
0.00
0.00
0.00
0.00
0.00
0.00
0.00
0.22
3.35
-0.77
1.33
-3.02
0.00
-2.54
1.20
-2.11
2.37
1.98
-3.59
0.00
-0.45
-0.29
-1.63
0.51
-1.43
-1.52
-0.39
-0.24
-1.99
-0.68
0.00
0.00
-3.41
-1.29
-1.47
1.23
1.10
-3.98
6.91
-0.31
-6.91
-0.95
-0.09
0.00
-6.08
-0.08
0.00
-0.53
-1.55
0.00
1.70
-6.12
0.00
0.60
-1.00
-6.91
-0.08
4.17
-1.57
0.00
0.00
-1.31
-0.51
-0.44
-0.53
0.00
0.00
0.00
0.00
0.00
0.00
0.00
0.00
0.00
0.00
0.00
0.00
0.00
0.00
0.00
0.00
0.00
0.00
-1.47
0.00
-2.07
0.71
-2.82
0.00
-6.91
-0.01
-1.04
0.00
6.91
-2.41
0.00
-1.15
-1.18
-1.46
-0.46
-3.76
-1.59
-3.16
-0.08
-1.76
0.00
-1.39
0.16
6.91
0.89
3.09
-2.81
-6.91
0.03
-6.91
0.15
2.27
0.00
0.41
0.26
3.33
-0.56
-0.89
0.00
6.91
-2.58
-6.91
0.46
-0.93
-1.77
0.22
1.21
-0.37
-1.76
1.43
-0.55
0.21
0.44
0.00
1.14
-0.48
0.00
0.00
0.00
0.00
0.00
0.00
0.00
0.00
0.00
0.00
0.00
0.00
0.00
0.00
0.00
0.00
0.00
0.00
0.00
-0.25
1.14
-6.91
0.60
-1.44
0.68
-1.01
0.94
-1.82
-2.20
6.91
-0.36
0.57
0.00
0.00
0.00
6.91
-0.77
1.02
-0.76
-0.32
-2.64
0.00
0.00
-1.17
-3.60
-6.91
1.07
0.94
-1.93
3.70
-0.63
-6.91
-4.61
-0.98
0.00
-1.12
-0.41
0.00
-0.69
-6.91
0.00
2.33
-1.05
0.00
0.22
-1.05
-2.72
-1.29
1.21
-3.74
0.00
0.00
-1.05
-0.23
-1.75
0.24
0.00
0.00
0.00
0.00
0.00
0.00
0.00
0.00
0.00
0.00
0.00
0.00
0.00
0.00
0.00
0.00
0.00
0.00
-1.82
0.00
-6.91
3.46
-6.91
0.00
-6.91
0.62
-3.27
0.00
2.77
-6.91
0.00
-0.58
-1.14
-0.37
-0.07
-6.91
-0.95
-0.63
-0.40
-0.89
-1.69
0.00
0.00
-1.79
-0.75
-0.17
0.00
0.00
0.42
0.00
0.36
-1.00
-0.80
-0.09
0.00
-0.51
1.66
0.00
-1.65
-0.68
0.00
0.00
0.28
0.00
0.00
-0.46
-1.01
0.66
0.00
-1.88
0.00
0.00
1.45
-6.91
0.60
1.00
0.00
0.00
0.00
0.00
0.00
0.00
0.00
0.00
0.00
0.00
0.00
0.00
0.00
0.00
0.00
0.00
0.00
0.00
-3.36
0.00
-1.60
0.00
-0.02
0.00
-0.62
0.00
-0.29
0.00
0.00
-1.72
0.00
1.15
-1.04
-5.45
-2.19
-1.33
1.68
0.20
1.35
0.02
0.87
1.36
6.91
-0.09
-0.74
-1.62
-0.24
-0.77
-0.59
-0.31
-1.75
-1.51
0.94
-3.31
4.95
-0.04
-1.13
2.39
0.80
0.06
0.46
-0.53
-2.94
1.06
-0.03
-0.55
-0.71
-6.91
-0.44
-1.32
4.27
6.91
-1.21
0.96
-2.41
-4.46
0.00
0.00
0.00
0.00
0.00
0.00
0.00
0.00
0.00
0.00
0.00
0.00
0.00
0.00
0.00
0.00
0.00
0.00
0.25
4.02
-0.16
-0.06
-0.66
2.72
-0.43
-1.61
-0.75
1.33
0.12
-0.42
6.91
-1.80
1.51
0.55
0.23
-1.11
-2.35
-3.04
-1.41
-6.91
-0.84
0.00
0.00
-1.13
-1.38
-0.16
0.00
1.29
-0.54
0.00
0.13
-1.48
-6.91
0.06
0.00
-3.49
0.26
0.00
-2.55
-3.49
0.00
0.00
-0.05
0.00
1.32
-0.75
-2.15
0.60
0.00
-1.06
0.00
0.00
-0.13
-1.26
-0.05
0.88
0.00
0.00
0.00
0.00
0.00
0.00
0.00
0.00
0.00
0.00
0.00
0.00
0.00
0.00
0.00
0.00
0.00
0.00
-1.50
0.00
-0.98
2.16
-0.65
0.00
-1.47
6.91
-0.43
0.00
0.00
-2.41
0.00
0.94
-0.22
-6.91
-6.91
-1.35
1.07
0.00
0.46
0.69
-0.80
0.00
0.00
-6.91
-1.84
-3.03
6.91
0.95
-1.44
1.30
-0.22
-1.25
-0.81
-0.20
0.00
-1.45
-0.04
0.00
-6.91
-6.91
0.00
6.91
-2.18
0.00
1.05
-0.57
-2.05
-0.64
6.91
-6.91
0.00
0.00
0.41
-1.38
-0.87
0.00
0.00
0.00
0.00
0.00
0.00
0.00
0.00
0.00
0.00
0.00
0.00
0.00
0.00
0.00
0.00
0.00
0.00
0.00
-1.33
0.00
-6.91
6.91
-2.37
0.00
-1.57
2.05
-0.74
0.00
1.15
-3.48
0.00
0.10
-0.74
-1.16
-0.66
-0.65
-0.21
-1.36
0.59
-0.47
0.00
-1.22
-1.83
0.00
0.00
0.00
0.58
0.84
0.00
-0.18
6.91
0.00
0.00
6.91
-1.43
0.00
1.87
-1.64
0.00
0.00
-2.73
0.22
0.00
-6.91
-0.21
0.00
0.00
1.85
-0.71
0.00
-6.91
-4.21
6.91
0.00
1.41
0.80
0.00
0.00
0.00
0.00
0.00
0.00
0.00
0.00
0.00
0.00
0.00
0.00
0.00
0.00
0.00
0.00
0.00
0.00
0.00
-1.53
0.00
-0.15
0.00
-3.37
0.00
0.41
0.00
-0.98
0.32
0.00
-6.91
1.88
0.00
0.00
0.00
0.00
2.72
0.00
3.73
6.91
-0.82
0.00
0.00
-2.27
-1.52
-2.10
4.10
1.15
-2.16
6.91
0.03
-6.91
-6.91
0.01
0.00
-2.13
-0.04
0.00
-2.22
-2.40
0.00
0.72
-1.66
0.00
1.15
-0.92
-6.78
-0.88
6.91
-6.91
0.00
0.00
-0.29
-1.45
-0.16
0.11
0.00
0.00
0.00
0.00
0.00
0.00
0.00
0.00
0.00
0.00
0.00
0.00
0.00
0.00
0.00
0.00
0.00
0.00
-2.20
0.00
-0.91
2.02
-1.28
0.00
-0.90
0.85
-0.42
0.00
1.43
-0.86
0.00
-0.64
-0.09
-2.94
-0.14
-6.23
-0.15
-1.06
0.05
-0.71
-1.39
0.00
0.00
-0.94
-6.91
-0.93
0.37
0.32
-1.44
6.91
-2.11
-3.64
-1.29
-0.06
0.00
-1.89
-0.98
0.00
-0.46
-1.24
0.00
0.69
-3.52
0.00
1.54
-1.65
-1.32
-0.42
0.98
-1.99
0.00
0.00
-0.36
-1.16
-0.12
-0.64
0.00
0.00
0.00
0.00
0.00
0.00
0.00
0.00
0.00
0.00
0.00
0.00
0.00
0.00
0.00
0.00
0.00
0.00
-0.25
0.00
-0.22
0.24
-1.26
0.00
-1.27
1.34
-6.91
0.00
1.02
-0.92
0.00
-0.38
0.84
-0.79
0.43
-1.26
-0.00
-0.87
-0.35
-1.85
-0.59
2.14
0.00
-0.80
-4.72
-0.44
-0.26
-1.03
-1.28
0.82
-3.19
-1.57
-0.48
-3.68
0.00
-0.09
-1.98
6.91
0.46
-0.92
1.01
0.66
-0.94
0.00
-0.06
-1.06
-0.73
-2.68
0.08
-1.40
1.45
0.00
-3.62
0.31
-4.68
-0.64
0.00
0.00
0.00
0.00
0.00
0.00
0.00
0.00
0.00
0.00
0.00
0.00
0.00
0.00
0.00
0.00
0.00
0.00
-0.21
1.08
-0.88
-0.14
-0.72
3.28
-1.54
0.31
-1.74
0.85
0.40
-1.23
8.32
-1.94
-0.38
0.05
0.48
-0.50
-1.97
-6.91
-1.70
-6.91
0.00
0.00
0.00
0.00
0.00
0.00
0.00
0.00
0.00
0.00
0.00
0.00
0.00
0.00
0.00
0.00
0.00
0.00
-2.74
-0.90
0.00
0.00
-0.83
0.00
1.83
-0.53
-2.63
-0.44
0.00
-0.49
0.00
0.00
-0.46
-1.37
0.34
1.69
-6.91
-2.79
0.00
0.00
4.02
0.00
-0.88
-3.23
0.00
-0.82
-2.06
1.05
-3.65
-1.04
0.00
-1.49
-0.58
-0.60
0.00
0.00
0.00
0.00
0.00
0.00
0.00
0.00
0.00
0.00
0.00
0.00
0.00
0.00
0.00
0.00
0.00
0.00
0.00
0.00
0.00
0.00
0.00
0.00
0.00
0.00
0.00
0.00
0.00
0.00
0.00
0.00
0.00
0.00
0.00
0.00
0.00
0.00
0.00
0.00
0.00
0.00
-6.91
-0.96
1.46
-1.39
0.33
1.56
0.00
4.30
-0.89
0.00
-3.04
-2.21
1.41
0.00
1.77
0.83
0.00
0.00
-6.91
-1.14
-0.03
-0.51
1.87
0.00
-0.95
0.00
0.00
1.02
0.00
0.00
-0.73
0.00
0.00
0.82
0.00
0.00
0.00
0.00
0.00
0.00
0.00
0.00
0.00
0.00
0.00
0.00
0.00
0.00
0.00
0.00
0.00
0.00
0.00
0.00
0.00
0.00
0.00
0.00
0.00
0.00
0.00
0.00
0.00
0.00
0.00
0.00
0.00
0.00
0.00
0.00
0.00
0.00
0.00
0.00
-1.00
-1.54
0.00
1.79
-0.82
0.00
3.51
-0.89
-6.91
0.51
1.23
-1.38
0.00
0.00
-0.16
-1.18
-0.89
-0.48
-1.81
-6.91
0.00
0.00
0.81
6.91
-1.26
-6.91
2.03
-6.91
-0.57
-0.54
-1.32
-6.91
0.00
-1.12
-1.53
-0.08
0.00
0.00
0.00
0.00
0.00
0.00
0.00
0.00
0.00
0.00
0.00
0.00
0.00
0.00
0.00
0.00
0.00
0.00
0.00
0.00
0.00
0.00
0.00
0.00
0.00
0.00
0.00
0.00
0.00
0.00
0.00
0.00
0.00
0.00
0.00
0.00
0.00
0.00
0.00
0.00
6.91
1.51
0.10
-6.91
0.33
0.67
-1.92
1.20
1.51
-0.47
-1.40
1.69
-0.65
0.73
0.02
0.00
-0.16
-1.06
1.68
1.83
-0.32
0.13
-1.79
-2.54
0.99
0.33
-1.35
0.44
0.00
0.12
1.95
6.91
0.23
1.38
1.79
-0.58
0.00
0.00
0.00
0.00
0.00
0.00
0.00
0.00
0.00
0.00
0.00
0.00
0.00
0.00
0.00
0.00
0.00
0.00
0.00
0.00
0.00
0.00
0.00
0.00
0.00
0.00
0.00
0.00
0.00
0.00
0.00
0.00
0.00
0.00
0.00
0.00
0.00
0.00
0.00
0.00
-0.76
-1.94
0.00
0.82
-2.35
0.00
1.18
-6.91
-1.15
-0.12
0.61
-2.62
0.00
0.00
-2.41
-1.16
-0.49
-1.38
-1.39
-1.89
0.00
0.00
0.72
1.68
-5.38
-0.93
0.67
-1.81
-0.86
-1.65
-2.04
-3.36
0.00
-0.85
-1.18
-1.28
0.00
0.00
0.00
0.00
0.00
0.00
0.00
0.00
0.00
0.00
0.00
0.00
0.00
0.00
0.00
0.00
0.00
0.00
0.00
0.00
0.00
0.00
0.00
0.00
0.00
0.00
0.00
0.00
0.00
0.00
0.00
0.00
0.00
0.00
0.00
0.00
0.00
0.00
0.00
0.00
0.00
0.00
-0.68
-0.21
0.00
-2.58
-0.43
0.00
0.00
0.96
-0.76
0.00
-4.18
-0.87
0.89
0.00
3.07
3.70
0.00
0.00
-4.87
-1.23
-0.32
0.25
0.00
0.00
-1.50
0.00
0.00
3.20
0.00
0.00
-1.18
0.00
0.00
2.07
0.00
0.00
0.00
0.00
0.00
0.00
0.00
0.00
0.00
0.00
0.00
0.00
0.00
0.00
0.00
0.00
0.00
0.00
0.00
0.00
0.00
0.00
0.00
0.00
0.00
0.00
0.00
0.00
0.00
0.00
0.00
0.00
0.00
0.00
0.00
0.00
0.00
0.00
0.00
0.00
-0.60
-6.91
0.00
1.97
-1.12
0.00
0.07
-2.22
-6.91
-0.66
4.38
-1.20
0.00
0.00
-1.10
-0.93
-2.05
-0.46
-4.27
-2.10
0.00
0.00
0.04
1.19
-1.87
-6.91
2.62
-1.66
0.22
-0.63
-0.78
-6.91
0.00
-1.18
-3.23
-0.75
0.00
0.00
0.00
0.00
0.00
0.00
0.00
0.00
0.00
0.00
0.00
0.00
0.00
0.00
0.00
0.00
0.00
0.00
0.00
0.00
0.00
0.00
0.00
0.00
0.00
0.00
0.00
0.00
0.00
0.00
0.00
0.00
0.00
0.00
0.00
0.00
0.00
0.00
0.00
0.00
2.83
0.98
0.49
-3.06
0.73
-0.19
-6.91
-0.37
0.57
-0.22
-1.65
0.65
0.03
0.25
-1.63
0.00
-0.66
-0.24
1.59
0.50
0.54
0.73
-6.91
-2.27
0.46
0.98
-1.86
0.55
0.00
-0.95
2.63
0.22
-0.33
2.59
1.23
0.15
0.00
0.00
0.00
0.00
0.00
0.00
0.00
0.00
0.00
0.00
0.00
0.00
0.00
0.00
0.00
0.00
0.00
0.00
0.00
0.00
0.00
0.00
0.00
0.00
0.00
0.00
0.00
0.00
0.00
0.00
0.00
0.00
0.00
0.00
0.00
0.00
0.00
0.00
0.00
0.00
-0.23
-0.19
3.31
1.74
-2.39
0.00
0.60
-1.63
-0.95
-1.46
0.70
-0.83
2.22
0.00
-1.18
-0.02
-1.59
-0.77
-0.41
-0.25
2.28
0.00
0.65
0.40
-6.91
-0.48
1.28
-2.33
0.02
-2.60
0.08
-1.56
0.00
-1.36
-1.01
-0.55
0.00
0.00
0.00
0.00
0.00
0.00
0.00
0.00
0.00
0.00
0.00
0.00
0.00
0.00
0.00
0.00
0.00
0.00
0.00
0.00
0.00
0.00
0.00
0.00
0.00
0.00
0.00
0.00
0.00
0.00
0.00
0.00
0.00
0.00
0.00
0.00
0.00
0.00
0.00
0.00
0.00
0.00
-2.53
-1.18
0.00
-0.66
0.13
1.61
0.00
1.79
-0.98
0.00
-3.22
-1.19
0.57
0.00
2.20
0.20
0.00
0.00
-6.91
-0.77
-0.93
0.11
3.22
0.00
-0.95
0.00
0.00
1.10
0.00
0.00
-1.58
0.00
0.00
6.91
0.00
0.00
0.00
0.00
0.00
0.00
0.00
0.00
0.00
0.00
0.00
0.00
0.00
0.00
0.00
0.00
0.00
0.00
0.00
0.00
0.00
0.00
0.00
0.00
0.00
0.00
0.00
0.00
0.00
0.00
0.00
0.00
0.00
0.00
0.00
0.00
0.00
0.00
0.00
0.00
0.00
1.22
-1.01
-6.91
0.63
-1.11
-0.93
0.26
3.18
-0.52
-2.53
6.91
-1.19
-0.85
0.52
0.00
1.03
-0.84
0.00
1.23
-0.72
-0.64
-1.50
-6.91
0.31
1.74
-6.91
2.00
0.00
0.07
0.00
6.91
-0.67
1.99
1.77
0.61
0.00
0.00
0.00
0.00
0.00
0.00
0.00
0.00
0.00
0.00
0.00
0.00
0.00
0.00
0.00
0.00
0.00
0.00
0.00
0.00
0.00
0.00
0.00
0.00
0.00
0.00
0.00
0.00
0.00
0.00
0.00
0.00
0.00
0.00
0.00
0.00
0.00
0.00
0.00
0.00
-2.93
-0.87
0.00
2.94
-2.59
0.00
0.75
-3.14
-1.62
0.11
6.91
-1.49
0.00
0.00
-0.89
-1.13
-0.39
-0.44
-0.41
-1.84
0.00
0.00
1.18
0.50
-2.75
-1.18
6.91
-1.51
-1.20
-0.53
-0.45
-1.14
0.00
-6.91
-2.36
-1.89
0.00
0.00
0.00
0.00
0.00
0.00
0.00
0.00
0.00
0.00
0.00
0.00
0.00
0.00
0.00
0.00
0.00
0.00
0.00
0.00
0.00
0.00
0.00
0.00
0.00
0.00
0.00
0.00
0.00
0.00
0.00
0.00
0.00
0.00
0.00
0.00
0.00
0.00
0.00
0.00
0.00
0.00
-2.81
-0.60
0.00
-1.45
-0.07
0.00
0.00
6.91
0.10
0.00
-0.66
-6.91
7.90
0.00
1.88
1.68
0.00
0.00
-1.03
-2.50
0.66
-0.03
0.00
0.00
-0.56
0.00
0.00
3.45
0.00
0.00
-6.91
0.00
0.00
6.91
0.00
0.00
0.00
0.00
0.00
0.00
0.00
0.00
0.00
0.00
0.00
0.00
0.00
0.00
0.00
0.00
0.00
0.00
0.00
0.00
0.00
0.00
0.00
0.00
0.00
0.00
0.00
0.00
0.00
0.00
0.00
0.00
0.00
0.00
0.00
0.00
0.00
0.00
0.00
0.00
0.75
-1.27
4.01
0.44
-0.39
1.56
-0.70
-1.17
-2.18
-3.08
-0.12
-1.51
1.78
1.43
-6.91
0.81
-2.41
-0.50
0.24
-0.11
1.51
1.36
-1.46
-0.44
-1.44
-1.75
-0.14
-0.78
1.25
-1.43
0.09
-1.42
6.91
0.02
-1.05
-6.91
0.00
0.00
0.00
0.00
0.00
0.00
0.00
0.00
0.00
0.00
0.00
0.00
0.00
0.00
0.00
0.00
0.00
0.00
0.00
0.00
0.00
0.00
0.00
0.00
0.00
0.00
0.00
0.00
0.00
0.00
0.00
0.00
0.00
0.00
0.00
0.00
0.00
0.00
0.00
0.00
-1.02
-0.11
0.00
0.00
-0.43
0.00
0.00
-0.45
-0.24
1.54
0.00
-0.52
0.00
0.00
1.58
-1.44
0.68
4.02
-3.19
-1.45
0.00
0.00
0.00
0.00
0.23
-0.02
0.00
0.10
-0.77
0.08
-0.94
-0.96
0.00
-1.38
-0.68
1.09
0.00
0.00
0.00
0.00
0.00
0.00
0.00
0.00
0.00
0.00
0.00
0.00
0.00
0.00
0.00
0.00
0.00
0.00
0.00
0.00
0.00
0.00
0.00
0.00
0.00
0.00
0.00
0.00
0.00
0.00
0.00
0.00
0.00
0.00
0.00
0.00
0.00
0.00
0.00
0.00
-2.09
-0.64
0.00
0.00
-0.46
0.00
3.53
-0.15
-1.83
-0.12
0.00
-0.98
0.00
0.00
0.10
-1.75
-0.13
0.30
-0.82
-1.42
0.00
0.00
1.28
1.46
-0.64
-1.31
0.00
-0.34
-0.61
0.23
-2.53
-4.44
0.00
-2.38
-0.98
0.05
0.00
0.00
0.00
0.00
0.00
0.00
0.00
0.00
0.00
0.00
0.00
0.00
0.00
0.00
0.00
0.00
0.00
0.00
0.00
0.00
0.00
0.00
0.00
0.00
0.00
0.00
0.00
0.00
0.00
0.00
0.00
0.00
0.00
0.00
0.00
0.00
0.00
0.00
0.00
0.00
-6.17
-1.39
0.00
0.00
-0.83
0.00
0.00
-0.62
-0.87
0.18
0.00
-1.02
0.00
0.00
0.23
-3.08
0.12
1.96
-0.98
-1.69
0.00
0.00
0.00
0.00
-0.42
-0.07
0.00
-0.21
-6.91
1.03
-3.09
-2.19
0.00
-1.90
0.55
0.04
0.00
0.00
0.00
0.00
0.00
0.00
0.00
0.00
0.00
0.00
0.00
0.00
0.00
0.00
0.00
0.00
0.00
0.00
0.00
0.00
0.00
0.00
0.00
0.00
0.00
0.00
0.00
0.00
0.00
0.00
0.00
0.00
0.00
0.00
0.00
0.00
0.00
0.00
0.00
0.00
-1.44
-1.75
0.00
6.91
-1.84
0.00
3.08
-1.28
-6.91
0.37
2.50
-1.95
0.00
0.00
-1.07
-0.14
-0.12
-0.40
-1.90
-6.91
0.00
0.00
0.84
3.93
-2.46
-0.93
1.33
-6.91
-0.29
0.35
-1.57
-0.91
0.00
-6.91
-3.63
-0.30
0.00
0.00
0.00
0.00
0.00
0.00
0.00
0.00
0.00
0.00
0.00
0.00
0.00
0.00
0.00
0.00
0.00
0.00
0.00
0.00
0.00
0.00
0.00
0.00
0.00
0.00
0.00
0.00
0.00
0.00
0.00
0.00
0.00
0.00
0.00
0.00
0.00
0.00
0.00
0.00
1.00
-0.24
1.12
-0.79
-0.55
1.82
-0.46
-0.88
-0.32
-2.31
-0.41
-0.63
3.19
6.91
-1.42
0.30
-1.10
-3.83
0.13
-0.64
2.38
6.91
-0.46
-1.01
-1.42
-0.96
-0.65
-0.50
1.28
-6.91
0.27
0.31
1.64
-0.06
-1.05
-1.72
0.00
0.00
0.00
0.00
0.00
0.00
0.00
0.00
0.00
0.00
0.00
0.00
0.00
0.00
0.00
0.00
0.00
0.00
0.00
0.00
0.00
0.00
0.00
0.00
0.00
0.00
0.00
0.00
0.00
0.00
0.00
0.00
0.00
0.00
0.00
0.00
0.00
0.00
0.00
0.00
-0.11
-0.57
1.63
0.45
-1.93
0.00
0.15
-0.32
-2.80
-1.31
-0.21
-1.81
1.32
0.00
-0.59
-0.00
-6.91
-0.21
0.51
-0.47
0.84
0.00
-0.29
0.35
-0.26
-1.61
0.25
-1.65
0.67
-6.91
-0.41
-0.85
0.00
-1.03
-1.27
-6.91
0.00
0.00
0.00
0.00
0.00
0.00
0.00
0.00
0.00
0.00
0.00
0.00
0.00
0.00
0.00
0.00
0.00
0.00
0.00
0.00
0.00
0.00
0.00
0.00
0.00
0.00
0.00
0.00
0.00
0.00
0.00
0.00
0.00
0.00
0.00
0.00
0.00
0.00
0.00
0.00
0.62
0.44
0.92
-0.32
-0.53
6.91
-1.56
-0.85
-1.00
-0.41
-0.95
0.26
1.40
0.83
-3.23
0.77
-1.31
-6.91
1.18
-0.41
0.09
1.59
-0.81
-0.24
-0.61
-0.91
-0.09
0.45
1.97
-1.24
-0.09
0.46
0.62
-0.74
-0.05
-3.19
0.00
0.00
0.00
0.00
0.00
0.00
0.00
0.00
0.00
0.00
0.00
0.00
0.00
0.00
0.00
0.00
0.00
0.00
0.00
0.00
0.00
0.00
0.00
0.00
0.00
0.00
0.00
0.00
0.00
0.00
0.00
0.00
0.00
0.00
0.00
0.00
0.00
0.00
0.00
0.00
-0.85
0.27
0.53
-0.75
-1.57
2.49
0.27
-1.60
-1.08
-2.40
-0.29
-1.46
0.62
3.68
-4.41
-0.07
-1.36
-0.61
-0.75
-0.05
2.12
2.20
-1.16
-0.52
-1.13
-1.19
0.16
-0.03
1.47
-6.91
0.55
-0.86
1.89
-0.94
-0.64
-2.30
0.00
0.00
0.00
0.00
0.00
0.00
0.00
0.00
0.00
0.00
0.00
0.00
0.00
0.00
0.00
0.00
0.00
0.00
0.00
0.00
0.00
0.00
