0.00
0.00
0.00
0.00
0.00
0.00
0.00
0.00
0.00
0.00
0.00
0.00
0.00
0.00
0.00
0.00
0.00
0.00
-6.91
-1.36
0.00
1.73
-2.16
0.00
0.81
-0.52
-1.66
-0.40
0.00
-2.14
0.00
0.00
-0.25
-0.70
0.11
1.38
-6.91
-1.87
0.00
0.00
1.39
6.91
-0.39
-0.44
0.00
-1.14
-6.91
0.50
-1.42
-6.91
0.00
-0.49
-0.03
-0.45
-6.91
0.00
-0.95
1.79
-1.70
0.00
-0.55
1.44
-0.66
0.00
0.00
-1.42
0.00
-0.76
-0.43
-1.24
-2.37
-1.03
0.51
-0.60
-0.23
0.34
0.00
0.00
0.00
0.00
0.00
0.00
0.00
0.00
0.00
0.00
0.00
0.00
0.00
0.00
0.00
0.00
0.00
0.00
0.00
0.00
0.00
0.00
0.00
0.00
0.00
0.00
0.00
0.00
0.00
0.00
0.00
0.00
0.00
0.00
0.00
-4.07
-0.31
6.91
-1.96
-0.80
6.91
0.00
0.93
-1.20
0.00
-1.21
-0.47
1.80
0.00
4.98
-0.01
0.00
0.00
-6.91
-1.06
-0.41
-0.81
6.91
0.00
-1.94
0.00
0.00
1.54
0.00
0.00
-0.92
0.00
0.00
4.12
0.00
-5.58
0.00
-1.07
0.00
-6.91
0.00
-0.93
3.22
-1.14
-2.24
0.00
-1.44
2.36
0.00
0.00
0.00
0.00
0.40
6.91
1.28
1.21
0.00
0.00
0.00
0.00
0.00
0.00
0.00
0.00
0.00
0.00
0.00
0.00
0.00
0.00
0.00
0.00
0.00
0.00
0.00
0.00
0.00
0.00
0.00
0.00
0.00
0.00
0.00
0.00
0.00
0.00
0.00
0.00
0.00
0.00
0.00
-1.78
-0.91
0.00
-3.61
0.93
0.00
0.00
1.66
0.07
0.00
-0.71
-1.16
4.04
0.00
0.00
0.61
0.00
0.00
-0.74
-6.91
0.04
0.56
0.00
0.00
0.30
0.00
0.00
1.13
0.00
0.00
-1.39
0.00
0.00
0.00
0.00
-0.68
0.00
0.34
0.00
-6.91
0.00
0.25
0.00
-1.98
-1.23
0.00
-1.74
6.91
0.00
0.00
0.00
0.00
1.20
0.00
3.00
2.09
0.00
0.00
0.00
0.00
0.00
0.00
0.00
0.00
0.00
0.00
0.00
0.00
0.00
0.00
0.00
0.00
0.00
0.00
0.00
0.00
0.00
0.00
0.00
0.00
0.00
0.00
0.00
0.00
0.00
0.00
0.00
0.00
0.00
-1.02
-1.76
0.00
6.91
-2.14
0.00
2.24
-0.24
-1.29
-0.03
6.91
-1.27
0.00
0.00
-0.57
-1.71
-0.21
-0.05
-6.91
-3.98
0.00
0.00
1.50
6.91
-1.80
-6.91
6.91
-1.12
-1.79
-0.50
-1.01
-1.45
0.00
-0.61
-1.11
-1.11
-6.91
0.00
-6.91
2.24
-2.24
0.00
-1.03
0.93
-1.48
0.00
6.91
-1.68
0.00
0.11
-0.54
-0.77
-0.57
-0.68
-0.58
0.01
-0.06
0.02
0.00
0.00
0.00
0.00
0.00
0.00
0.00
0.00
0.00
0.00
0.00
0.00
0.00
0.00
0.00
0.00
0.00
0.00
0.00
0.00
0.00
0.00
0.00
0.00
0.00
0.00
0.00
0.00
0.00
0.00
0.00
0.00
0.00
-0.90
-0.91
6.91
0.83
-1.73
0.00
1.09
-6.91
-1.78
-0.45
0.59
-6.91
0.00
0.00
-2.11
-0.65
-0.58
-1.61
-0.96
-2.85
3.51
0.00
1.32
-0.05
-1.22
-3.04
1.51
-1.19
0.37
-1.53
-0.43
-1.93
0.00
-4.36
-1.12
-0.63
-0.54
2.41
-3.26
1.44
-3.34
0.00
-1.33
0.90
-1.67
0.00
0.55
-1.01
0.00
-2.18
-0.65
-1.14
0.12
-0.75
-2.35
-0.55
-0.70
-0.98
0.00
0.00
0.00
0.00
0.00
0.00
0.00
0.00
0.00
0.00
0.00
0.00
0.00
0.00
0.00
0.00
0.00
0.00
0.00
0.00
0.00
0.00
0.00
0.00
0.00
0.00
0.00
0.00
0.00
0.00
0.00
0.00
0.00
-0.58
-6.91
0.00
1.94
-5.23
0.00
0.05
-2.00
-1.68
-1.51
2.82
-6.91
0.00
0.00
-0.09
-0.82
-1.46
-0.32
-0.54
-1.18
0.00
0.00
0.25
0.27
-6.91
-6.91
2.52
-6.91
-0.15
-0.49
-1.63
-3.81
0.00
-0.99
-0.73
-0.46
-1.07
0.00
-5.94
1.45
-2.93
0.00
-1.67
0.97
-2.32
0.00
1.50
-6.91
0.00
-1.69
-0.09
-0.16
-0.73
-3.42
-1.52
-0.34
0.16
-0.43
0.00
0.00
0.00
0.00
0.00
0.00
0.00
0.00
0.00
0.00
0.00
0.00
0.00
0.00
0.00
0.00
0.00
0.00
0.00
0.00
0.00
0.00
0.00
0.00
0.00
0.00
0.00
0.00
0.00
0.00
0.00
0.00
0.00
6.91
3.03
-0.07
-2.46
0.14
0.46
-6.91
1.77
2.95
0.02
-6.91
2.94
-1.51
0.86
-0.84
0.00
0.06
-1.07
6.91
5.67
-1.46
0.05
-3.95
-6.91
0.03
1.27
-1.65
0.77
0.00
0.65
0.00
0.83
-0.28
6.91
1.00
0.20
0.00
-0.28
1.73
-1.24
1.49
-0.33
2.26
-1.26
0.84
0.15
-1.56
3.46
-0.70
-0.04
0.00
0.00
0.00
3.27
-0.74
0.83
-1.14
0.06
0.00
0.00
0.00
0.00
0.00
0.00
0.00
0.00
0.00
0.00
0.00
0.00
0.00
0.00
0.00
0.00
0.00
0.00
0.00
0.00
0.00
0.00
0.00
0.00
0.00
0.00
0.00
0.00
0.00
0.00
0.00
0.00
0.00
1.94
1.90
0.06
-1.53
0.71
0.10
-1.34
0.63
1.12
-0.69
-4.26
0.60
-1.05
0.62
-0.03
0.00
-0.93
-1.40
1.07
2.54
-0.26
0.45
-3.06
-6.91
0.04
0.59
-1.30
1.57
0.00
-0.41
1.59
2.19
1.06
2.96
1.50
-0.11
4.20
-1.13
2.55
-2.00
1.53
0.83
0.25
-6.91
1.16
-0.66
-1.44
1.80
-0.61
0.21
0.00
6.91
0.00
0.62
-1.00
0.58
-0.97
-0.25
0.00
0.00
0.00
0.00
0.00
0.00
0.00
0.00
0.00
0.00
0.00
0.00
0.00
0.00
0.00
0.00
0.00
0.00
0.00
0.00
0.00
0.00
0.00
0.00
0.00
0.00
0.00
0.00
0.00
0.00
0.00
0.00
0.00
-1.40
-1.29
1.91
0.63
-1.04
0.00
0.37
-1.64
-1.79
-1.21
0.20
-0.66
6.91
0.00
-1.44
0.57
-2.37
-0.47
-0.11
-1.19
1.52
0.00
-0.14
0.47
-2.40
-6.91
0.60
-6.91
0.61
-2.34
-0.97
-0.52
0.00
-2.70
-6.91
-0.92
0.03
6.91
-0.93
-0.01
-4.57
0.00
-0.72
-0.57
-1.97
3.18
1.07
-1.65
0.00
-1.51
-0.03
-1.23
-0.72
-2.09
-2.92
-1.16
-0.70
-3.65
0.00
0.00
0.00
0.00
0.00
0.00
0.00
0.00
0.00
0.00
0.00
0.00
0.00
0.00
0.00
0.00
0.00
0.00
0.00
0.00
0.00
0.00
0.00
0.00
0.00
0.00
0.00
0.00
0.00
0.00
0.00
0.00
0.00
0.00
1.33
-0.90
-1.46
1.93
-0.80
-2.11
0.61
1.89
-0.05
-6.91
6.91
-0.07
-0.77
0.51
0.00
-0.28
-0.58
0.00
6.91
-0.25
-1.06
-1.12
-2.68
0.22
1.57
-4.34
2.91
0.00
0.03
0.00
1.04
-0.60
1.40
0.71
-0.27
0.00
-0.74
6.91
-1.53
3.88
-0.16
1.59
-2.00
0.81
-1.73
-6.91
1.08
0.27
0.97
0.00
0.00
0.00
6.91
-0.53
0.95
0.32
1.06
0.00
0.00
0.00
0.00
0.00
0.00
0.00
0.00
0.00
0.00
0.00
0.00
0.00
0.00
0.00
0.00
0.00
0.00
0.00
0.00
0.00
0.00
0.00
0.00
0.00
0.00
0.00
0.00
0.00
0.00
0.00
0.00
0.00
-0.12
0.03
1.27
0.48
-1.72
1.85
-0.43
-0.21
-0.51
-1.86
-0.15
-0.20
0.73
0.00
-1.99
-0.10
-3.19
-3.08
-0.21
-0.17
0.86
2.14
-0.69
0.49
-0.65
-0.74
0.22
-0.24
0.09
-2.44
-0.37
-1.00
1.28
-0.24
-0.13
-6.91
0.57
1.83
-0.45
0.44
-3.81
1.33
-1.39
-0.61
-1.29
3.39
0.83
-1.32
6.91
-3.14
-0.13
-0.45
1.51
0.02
-1.55
-1.27
-1.45
-1.32
0.00
0.00
0.00
0.00
0.00
0.00
0.00
0.00
0.00
0.00
0.00
0.00
0.00
0.00
0.00
0.00
0.00
0.00
0.00
0.00
0.00
0.00
0.00
0.00
0.00
0.00
0.00
0.00
0.00
0.00
0.00
0.00
0.00
-0.53
-0.91
0.00
1.49
-1.86
0.00
1.38
-2.06
-1.01
0.09
0.91
-2.49
0.00
0.00
-0.12
-0.31
-1.85
-0.14
-1.54
-1.15
0.00
0.00
1.53
1.18
-3.03
-2.29
6.91
-3.22
-0.53
-1.04
-2.61
-2.23
0.00
-1.96
-2.36
-1.90
-0.94
0.00
-2.48
0.74
-6.91
0.00
-1.42
0.90
-1.26
0.00
1.19
-6.91
0.00
-1.39
-1.22
-0.83
-0.87
-1.12
-1.14
-0.51
-0.81
-1.33
0.00
0.00
0.00
0.00
0.00
0.00
0.00
0.00
0.00
0.00
0.00
0.00
0.00
0.00
0.00
0.00
0.00
0.00
0.00
0.00
0.00
0.00
0.00
0.00
0.00
0.00
0.00
0.00
0.00
0.00
0.00
0.00
0.00
-1.55
-1.97
0.00
1.35
-0.93
0.00
2.32
-1.24
-1.68
-0.49
0.00
-1.39
0.00
0.00
-0.13
-4.19
-0.16
0.92
-0.64
-2.23
0.00
0.00
1.02
2.72
-1.29
-2.17
0.00
-0.94
-0.45
0.65
-3.80
-1.44
0.00
-1.35
-2.47
-0.83
-0.81
0.00
-0.83
1.96
-0.31
0.00
-2.09
0.81
-0.53
0.00
0.00
-0.74
0.00
0.17
-2.02
-6.91
-0.76
-6.91
0.77
0.52
0.26
-0.16
0.00
0.00
0.00
0.00
0.00
0.00
0.00
0.00
0.00
0.00
0.00
0.00
0.00
0.00
0.00
0.00
0.00
0.00
0.00
0.00
0.00
0.00
0.00
0.00
0.00
0.00
0.00
0.00
0.00
0.00
0.00
0.00
0.00
0.74
0.24
2.22
0.03
-1.21
1.65
-1.24
-0.70
-0.83
-2.47
1.03
-0.19
4.37
2.98
-2.11
0.07
-6.91
-1.75
-0.47
-0.07
4.31
4.35
-0.81
0.15
-2.67
-0.63
-0.30
-0.20
1.20
-1.49
-0.14
-0.94
1.47
-1.33
-0.81
-4.04
0.25
2.07
-0.60
0.18
-1.60
1.04
-1.18
0.07
-0.77
0.62
-0.22
-1.80
1.75
-2.39
1.32
0.16
1.48
-1.17
-1.41
-1.54
-1.14
-2.20
0.00
0.00
0.00
0.00
0.00
0.00
0.00
0.00
0.00
0.00
0.00
0.00
0.00
0.00
0.00
0.00
0.00
0.00
0.00
0.00
0.00
0.00
0.00
0.00
0.00
0.00
0.00
0.00
0.00
0.00
0.00
0.00
0.00
0.00
0.00
-0.78
0.45
0.00
-0.75
-0.24
0.00
0.00
6.91
0.28
0.00
-2.26
-2.27
1.49
0.00
0.00
1.43
0.00
0.00
-0.70
-0.95
0.93
0.54
0.00
0.00
-0.21
0.00
0.00
6.91
0.00
0.00
-3.07
0.00
0.00
0.00
0.00
-2.25
0.00
0.50
0.00
-1.67
0.00
-0.18
0.00
-0.76
0.55
0.00
-1.83
6.91
0.00
0.00
0.00
0.00
6.91
0.00
2.63
2.49
0.00
0.00
0.00
0.00
0.00
0.00
0.00
0.00
0.00
0.00
0.00
0.00
0.00
0.00
0.00
0.00
0.00
0.00
0.00
0.00
0.00
0.00
0.00
0.00
0.00
0.00
0.00
0.00
0.00
0.00
0.00
0.00
0.00
-0.81
-3.50
0.00
0.72
-1.47
0.00
2.23
-2.73
-2.68
-0.05
6.91
-1.68
0.00
0.00
-0.16
-0.25
-0.95
-0.44
-3.53
-6.91
0.00
0.00
2.46
1.53
-0.36
-6.91
2.37
-6.91
-0.54
-0.80
-4.00
-2.51
0.00
-1.32
-1.52
0.06
-2.09
0.00
-2.26
0.54
-0.67
0.00
-1.03
0.76
-0.55
0.00
1.62
-2.60
0.00
-0.24
-0.73
-0.59
-0.43
-1.90
-0.80
-0.35
-0.02
-1.18
0.00
0.00
0.00
0.00
0.00
0.00
0.00
0.00
0.00
0.00
0.00
0.00
0.00
0.00
0.00
0.00
0.00
0.00
0.00
0.00
0.00
0.00
0.00
0.00
0.00
0.00
0.00
0.00
0.00
0.00
0.00
0.00
0.00
-0.49
-0.37
0.79
-0.34
-0.80
1.34
-0.16
-2.00
-1.24
-1.82
-0.62
0.35
0.51
1.54
-1.66
0.43
-1.32
-1.62
0.96
-0.68
0.54
6.91
-1.10
-0.31
-0.93
-0.10
-0.32
-0.61
0.72
-1.18
0.65
-0.34
1.57
-0.88
-1.38
-1.33
1.20
0.85
0.11
-0.89
-0.74
1.58
-0.33
-1.63
-1.65
0.34
0.22
-0.95
6.91
-1.31
1.00
-0.38
0.30
-0.65
-6.91
-0.64
-2.13
-1.41
0.00
0.00
0.00
0.00
0.00
0.00
0.00
0.00
0.00
0.00
0.00
0.00
0.00
0.00
0.00
0.00
0.00
0.00
0.00
0.00
0.00
0.00
0.00
0.00
0.00
0.00
0.00
0.00
0.00
0.00
0.00
0.00
0.00
0.00
0.00
-6.91
-0.95
0.00
-1.47
-0.29
6.91
0.00
0.87
-1.17
0.00
-6.91
-0.82
1.97
0.00
2.69
1.05
0.00
0.00
-1.30
-5.41
0.02
-0.70
1.41
0.00
-0.75
0.00
0.00
2.09
0.00
0.00
-6.91
0.00
0.00
1.02
0.00
-6.91
0.00
-1.19
0.00
-1.42
0.00
-0.72
1.45
-3.54
-0.28
0.00
-1.19
1.64
0.00
0.00
0.00
0.00
0.36
6.91
0.04
6.91
0.00
0.00
0.00
0.00
0.00
0.00
0.00
0.00
0.00
0.00
0.00
0.00
0.00
0.00
0.00
-6.91
0.00
0.00
-1.09
-0.71
-0.42
6.91
1.42
-0.35
0.00
-0.59
-1.40
-3.37
-0.04
0.00
-1.94
-0.42
0.00
0.00
0.00
0.00
0.00
0.00
0.00
0.00
0.00
0.00
0.00
0.00
0.00
0.00
0.00
0.00
0.00
0.00
0.00
-1.53
-3.87
0.00
0.00
1.57
6.91
0.02
-1.87
0.00
-0.81
-1.43
-0.63
-1.81
-6.91
0.00
-0.75
-1.00
0.29
-2.41
0.00
-2.96
6.91
-1.29
0.00
-0.59
1.70
-0.91
0.00
0.00
-1.09
0.00
0.73
-1.41
-0.94
-0.95
-0.52
0.03
-0.38
0.96
0.12
-6.91
0.00
1.03
-0.86
-2.55
0.00
0.00
6.46
-1.62
0.00
-1.21
-3.73
0.65
0.12
0.13
-6.91
0.00
0.00
-6.91
-1.41
-0.90
3.07
1.30
-1.06
6.91
0.14
-6.91
-0.68
-0.01
0.00
-6.91
0.49
0.00
0.00
0.00
0.00
0.00
0.00
0.00
0.00
0.00
0.00
0.00
0.00
0.00
0.00
0.00
0.00
0.00
0.00
0.00
-1.73
-6.91
0.00
0.00
0.35
1.32
-0.17
-1.18
1.39
-1.49
-2.25
-1.14
-3.05
-1.90
0.00
-1.71
-2.85
-0.32
-6.91
0.00
-1.35
3.06
-0.67
0.00
-1.13
1.06
-1.87
0.00
6.91
-1.15
0.00
-0.84
-0.11
-1.47
-0.25
-0.72
0.34
-1.36
-0.58
-1.38
-0.95
0.00
2.92
-6.91
-1.46
0.00
0.00
1.55
-1.14
1.94
-0.69
-0.59
0.20
-0.91
-0.21
0.00
-4.48
-0.87
0.00
2.95
0.00
-1.67
-0.74
1.17
-3.06
4.21
0.00
0.00
1.46
-3.72
0.00
0.86
-1.47
0.00
0.00
0.00
0.00
0.00
0.00
0.00
0.00
0.00
0.00
0.00
0.00
0.00
0.00
0.00
0.00
0.00
0.00
0.00
0.00
-4.26
-2.16
-0.88
-1.63
2.19
0.00
-1.15
0.00
0.00
2.18
0.00
0.00
-1.22
0.00
0.00
0.91
0.00
-2.15
0.00
-0.81
0.00
-2.29
0.00
-0.75
3.19
-1.02
-0.29
0.00
-5.06
0.72
0.00
0.00
0.00
0.00
2.35
2.11
1.63
1.62
0.00
-3.41
0.02
0.00
0.00
-1.79
-3.94
0.17
0.00
-1.75
3.36
0.00
2.04
1.64
0.40
3.47
-0.90
-0.17
2.84
0.77
0.89
-6.91
-1.29
1.19
-1.07
0.31
1.21
1.56
-0.45
0.17
0.93
0.48
-0.93
0.00
0.00
0.00
0.00
0.00
0.00
0.00
0.00
0.00
0.00
0.00
0.00
0.00
0.00
0.00
0.00
0.00
0.00
2.11
6.91
-0.76
-1.03
-0.82
-1.39
0.39
0.39
-6.91
1.81
0.00
-0.31
0.00
1.87
-0.64
2.14
0.80
-0.30
0.00
-1.48
2.23
-1.46
0.72
-1.06
0.94
-0.85
0.32
-1.28
-1.46
1.15
0.06
-0.63
0.00
0.00
0.00
6.91
-0.28
0.58
-1.41
0.80
0.00
-0.34
-1.92
1.95
2.90
0.22
-0.56
-6.91
3.50
-6.91
0.39
3.41
-0.57
-0.65
-1.45
-0.78
3.60
0.00
-1.05
-1.91
-1.97
0.98
0.86
-3.00
0.73
-0.81
-1.62
-1.61
-2.06
0.00
-2.73
-0.55
0.00
0.00
0.00
0.00
0.00
0.00
0.00
0.00
0.00
0.00
0.00
0.00
0.00
0.00
0.00
0.00
0.00
0.00
0.00
-1.76
-0.89
6.91
0.00
-0.36
0.15
-3.12
-4.25
2.50
-6.91
0.19
-0.34
-1.34
-2.43
0.00
-0.69
-1.83
-0.97
-1.51
2.89
-1.00
0.66
-6.91
0.00
-0.76
-0.25
-6.91
0.00
0.30
-0.90
0.00
-0.73
0.57
-1.42
0.38
-0.87
-2.78
-1.88
-0.05
-2.63
-0.30
6.91
0.54
-1.30
-2.81
0.00
0.00
0.57
-2.85
1.77
-0.99
-0.64
-0.74
-0.81
-0.26
0.00
-1.76
-1.49
0.00
0.00
0.00
-0.60
0.50
0.00
-0.46
1.90
0.00
0.00
6.91
-1.01
0.00
1.45
-1.02
0.00
0.00
0.00
0.00
0.00
0.00
0.00
0.00
0.00
0.00
0.00
0.00
0.00
0.00
0.00
0.00
0.00
0.00
0.00
0.00
-0.54
-6.91
0.49
0.52
0.00
0.00
0.19
0.00
0.00
1.51
0.00
0.00
-2.96
0.00
0.00
0.00
0.00
-1.96
0.00
0.13
0.00
-6.91
0.00
-0.41
0.00
-3.32
0.12
0.00
-1.47
2.44
0.00
0.00
0.00
0.00
1.28
0.00
1.61
6.91
0.00
-2.04
0.19
0.00
0.00
-2.04
-0.90
0.23
0.00
0.24
0.00
0.00
6.91
6.91
2.29
4.51
-0.40
0.63
0.75
-0.24
0.46
-4.15
-6.91
0.28
-1.37
-0.16
1.43
6.91
-0.66
0.66
1.92
-1.02
-0.08
0.00
0.00
0.00
0.00
0.00
0.00
0.00
0.00
0.00
0.00
0.00
0.00
0.00
0.00
0.00
0.00
0.00
0.00
1.65
1.63
-1.10
-0.49
-1.57
-1.22
0.36
0.52
-0.95
1.79
0.00
-0.08
6.91
1.01
0.74
2.75
-0.02
0.19
1.51
0.06
0.71
-2.58
1.31
-0.27
0.90
-1.55
-0.38
-0.40
-2.22
1.37
0.00
0.36
0.00
2.10
0.00
1.54
0.09
-0.03
-1.18
-0.23
2.16
0.09
-1.58
0.19
1.02
0.69
0.82
-6.91
0.68
-0.85
1.17
1.71
-0.43
-0.40
-1.12
-0.36
1.58
0.00
-0.55
-2.42
-0.61
1.24
-0.14
-6.91
0.98
-1.90
-1.08
-1.04
-0.39
0.00
-0.90
-1.24
1.49
0.00
0.00
0.00
0.00
0.00
0.00
0.00
0.00
0.00
0.00
0.00
0.00
0.00
0.00
0.00
0.00
0.00
0.00
-1.25
-1.85
6.91
0.00
0.30
0.77
-6.91
-3.09
1.65
-1.84
-0.02
-1.57
0.14
-1.19
0.00
-2.33
-1.63
-1.43
-0.94
6.91
-0.52
1.53
-1.79
0.00
-0.79
0.80
-1.71
3.77
0.59
-0.68
0.00
-1.98
-0.40
-0.69
0.65
-6.91
-2.22
-0.73
-0.83
-0.71
0.06
1.82
0.72
-6.91
-1.34
0.00
0.00
0.32
-0.68
1.05
-3.74
-0.53
-0.65
-0.93
-1.58
-3.81
0.00
0.00
-3.76
-3.35
-6.91
1.25
1.65
-2.03
0.67
-0.95
-1.32
-1.00
-0.67
0.00
-1.59
-1.41
0.00
0.00
0.00
0.00
0.00
0.00
0.00
0.00
0.00
0.00
0.00
0.00
0.00
0.00
0.00
0.00
0.00
0.00
0.00
-3.08
-1.20
0.00
0.00
1.20
1.23
-1.20
-1.27
1.09
-2.02
0.14
-0.97
-0.54
-6.91
0.00
-3.69
-3.72
-1.05
-1.75
0.00
-1.14
2.62
-6.09
0.00
-1.41
0.41
-0.68
0.00
1.56
-6.91
0.00
-1.34
-0.05
-0.30
-1.00
-6.91
-1.32
-0.45
0.11
-1.24
-3.02
0.00
0.05
-2.11
-1.79
0.00
0.00
0.84
-2.66
0.52
-6.91
-1.18
-1.80
-0.91
-0.37
0.85
0.91
6.91
-0.26
-0.37
-1.13
-0.00
-0.34
-1.86
0.79
-6.91
-0.87
0.99
-1.64
6.91
-0.65
-1.82
1.08
0.00
0.00
0.00
0.00
0.00
0.00
0.00
0.00
0.00
0.00
0.00
0.00
0.00
0.00
0.00
0.00
0.00
0.00
0.83
0.16
2.36
6.91
0.09
-0.41
-0.48
-0.16
-0.17
-0.19
0.13
-6.91
0.98
-1.03
1.22
-0.11
-0.86
-6.91
-0.60
0.46
-1.13
0.45
-0.13
0.92
-1.88
-0.75
-1.35
3.92
0.21
-0.45
6.91
-6.91
0.00
0.09
1.71
0.42
-1.11
-2.19
-1.82
-3.92
0.70
2.97
-0.40
-1.22
-0.07
1.42
2.53
-0.73
-1.15
-0.13
-1.29
0.14
-6.91
-2.89
-0.63
0.00
-0.23
0.29
6.91
1.31
2.84
-1.57
-2.50
0.65
-6.91
0.42
6.51
0.00
-0.62
0.25
6.91
-0.78
-1.70
0.00
0.00
0.00
0.00
0.00
0.00
0.00
0.00
0.00
0.00
0.00
0.00
0.00
0.00
0.00
0.00
0.00
0.00
0.00
2.34
-1.85
0.05
-0.74
-2.03
2.01
1.09
-6.91
2.64
0.00
0.11
0.00
4.22
-0.63
1.07
0.52
1.10
0.00
-1.61
1.38
-1.47
1.14
-0.81
6.91
-1.81
2.62
-0.04
-6.91
1.37
-0.32
-0.49
0.00
0.00
0.00
2.72
0.39
-0.01
0.31
0.52
0.00
-1.97
-1.65
2.09
2.82
-1.06
-0.80
-1.39
1.81
-2.77
1.54
6.91
0.72
0.28
0.06
-2.20
0.00
0.00
-2.68
-2.98
-3.80
1.47
0.45
-1.84
2.81
-0.17
-1.37
-1.50
-0.64
0.00
-3.38
-0.86
0.00
0.00
0.00
0.00
0.00
0.00
0.00
0.00
0.00
0.00
0.00
0.00
0.00
0.00
0.00
0.00
0.00
0.00
0.00
-2.39
-1.82
0.00
0.00
1.20
4.72
-2.85
-2.14
1.44
-1.35
-1.49
0.05
-1.90
-3.89
0.00
-6.91
-3.78
-1.03
-1.12
0.00
-5.10
1.33
-6.91
0.00
-6.91
0.57
-3.74
0.00
6.91
-3.26
0.00
-0.87
-1.01
-3.23
-0.37
-1.22
-0.94
-0.28
0.07
-1.05
-1.07
0.00
0.76
-6.91
-2.09
0.00
0.00
0.73
-1.61
6.91
-6.91
-1.51
0.23
-0.22
0.46
0.00
-4.96
-0.58
0.00
0.00
0.00
0.22
-0.33
1.73
-1.72
2.82
0.00
0.00
2.07
-1.37
0.00
0.32
-2.37
0.00
0.00
0.00
0.00
0.00
0.00
0.00
0.00
0.00
0.00
0.00
0.00
0.00
0.00
0.00
0.00
0.00
0.00
0.00
0.00
-6.91
-3.00
0.38
-0.25
3.18
0.00
-1.07
0.00
0.00
1.73
0.00
0.00
-0.85
0.00
0.00
1.99
0.00
-6.91
0.00
-0.58
0.00
-1.37
0.00
0.05
2.50
-1.83
-0.12
0.00
-2.76
1.03
0.00
0.00
0.00
0.00
0.38
6.91
0.99
6.91
0.00
-6.91
0.38
0.00
0.00
-1.62
-3.52
-0.84
0.00
-0.64
6.91
0.00
1.10
3.38
1.53
0.00
-1.97
-1.83
0.00
0.00
0.00
-0.19
0.17
0.00
-1.06
0.00
0.00
0.00
1.79
-4.92
0.00
4.55
-2.16
0.00
0.00
0.00
0.00
0.00
0.00
0.00
0.00
0.00
0.00
0.00
0.00
0.00
0.00
0.00
0.00
0.00
0.00
0.00
0.00
-0.68
-0.54
0.12
1.00
0.00
0.00
0.19
0.00
0.00
6.91
0.00
0.00
-0.94
0.00
0.00
0.00
0.00
-2.09
0.00
-0.39
0.00
-1.27
0.00
0.26
0.00
-2.77
-0.64
0.00
-6.91
6.91
0.00
0.00
0.00
0.00
6.91
0.00
3.35
6.91
0.00
-0.41
0.01
0.00
0.00
-1.20
-6.91
0.83
0.00
0.10
0.00
0.00
6.91
0.00
1.83
0.33
0.83
1.24
-0.19
-2.56
-1.35
0.27
-0.22
-2.33
0.19
-1.48
-0.12
0.13
-6.13
6.91
-0.63
-5.34
0.47
0.00
0.00
0.00
0.00
0.00
0.00
0.00
0.00
0.00
0.00
0.00
0.00
0.00
0.00
0.00
0.00
0.00
0.00
0.52
0.44
1.21
1.16
-0.23
0.08
-0.64
-1.45
-0.70
0.09
0.81
-1.86
0.81
-0.52
1.23
0.43
-0.39
-2.37
0.90
0.50
0.25
-0.72
-2.50
6.91
-0.69
-0.89
-0.44
2.61
-0.41
-0.06
1.62
-1.26
1.82
0.17
1.05
-1.09
-1.33
-0.75
-6.91
-2.09
1.04
0.73
-0.20
-0.26
0.21
2.48
1.14
-0.48
-0.39
-0.85
-0.37
0.29
-2.40
-3.93
-1.76
-0.91
0.00
0.00
-1.48
-0.47
-0.58
0.00
0.00
-0.42
0.00
0.15
-1.51
-5.28
0.87
0.00
-0.20
0.91
0.00
0.00
0.00
0.00
0.00
0.00
0.00
0.00
0.00
0.00
0.00
0.00
0.00
0.00
0.00
0.00
0.00
0.00
0.00
-2.66
-2.25
0.00
0.00
0.00
0.00
-0.42
-0.55
0.00
-1.69
-6.91
-0.17
-1.38
-1.95
0.00
-1.22
0.24
1.21
-2.59
0.00
-0.54
0.00
-0.34
0.00
-1.51
0.00
-0.93
0.00
0.00
-1.42
0.00
0.40
-1.64
-1.31
-1.78
-0.64
0.27
0.24
1.74
-0.25
-6.91
0.00
1.81
-0.96
-1.37
0.00
0.00
0.00
-1.83
0.00
-0.47
-1.66
1.38
0.13
1.63
0.12
2.91
0.00
-0.01
-1.80
-0.36
-0.64
-0.68
-2.90
-0.24
-6.91
-0.39
-0.08
-6.91
0.00
-0.30
-0.64
2.20
0.00
0.00
0.00
0.00
0.00
0.00
0.00
0.00
0.00
0.00
0.00
0.00
0.00
0.00
0.00
0.00
0.00
0.00
0.22
0.03
0.74
6.91
-0.82
-0.43
-2.06
-0.53
0.08
-1.31
0.24
-2.59
-0.15
-0.30
6.91
-1.42
-2.09
-6.91
0.68
1.92
0.04
-0.46
-0.72
6.91
-2.15
0.05
-1.15
1.12
0.01
-1.04
2.27
-1.56
-0.10
0.51
0.14
-1.44
-0.75
-6.91
-1.78
-4.90
-0.55
2.62
-0.96
-1.21
-1.10
6.91
6.91
-0.73
-1.35
0.61
-1.26
-0.42
-2.09
-6.91
-2.17
0.84
1.17
1.37
-0.12
-0.21
-1.23
-0.12
-0.24
-0.98
0.13
-0.58
-0.66
0.04
-1.75
0.61
0.48
-6.91
0.91
0.00
0.00
0.00
0.00
0.00
0.00
0.00
0.00
0.00
0.00
0.00
0.00
0.00
0.00
0.00
0.00
0.00
0.00
0.37
-0.22
0.35
1.95
-0.92
-0.76
-2.17
0.14
0.28
-0.95
1.87
-2.19
1.26
-0.19
1.61
-0.64
0.20
-1.02
1.20
1.06
0.50
-1.16
-0.80
1.00
0.37
-1.56
-0.46
-0.01
0.47
-0.28
1.64
-0.69
3.33
1.02
2.96
0.38
-6.91
-1.59
-6.91
-4.88
1.26
1.11
-0.79
-0.84
-0.31
0.44
2.99
-0.29
0.34
-0.04
-0.70
-0.73
-1.73
-0.21
-2.12
-2.90
0.00
0.00
-1.35
-0.65
-0.78
1.39
3.49
-0.65
0.00
-0.11
-1.09
-0.68
0.52
0.00
-0.91
0.65
0.00
-6.91
-6.91
0.00
6.91
-1.02
0.00
2.38
-0.78
-0.41
0.27
0.00
-2.70
0.00
0.00
1.00
-6.91
-0.15
0.68
0.00
0.00
0.00
0.00
0.00
0.00
0.00
0.00
0.00
0.00
0.00
0.00
0.00
0.00
0.00
0.00
0.00
0.00
-4.82
0.00
-6.91
2.93
-1.81
0.00
-1.48
1.81
-1.34
0.00
0.00
-0.51
0.00
-0.44
-1.70
-6.91
-1.18
-0.91
-0.13
0.09
0.46
0.29
-2.29
0.00
3.60
-1.50
-1.90
0.00
0.00
2.06
-0.84
0.00
-0.45
-2.45
0.87
0.72
0.50
-6.91
0.00
0.00
-2.30
-0.45
-1.77
2.03
2.92
-0.13
1.56
-0.66
-2.58
-0.60
-0.54
0.00
-4.75
-0.71
0.00
-1.38
-1.69
0.00
6.91
-0.91
0.00
3.78
-0.66
-6.91
-0.72
6.91
-3.25
0.00
0.00
-0.29
-0.65
-0.42
-0.01
0.00
0.00
0.00
0.00
0.00
0.00
0.00
0.00
0.00
0.00
0.00
0.00
0.00
0.00
0.00
0.00
0.00
0.00
-1.01
0.00
-6.91
6.91
-1.79
0.00
-2.43
1.30
-0.70
0.00
1.62
-0.81
0.00
-0.66
-0.59
-0.81
-0.65
-4.27
-0.35
-0.03
0.20
-0.19
-1.50
0.00
3.45
-1.32
-6.91
0.00
0.00
6.91
-1.99
6.91
-0.76
-0.50
0.35
-0.15
0.46
0.00
-1.39
-0.91
0.00
6.06
0.00
-0.62
-0.66
6.91
-1.87
1.00
0.00
0.00
0.95
-2.08
0.00
0.20
-6.91
0.00
0.00
-1.66
-1.78
1.98
-1.31
-0.38
2.15
0.00
1.53
-0.42
0.00
-1.20
-1.57
0.75
0.00
2.30
1.56
0.00
0.00
0.00
0.00
0.00
0.00
0.00
0.00
0.00
0.00
0.00
0.00
0.00
0.00
0.00
0.00
0.00
0.00
0.00
-1.79
0.00
-0.14
0.00
-2.70
0.00
-0.26
2.10
-1.58
-1.15
0.00
-4.63
2.11
0.00
0.00
0.00
0.00
1.88
0.94
0.06
2.28
0.00
-4.72
-0.04
0.00
0.00
-2.71
-3.12
-1.64
0.00
-0.99
3.33
0.00
1.76
0.72
-0.02
0.00
-0.90
-6.91
0.00
0.00
0.00
-0.15
-0.23
0.00
-0.22
6.91
0.00
0.00
1.44
-0.95
0.00
2.19
-1.18
0.00
0.00
-1.08
-0.47
0.00
-1.31
-0.27
0.00
0.00
6.91
-0.89
0.00
-0.92
-2.05
6.91
0.00
4.94
1.68
0.00
0.00
0.00
0.00
0.00
0.00
0.00
0.00
0.00
0.00
0.00
0.00
0.00
0.00
0.00
0.00
0.00
0.00
0.00
-3.45
0.00
0.02
0.00
-6.91
0.00
-0.22
0.00
-1.42
-1.40
0.00
-1.74
1.34
0.00
0.00
0.00
0.00
1.39
0.00
2.02
6.91
0.00
-6.91
-0.16
0.00
0.00
-6.91
-0.80
-0.41
0.00
-0.63
0.00
0.00
3.95
2.78
0.89
1.23
0.40
0.73
1.30
0.55
0.31
-2.56
-1.81
-0.64
-0.60
-0.37
1.41
6.91
-1.31
0.92
1.10
-0.16
-0.69
1.50
2.20
-0.07
-0.87
0.46
1.01
-2.35
1.16
0.65
-0.28
-5.32
0.62
0.01
0.43
-1.59
0.00
0.39
-1.49
0.00
0.00
0.00
0.00
0.00
0.00
0.00
0.00
0.00
0.00
0.00
0.00
0.00
0.00
0.00
0.00
0.00
0.00
0.90
-0.11
1.78
-2.15
-0.10
-0.26
0.46
-1.55
0.17
0.59
-0.70
0.57
-0.27
-0.02
0.00
5.09
0.00
1.43
-0.64
0.13
-0.89
-0.88
1.33
-0.67
-6.91
0.45
1.49
0.44
0.13
-6.91
0.56
-2.39
0.91
1.27
-0.92
0.22
-1.62
1.25
-0.74
-0.29
1.87
1.10
0.21
-3.36
-2.30
0.52
-2.41
-0.03
0.96
1.67
-0.04
0.71
1.52
-0.60
-0.58
1.40
0.92
0.06
-6.91
1.24
0.31
-0.96
0.44
0.87
0.16
-6.91
0.55
-0.16
0.06
0.59
0.00
-0.27
-0.07
0.00
0.00
0.00
0.00
0.00
0.00
0.00
0.00
0.00
0.00
0.00
0.00
0.00
0.00
0.00
0.00
0.00
0.00
0.00
-0.87
2.16
-6.91
0.14
-0.43
0.36
-1.83
1.56
-1.16
-1.02
1.58
-0.30
-0.60
0.00
6.91
0.00
1.81
-0.16
-0.15
-0.11
0.21
0.00
-0.54
-3.78
1.00
1.81
0.42
-0.86
-1.40
3.06
-5.19
1.25
6.91
-0.21
-0.74
0.12
-1.72
6.91
0.00
-0.91
-2.36
-2.26
0.04
0.57
-3.01
0.63
-0.53
-2.12
-1.79
-1.68
0.00
-2.15
-0.50
2.38
-0.49
-1.35
6.91
0.36
-1.36
0.00
0.53
-6.91
-0.57
-1.63
0.60
-0.58
6.91
0.00
-0.69
0.15
-1.63
-0.41
0.00
0.00
0.00
0.00
0.00
0.00
0.00
0.00
0.00
0.00
0.00
0.00
0.00
0.00
0.00
0.00
0.00
0.00
-0.38
2.42
-0.38
0.96
-3.83
0.00
-2.35
-0.21
-6.91
6.91
1.31
-1.27
0.00
-0.69
0.46
-1.65
0.46
-3.61
-0.73
-1.97
-0.09
-0.82
-0.72
6.91
-0.42
-1.67
-1.13
0.00
0.00
0.50
-1.10
1.80
-6.91
-0.57
-0.30
-1.90
-0.99
-3.67
0.00
0.00
-6.91
-0.92
-6.91
0.79
0.50
-1.11
6.91
-1.46
-1.02
-1.70
-0.60
0.00
-6.91
-1.01
0.00
-3.87
-6.91
0.00
2.37
-1.14
0.00
0.80
-0.36
-3.16
-0.62
0.93
-6.91
0.00
0.00
-0.87
-1.61
-0.80
-1.00
0.00
0.00
0.00
0.00
0.00
0.00
0.00
0.00
0.00
0.00
0.00
0.00
0.00
0.00
0.00
0.00
0.00
0.00
-1.29
0.00
-0.89
0.44
-0.76
0.00
-6.91
1.36
-4.51
0.00
2.19
-1.32
0.00
-1.29
0.08
-1.97
-0.16
-0.78
-1.54
-2.02
-0.84
-0.80
-0.51
0.00
1.29
-6.91
-2.48
0.00
0.00
0.46
-7.40
0.49
-1.51
-2.81
-0.73
-1.32
-1.04
0.00
-0.61
0.00
6.91
1.30
1.92
-6.91
-1.39
0.07
-2.20
0.63
1.57
0.00
0.96
-0.49
4.68
-0.61
-1.27
0.00
1.17
-1.20
-1.78
1.00
-0.72
-1.46
0.66
0.58
-0.22
-1.74
1.63
-1.78
0.66
0.51
0.00
0.22
-0.28
0.00
0.00
0.00
0.00
0.00
0.00
0.00
0.00
0.00
0.00
0.00
0.00
0.00
0.00
0.00
0.00
0.00
0.00
0.00
-0.86
6.91
-3.10
0.88
-0.90
1.87
-6.91
0.28
-0.12
-1.93
3.12
-0.01
1.03
0.00
0.00
0.00
2.55
0.72
0.48
0.03
0.83
0.00
-0.60
-2.21
0.89
6.91
-0.94
-0.37
-2.02
1.38
-2.97
1.33
6.91
-0.15
0.67
-0.68
-1.59
0.00
0.00
-0.86
-1.66
-6.91
1.48
0.10
-0.65
1.50
-0.85
-1.24
-0.65
-0.79
0.00
-6.91
0.10
0.00
-1.05
-6.91
0.00
1.62
-2.51
0.00
1.05
-1.10
-6.91
-0.56
1.02
-6.91
0.00
0.00
-0.10
-1.83
-0.26
-0.30
0.00
0.00
0.00
0.00
0.00
0.00
0.00
0.00
0.00
0.00
0.00
0.00
0.00
0.00
0.00
0.00
0.00
0.00
-1.46
0.00
-2.95
1.44
-1.01
0.00
-6.91
0.85
-2.76
0.00
1.13
-6.91
0.00
-0.15
-1.33
-0.64
-1.49
-1.51
0.09
-1.40
-1.07
-0.30
-0.57
0.00
0.16
-6.91
-1.36
0.00
0.00
0.94
-3.19
1.12
-6.91
-1.65
-1.45
-0.68
-0.23
-0.68
0.00
0.00
-1.30
-0.39
-0.23
0.00
0.00
0.20
0.00
-0.05
0.09
-0.64
0.53
0.00
-1.01
0.36
0.00
-0.99
-0.22
0.00
0.00
0.59
0.00
0.00
0.55
-0.78
0.41
0.00
-0.28
0.00
0.00
0.58
-1.29
0.55
1.72
0.00
0.00
0.00
0.00
0.00
0.00
0.00
0.00
0.00
0.00
0.00
0.00
0.00
0.00
0.00
0.00
0.00
0.00
-6.91
0.00
-1.75
0.00
0.39
0.00
0.06
0.00
0.71
0.00
0.00
-1.20
0.00
0.84
-0.83
-0.70
-6.91
-1.19
0.21
0.07
0.68
1.24
-2.94
0.00
0.00
0.20
-0.50
0.00
0.00
0.00
0.12
0.00
-0.98
-0.38
0.24
0.73
2.50
0.12
2.03
3.48
-0.52
-0.89
-1.14
-0.02
0.23
-3.72
1.00
-1.56
0.07
-0.33
-6.91
2.26
-1.48
-2.04
0.97
-0.77
-0.29
0.41
-0.76
-0.89
3.27
0.08
-0.76
-0.57
-3.42
-0.41
-1.46
0.99
2.09
-6.91
0.28
-3.06
-0.81
0.00
0.00
0.00
0.00
0.00
0.00
0.00
0.00
0.00
0.00
0.00
0.00
0.00
0.00
0.00
0.00
0.00
0.00
0.86
1.12
-1.16
0.32
-0.70
1.47
-1.59
-0.29
-0.18
1.01
-0.51
-0.42
6.91
-2.94
1.39
0.48
0.99
0.43
-6.91
-4.16
-1.39
-1.71
0.85
3.30
-1.45
-0.93
-0.32
0.87
1.04
0.34
-0.62
0.72
-0.63
0.07
-1.45
-6.91
-2.63
-1.26
0.00
0.00
-1.52
-0.78
-1.17
0.00
1.90
0.22
0.00
0.13
-2.58
-6.91
0.17
0.00
-1.86
1.33
0.00
-0.89
-1.50
0.00
0.00
-0.45
0.00
1.05
-0.95
-1.16
0.33
0.00
-4.07
0.00
0.00
-0.06
-5.61
-0.58
0.25
0.00
0.00
0.00
0.00
0.00
0.00
0.00
0.00
0.00
0.00
0.00
0.00
0.00
0.00
0.00
0.00
0.00
0.00
-6.91
0.00
-1.92
1.79
-0.77
0.00
-1.55
6.91
-0.15
0.00
0.00
-1.98
0.00
-0.14
-0.50
-2.16
-6.91
-1.34
-0.17
-0.82
-0.19
0.95
-6.50
0.00
2.25
-0.96
-0.52
0.00
0.00
2.54
-0.41
0.00
-0.67
-6.91
0.86
0.07
0.89
-6.91
0.00
0.00
-1.25
-1.07
-4.96
1.28
0.32
-1.63
6.91
-1.26
-1.55
-2.85
-1.32
0.00
-1.87
0.38
0.00
-1.73
-1.58
0.00
0.82
-2.84
0.00
1.42
-0.25
-2.41
-0.40
1.35
-1.49
0.00
0.00
-0.55
-0.82
-0.56
0.37
0.00
0.00
0.00
0.00
0.00
0.00
0.00
0.00
0.00
0.00
0.00
0.00
0.00
0.00
0.00
0.00
0.00
0.00
-1.73
0.00
-6.91
1.31
-0.61
0.00
-1.13
2.38
-1.91
0.00
6.91
-6.91
0.00
-0.57
-1.42
-0.61
-0.32
-1.42
-1.09
-1.02
-0.31
-1.35
-1.49
0.00
1.50
-6.91
-2.50
0.00
0.00
4.17
-5.55
2.81
-1.70
-1.42
-0.27
-0.48
-0.07
0.00
-1.41
-4.64
0.00
0.00
0.00
0.15
0.93
0.00
-1.36
6.91
0.00
0.00
1.09
-6.91
0.00
1.10
-0.67
0.00
0.00
-2.70
-0.56
0.00
-1.06
1.02
0.00
0.00
3.45
-1.31
0.00
-2.00
-1.52
6.91
0.00
2.53
1.12
0.00
0.00
0.00
0.00
0.00
0.00
0.00
0.00
0.00
0.00
0.00
0.00
0.00
0.00
0.00
0.00
0.00
0.00
0.00
-3.51
0.00
0.18
0.00
-6.91
0.00
-0.07
0.00
-1.95
-0.91
0.00
-6.91
2.21
0.00
0.00
0.00
0.00
2.55
0.00
2.28
4.58
0.00
-1.56
0.57
0.00
0.00
-0.85
-6.91
0.03
0.00
-0.93
0.00
0.00
6.91
1.41
2.10
-0.83
0.00
0.00
-3.00
-1.92
-2.03
1.70
1.21
-0.54
1.46
-1.18
-2.27
-1.89
-0.13
0.00
-1.36
-0.77
0.00
-1.31
-0.62
0.00
4.07
-1.20
0.00
0.52
-0.76
-4.94
-0.92
6.91
-6.91
0.00
0.00
-1.23
-0.11
-1.35
-0.79
0.00
0.00
0.00
0.00
0.00
0.00
0.00
0.00
0.00
0.00
0.00
0.00
0.00
0.00
0.00
0.00
0.00
0.00
-1.57
0.00
-1.88
6.91
-2.34
0.00
-1.66
1.45
-2.78
0.00
1.14
-6.91
0.00
-0.32
-0.85
-6.03
-0.18
-1.73
-1.07
-0.13
0.24
-0.59
-2.78
0.00
0.58
-1.45
-1.76
0.00
0.00
1.53
-0.77
6.91
-3.86
-1.82
-0.61
-0.70
-0.40
-0.61
0.00
0.00
-0.82
-2.00
-2.84
0.33
1.48
-1.78
0.96
-0.74
-1.23
-1.63
-0.31
0.00
-0.84
-0.61
0.00
-0.74
-0.61
0.00
1.03
-3.67
0.00
0.82
-3.13
-2.34
-1.45
1.66
-6.91
0.00
0.00
-0.17
-0.83
-0.78
-0.44
0.00
0.00
0.00
0.00
0.00
0.00
0.00
0.00
0.00
0.00
0.00
0.00
0.00
0.00
0.00
0.00
0.00
0.00
-1.47
0.00
-0.76
0.13
-2.11
0.00
-2.20
1.21
-6.91
0.00
0.73
-0.78
0.00
-1.64
0.59
-2.17
-0.61
-0.78
-1.29
-1.73
-0.62
-0.73
-1.72
0.00
0.08
-2.78
-1.46
0.00
0.00
0.05
-2.77
0.76
-1.40
-3.25
-0.27
-0.91
0.26
-0.22
6.91
0.00
-1.58
-2.43
-1.87
0.11
-0.80
-1.01
-0.11
-2.35
-0.24
-0.41
-4.41
0.00
-1.65
-6.91
6.91
0.35
-0.08
1.74
-0.35
-3.88
0.00
-0.12
-2.21
-1.74
-1.63
0.26
-1.49
1.84
0.00
-4.53
0.07
-6.91
-1.26
0.00
0.00
0.00
0.00
0.00
0.00
0.00
0.00
0.00
0.00
0.00
0.00
0.00
0.00
0.00
0.00
0.00
0.00
-0.34
0.71
-0.61
0.16
-1.27
1.83
-2.23
-0.15
-0.94
6.91
0.24
-0.80
6.91
-6.91
0.30
-0.71
1.37
-0.84
-6.91
-1.59
-1.51
-3.04
-0.28
1.88
0.15
-0.55
-0.18
1.18
6.91
0.57
-0.19
0.24
-2.00
-0.13
-6.91
-1.77
-3.04
-2.81
0.00
0.00
-0.78
-0.91
-2.15
0.00
1.26
-1.18
0.00
-0.29
-2.06
-1.90
0.37
0.00
-2.04
0.47
0.00
-3.02
-0.74
0.00
0.00
-1.25
0.00
2.22
0.08
-2.28
0.89
0.00
-0.54
0.00
0.00
1.06
-6.91
-0.66
0.87
-2.85
-3.61
0.00
0.00
5.30
0.00
-0.33
-0.41
0.00
-0.78
-3.30
0.54
-1.37
-2.47
0.00
-2.09
-0.13
-0.64
0.00
0.00
0.00
0.00
0.00
0.00
0.00
0.00
0.00
0.00
0.00
0.00
0.00
0.00
0.00
0.00
0.00
0.00
0.00
0.00
0.00
0.00
-6.91
0.00
0.97
-1.01
-2.10
0.00
0.00
1.67
-2.40
0.00
-0.99
-2.16
0.38
-0.46
1.45
0.00
-6.91
-0.95
0.00
2.67
0.00
-1.13
-0.38
2.04
-1.27
3.69
0.00
0.00
1.98
-0.83
0.00
0.79
-6.91
0.00
0.00
-6.91
-1.80
6.91
-2.51
0.27
1.32
0.00
0.99
-0.84
0.00
-1.97
-1.16
1.92
0.00
0.84
0.78
0.00
0.00
-6.91
-0.87
-1.04
-1.48
6.91
0.00
-0.64
0.00
0.00
0.37
0.00
0.00
-2.53
0.00
0.00
2.09
0.00
0.00
0.00
0.00
0.00
0.00
0.00
0.00
0.00
0.00
0.00
0.00
0.00
0.00
0.00
0.00
0.00
0.00
0.00
0.00
0.00
0.00
0.00
-6.91
-0.71
0.00
0.00
-0.98
-4.21
-1.03
0.00
-0.66
1.41
0.00
0.72
1.95
1.51
-1.19
0.00
0.00
-6.91
-1.20
-1.37
6.91
1.13
-0.95
2.48
-0.83
-2.38
-1.17
0.37
0.00
-6.91
-0.89
0.00
-2.71
-2.08
0.00
1.43
-0.39
0.00
1.14
-0.76
-1.00
0.23
2.84
-6.91
0.00
0.00
0.11
-0.67
-1.58
-0.49
-1.60
-6.91
0.00
0.00
0.48
1.13
-1.84
-6.91
3.33
-1.05
-1.23
0.05
-1.40
-1.35
0.00
-1.38
-0.57
-0.68
0.00
0.00
0.00
0.00
0.00
0.00
0.00
0.00
0.00
0.00
0.00
0.00
0.00
0.00
0.00
0.00
0.00
0.00
0.00
0.00
0.00
0.00
-1.00
0.00
2.91
-1.20
-6.91
0.00
0.00
0.71
-0.94
2.23
-0.88
-0.60
-0.04
-0.23
0.25
6.91
-0.29
-0.46
2.20
0.63
0.97
-6.91
-6.91
0.88
-0.99
-0.15
3.49
6.91
-0.58
0.10
1.19
0.06
-0.60
1.66
0.77
-1.31
-6.91
0.34
0.13
-1.45
0.69
1.07
0.31
-2.09
0.49
-0.80
-0.19
-0.08
0.00
-0.26
-0.80
4.22
6.91
-0.78
-0.64
-2.25
-6.91
1.20
1.20
-1.48
1.64
0.00
0.42
1.94
6.91
-0.14
6.91
0.96
0.68
0.00
0.00
0.00
0.00
0.00
0.00
0.00
0.00
0.00
0.00
0.00
0.00
0.00
0.00
0.00
0.00
0.00
0.00
0.00
0.00
0.00
0.00
1.79
-0.19
-2.52
0.78
2.85
0.35
-0.03
-1.86
2.43
-2.24
0.15
1.21
-0.46
0.47
-0.70
-1.45
0.00
0.00
-1.07
-2.45
-6.91
0.61
1.51
-1.08
0.38
-0.85
-6.91
-1.77
-2.34
0.00
-3.12
-1.33
0.00
-0.71
-1.47
0.00
0.83
-6.91
0.00
0.89
-2.06
-0.97
-0.51
3.05
-2.26
0.00
0.00
-2.04
-0.55
-0.34
-0.37
-0.96
-1.76
0.00
0.00
0.79
0.98
-2.48
-1.99
0.69
-6.91
-0.12
-0.70
-1.34
-2.17
0.00
-1.23
-5.03
-1.93
0.00
0.00
0.00
0.00
0.00
0.00
0.00
0.00
0.00
0.00
0.00
0.00
0.00
0.00
0.00
0.00
0.00
0.00
0.00
0.00
0.00
0.00
-1.97
0.00
-0.42
-1.27
-1.20
0.00
0.00
0.99
-1.36
0.71
-5.25
-0.63
-0.99
-1.29
-0.47
0.00
-1.10
-3.39
0.00
0.00
0.00
-0.84
-0.07
0.00
0.17
1.48
0.00
0.00
1.28
-0.54
0.00
3.23
-0.99
0.00
0.00
-3.83
-0.30
0.00
-1.69
0.03
0.00
0.00
6.91
-1.50
0.00
-0.52
-1.50
0.77
0.00
3.50
0.96
0.00
0.00
-2.30
-3.60
0.03
-0.86
0.00
0.00
-1.04
0.00
0.00
1.33
0.00
0.00
-0.88
0.00
0.00
2.48
0.00
0.00
0.00
0.00
0.00
0.00
0.00
0.00
0.00
0.00
0.00
0.00
0.00
0.00
0.00
0.00
0.00
0.00
0.00
0.00
0.00
0.00
0.00
-1.77
0.45
0.00
0.00
-6.91
-1.52
-0.86
0.00
-0.55
0.00
0.00
1.29
2.20
1.81
-1.41
0.00
0.00
-2.68
-2.25
-2.79
3.10
1.65
-2.56
2.57
-0.29
-2.15
-0.41
-0.69
0.00
-6.91
-0.19
0.00
-1.91
-1.65
0.00
1.50
-2.54
0.00
0.81
-2.54
-3.27
-0.19
6.91
-2.54
0.00
0.00
-0.29
0.05
-0.96
-0.86
-2.93
-0.89
0.00
0.00
0.07
0.79
-0.81
-6.91
1.61
-1.39
-0.96
-0.14
-0.96
-1.36
0.00
-3.54
-1.02
-1.71
0.00
0.00
0.00
0.00
0.00
0.00
0.00
0.00
0.00
0.00
0.00
0.00
0.00
0.00
0.00
0.00
0.00
0.00
0.00
0.00
0.00
0.00
-2.63
0.00
0.88
-6.91
-2.81
0.00
0.00
2.58
-1.34
0.51
-2.21
-1.86
-0.56
-2.26
-0.75
6.91
-0.03
0.08
1.31
0.95
0.47
-2.40
-6.91
-0.40
-0.99
-0.36
0.19
3.22
-0.31
0.85
1.25
-1.29
0.28
1.37
0.30
-0.36
-0.97
-0.28
0.53
-1.54
0.51
-0.02
0.10
-1.17
1.50
-0.32
1.11
-0.70
0.00
-1.14
-0.44
6.91
3.64
0.03
0.03
-1.86
-1.81
-0.06
0.63
-2.85
0.96
0.00
-0.68
2.34
0.75
-0.41
0.33
0.58
-0.90
0.00
0.00
0.00
0.00
0.00
0.00
0.00
0.00
0.00
0.00
0.00
0.00
0.00
0.00
0.00
0.00
0.00
0.00
0.00
0.00
0.00
0.00
6.91
-0.47
-6.91
1.02
1.93
-0.01
0.54
-6.91
0.35
-1.34
0.50
0.78
-0.46
-0.23
-0.43
0.17
1.49
0.00
-0.48
-6.91
-2.08
1.11
-0.29
-1.87
1.72
-0.62
-1.07
-0.79
-1.31
0.00
-1.35
-0.40
1.75
-1.20
-1.47
6.91
1.46
-1.48
0.00
0.78
-1.77
-0.70
-0.22
0.18
-1.98
6.91
0.00
-1.90
-0.42
-2.14
-1.18
-0.10
-0.40
1.18
0.00
-0.17
1.50
-6.91
-5.38
1.85
-1.89
0.12
-0.89
-0.59
-1.05
0.00
-0.45
-1.25
-0.78
0.00
0.00
0.00
0.00
0.00
0.00
0.00
0.00
0.00
0.00
0.00
0.00
0.00
0.00
0.00
0.00
0.00
0.00
0.00
0.00
0.00
0.00
-0.36
6.91
0.21
-6.91
-0.33
0.00
0.00
-0.11
-2.74
1.80
-1.65
-0.91
-2.39
-0.39
-0.18
0.00
-3.04
-0.68
0.00
0.00
0.00
-0.41
-0.49
3.34
-1.12
6.91
0.00
0.00
2.05
-4.02
0.00
1.38
-6.91
0.00
0.00
-1.75
-0.53
0.00
-1.26
-1.02
6.91
0.00
1.03
-1.15
0.00
-1.91
-1.41
0.91
0.00
1.34
0.89
0.00
0.00
-2.52
-0.48
-0.38
-1.26
6.91
0.00
-0.91
0.00
0.00
0.59
0.00
0.00
-6.52
0.00
0.00
1.52
0.00
0.00
0.00
0.00
0.00
0.00
0.00
0.00
0.00
0.00
0.00
0.00
0.00
0.00
0.00
0.00
0.00
0.00
0.00
0.00
0.00
0.00
0.00
-6.91
0.05
0.00
0.00
-1.46
-2.47
-0.67
0.00
-0.61
6.91
0.00
2.98
1.92
0.16
0.00
-0.76
0.24
2.78
1.23
3.21
-4.84
-5.40
1.75
-6.91
-0.25
2.31
0.00
-0.36
-0.33
2.21
-0.83
-1.07
0.00
2.67
-1.49
-2.18
0.23
-0.14
-6.91
1.32
0.71
-0.03
-1.87
0.94
-1.79
-0.75
-0.15
0.00
0.39
-0.45
0.00
1.16
-0.15
-0.34
-6.91
-2.78
0.43
0.69
-2.16
1.47
0.00
0.64
0.00
6.91
-1.10
1.97
1.43
1.13
0.00
0.00
0.00
0.00
0.00
0.00
0.00
0.00
0.00
0.00
0.00
0.00
0.00
0.00
0.00
0.00
0.00
0.00
0.00
0.00
0.00
0.00
0.00
-0.63
-1.31
1.04
6.91
-0.99
-0.62
-0.91
1.06
-5.25
2.12
1.38
-0.64
1.06
-0.37
-2.22
0.00
0.00
-1.57
-1.73
-1.42
3.09
1.39
-1.73
1.02
-1.40
-6.91
-1.45
-0.60
0.00
-1.73
-0.41
0.00
-1.58
-2.13
0.00
2.05
-2.09
0.00
0.87
-1.60
-6.91
-1.46
2.44
-2.07
0.00
0.00
-1.37
-0.61
-0.29
-0.40
-0.52
-4.65
0.00
0.00
0.96
1.45
-3.36
-2.13
1.02
-6.91
-0.21
-0.63
-0.90
-1.17
0.00
-2.59
-0.75
-0.42
0.00
0.00
0.00
0.00
0.00
0.00
0.00
0.00
0.00
0.00
0.00
0.00
0.00
0.00
0.00
0.00
0.00
0.00
0.00
0.00
0.00
0.00
-2.70
0.00
0.77
-1.19
-1.63
0.00
0.00
0.71
-6.91
2.16
-2.07
-0.82
-1.29
-0.22
0.43
0.00
-1.19
-1.71
0.00
0.00
0.00
-0.16
0.27
0.00
-1.18
6.91
0.00
0.00
1.44
-6.91
0.00
2.21
-2.73
0.00
0.00
-6.14
-0.16
0.00
-6.91
0.37
0.00
0.00
1.09
-0.86
0.00
-1.22
-6.91
6.91
0.00
1.52
1.71
0.00
0.00
-0.94
-6.91
-0.46
0.36
0.00
0.00
-1.41
0.00
0.00
1.21
0.00
0.00
-6.91
0.00
0.00
4.90
0.00
0.00
0.00
0.00
0.00
0.00
0.00
0.00
0.00
0.00
0.00
0.00
0.00
0.00
0.00
0.00
0.00
0.00
0.00
0.00
0.00
0.00
0.00
-6.91
0.23
0.00
0.00
-0.93
-1.57
-0.47
0.00
-1.11
0.00
0.00
3.57
1.53
2.58
-0.35
2.30
3.69
0.05
-0.63
-0.14
0.48
-1.08
-1.29
-0.37
-1.55
-1.38
-0.52
-5.90
1.90
-1.44
-6.91
1.28
-0.00
0.37
1.29
-0.49
-0.27
6.91
-1.03
-0.42
-1.38
-6.91
0.51
-0.25
2.18
5.56
-6.91
0.12
-1.25
-1.26
-0.24
0.27
2.35
1.76
-0.33
-0.25
-2.43
-0.17
0.01
-1.45
0.89
-1.20
0.95
-1.47
1.55
-0.42
-1.17
-6.91
0.00
0.00
0.00
0.00
0.00
0.00
0.00
0.00
0.00
0.00
0.00
0.00
0.00
0.00
0.00
0.00
0.00
0.00
0.00
0.00
0.00
0.00
0.01
3.26
-1.42
-0.43
0.11
6.91
6.91
0.60
-1.01
0.09
-1.18
0.53
-1.05
-2.30
-0.71
-1.25
0.00
0.00
-1.36
0.13
-1.35
0.00
0.00
-0.41
0.00
0.95
-0.92
-1.65
1.45
0.00
-0.87
0.83
0.00
-0.49
-0.44
0.00
0.00
0.44
0.00
0.00
0.81
-0.27
1.69
0.00
-0.02
0.00
0.00
0.44
-2.22
-0.17
2.89
-6.04
-1.78
0.00
0.00
0.00
0.00
0.03
-1.08
0.00
-0.04
-6.91
0.69
-0.77
-0.32
0.00
-1.34
-0.33
0.26
0.00
0.00
0.00
0.00
0.00
0.00
0.00
0.00
0.00
0.00
0.00
0.00
0.00
0.00
0.00
0.00
0.00
0.00
0.00
0.00
0.00
0.00
-3.05
0.00
0.00
0.36
-1.00
0.00
0.00
0.00
-1.57
0.00
-0.42
0.03
1.07
1.12
0.67
-1.08
0.00
0.00
-0.63
-0.52
-0.31
0.00
1.11
-0.13
0.00
0.84
-1.17
-2.17
-0.01
0.00
-0.90
0.09
0.00
-6.91
-0.91
0.00
0.00
-0.78
0.00
1.10
-0.13
-1.03
0.72
0.00
-1.29
0.00
0.00
0.25
-1.14
-0.06
0.65
-1.83
-1.52
0.00
0.00
2.04
6.91
-0.85
-1.07
0.00
-1.54
-1.15
-0.56
-6.91
-0.47
0.00
-2.66
-1.64
0.76
0.00
0.00
0.00
0.00
0.00
0.00
0.00
0.00
0.00
0.00
0.00
0.00
0.00
0.00
0.00
0.00
0.00
0.00
0.00
0.00
0.00
0.00
-2.27
0.00
2.11
-0.84
-1.35
0.00
0.00
2.11
-1.02
0.00
-0.39
-6.91
-0.28
0.86
0.07
-0.57
0.00
0.00
-0.74
-0.11
0.10
0.00
0.00
0.76
0.00
0.06
-0.39
-1.66
1.45
0.00
-0.77
0.35
0.00
-0.97
-0.71
0.00
0.00
-0.35
0.00
0.00
0.64
-0.85
0.28
0.00
-0.85
0.00
0.00
0.85
-3.23
1.13
0.77
-4.71
-0.54
0.00
0.00
0.00
0.00
-0.53
0.20
0.00
-0.21
-6.91
1.55
-1.23
-0.09
0.00
-0.08
-0.17
0.26
0.00
0.00
0.00
0.00
0.00
0.00
0.00
0.00
0.00
0.00
0.00
0.00
0.00
0.00
0.00
0.00
0.00
0.00
0.00
0.00
0.00
0.00
-1.75
0.00
0.00
0.37
-1.87
0.00
0.00
0.00
0.09
0.00
0.47
-0.65
0.46
0.15
2.69
-1.67
0.00
0.00
-2.04
-6.91
-0.61
2.50
1.53
-0.75
6.91
0.18
-6.91
-0.77
-0.44
0.00
-6.91
0.03
0.00
-1.21
-6.91
0.00
6.91
-0.88
0.00
0.86
-3.47
-2.75
-1.11
2.00
-6.91
0.00
0.00
-1.07
-0.09
-0.46
0.61
-0.70
-0.57
0.00
0.00
1.59
1.22
-2.19
-3.43
1.54
-2.12
-0.01
-1.12
-6.91
-2.08
0.00
-6.91
-6.91
0.30
0.00
0.00
0.00
0.00
0.00
0.00
0.00
0.00
0.00
0.00
0.00
0.00
0.00
0.00
0.00
0.00
0.00
0.00
0.00
0.00
0.00
0.00
-1.88
0.00
0.54
-6.91
-1.17
0.00
0.00
1.23
-2.20
1.00
-1.31
-1.46
0.07
0.39
-0.05
0.15
2.40
1.14
-0.71
-0.39
-0.98
-0.26
-0.42
-3.39
0.59
-1.90
-1.06
-0.37
-2.90
2.41
0.34
-6.91
1.04
0.69
-0.10
0.70
-0.37
-0.72
1.08
-1.58
-0.22
0.13
-1.91
0.87
-0.85
1.96
1.72
-6.91
0.84
-6.91
-1.62
-0.59
0.26
1.22
1.96
-0.23
-0.18
-0.27
-0.85
-0.00
-0.88
1.48
-6.91
0.37
-0.09
3.54
-0.63
-1.85
-3.58
0.00
0.00
0.00
0.00
0.00
0.00
0.00
0.00
0.00
0.00
0.00
0.00
0.00
0.00
0.00
0.00
0.00
0.00
0.00
0.00
0.00
0.00
-0.07
1.12
-1.10
-2.11
0.01
3.78
1.61
-0.07
0.11
-0.94
-0.56
-0.77
-3.39
-3.30
-1.56
0.43
1.07
0.00
-1.26
-0.73
-1.39
-0.52
-0.78
-0.86
0.87
-3.34
-0.38
-0.59
-3.37
0.00
-1.49
-1.46
1.85
0.16
-1.19
0.96
0.50
-2.74
0.00
-0.33
-0.70
-0.99
-2.53
1.08
0.05
6.91
0.00
-1.03
0.09
-6.91
-2.51
0.27
-0.26
0.79
0.00
-0.74
-0.21
-3.08
-1.33
-0.02
-1.07
-0.40
-1.94
-0.34
-0.94
0.00
-0.64
-0.02
-6.91
0.00
0.00
0.00
0.00
0.00
0.00
0.00
0.00
0.00
0.00
0.00
0.00
0.00
0.00
0.00
0.00
0.00
0.00
0.00
0.00
0.00
0.00
-0.71
2.95
-0.86
-3.17
0.16
5.63
0.00
-0.10
-2.25
-0.24
-0.22
0.25
-0.88
-6.91
-0.55
1.01
1.43
2.04
-0.38
-0.83
-0.11
-0.66
-0.82
-0.30
-0.44
-2.11
-0.51
0.43
-2.34
1.03
-0.44
-6.91
1.50
0.32
0.68
0.01
0.27
-1.23
1.49
-0.06
-1.72
-0.41
-1.13
-0.55
0.13
0.92
6.14
-6.91
1.33
-1.05
-5.07
0.35
0.58
0.53
2.24
-0.30
-1.12
-1.43
0.12
0.51
-0.43
1.24
-1.17
1.54
0.11
1.08
0.62
0.17
-0.79
0.00
0.00
0.00
0.00
0.00
0.00
0.00
0.00
0.00
0.00
0.00
0.00
0.00
0.00
0.00
0.00
0.00
0.00
0.00
0.00
0.00
0.00
0.08
1.17
-1.90
-0.94
1.10
0.46
1.54
-0.85
0.50
-0.88
-0.73
0.29
-4.20
-0.27
-1.06
-0.66
0.72
3.28
-0.28
-1.21
-1.52
-0.58
0.12
-1.80
-0.28
-2.05
-0.13
-0.16
-2.79
6.91
-0.32
-6.91
1.78
0.56
0.00
0.54
-0.29
-0.66
6.91
-0.10
-0.54
-0.76
-6.91
-0.29
-0.30
1.68
6.91
-6.91
0.28
-2.22
-1.57
0.67
-1.33
2.80
6.91
0.07
-0.42
-0.69
-1.29
0.66
-0.39
1.37
-2.18
-0.20
-0.12
6.91
-0.57
-1.50
-1.48
0.00
0.00
0.00
0.00
0.00
0.00
0.00
0.00
0.00
0.00
0.00
0.00
0.00
0.00
0.00
0.00
0.00
0.00
0.00
0.00
0.00
0.00
-0.00
1.34
0.05
-2.45
-0.32
1.55
1.22
-0.01
-0.35
-0.13
-1.63
-0.41
-1.18
-4.30
-1.37
0.00
0.00
0.00
0.00
0.00
0.00
0.00
0.00
0.00
0.00
0.00
0.00
0.00
0.00
0.00
0.00
0.00
0.00
-1.70
-1.47
0.00
0.00
-1.23
0.00
1.62
0.14
-0.68
-0.19
0.00
-0.96
0.00
0.00
0.64
-1.91
0.56
0.35
-1.90
-1.56
0.00
0.00
6.91
0.00
-0.15
-0.24
0.00
-0.63
-6.91
0.44
-0.99
-1.31
0.00
-1.58
-0.46
-0.32
-2.57
0.00
-2.22
6.91
-1.81
0.00
-1.00
2.26
0.09
0.00
0.00
-0.50
0.00
0.24
-0.66
-1.45
-1.28
-1.41
-0.28
0.30
1.27
0.80
0.00
0.00
0.00
0.00
0.00
0.00
0.00
0.00
0.00
0.00
0.00
0.00
0.00
0.00
0.00
0.00
0.00
0.00
0.00
0.00
0.00
0.00
0.00
0.00
0.00
0.00
0.00
0.00
0.00
0.00
0.00
0.00
0.00
0.00
0.00
-2.39
-0.36
4.46
-2.09
0.04
6.91
0.00
2.37
-0.90
0.00
-1.90
-1.12
0.47
0.00
4.72
1.46
0.00
0.00
-6.91
-1.77
0.10
-0.29
1.88
0.00
-0.59
0.00
0.00
2.21
0.00
0.00
-2.06
0.00
0.00
0.97
0.00
-2.02
0.00
-0.66
0.00
-1.55
0.00
-0.52
1.83
-1.11
-1.34
0.00
-1.44
0.43
0.00
0.00
0.00
0.00
0.92
3.60
0.24
0.59
0.00
0.00
0.00
0.00
0.00
0.00
0.00
0.00
0.00
0.00
0.00
0.00
0.00
0.00
0.00
0.00
0.00
0.00
0.00
0.00
0.00
0.00
0.00
0.00
0.00
0.00
0.00
0.00
0.00
0.00
0.00
0.00
0.00
1.05
1.26
0.41
-4.05
-0.46
-0.13
-6.91
0.50
0.39
-0.46
-3.29
1.29
0.79
0.14
-0.08
2.63
-0.35
-0.28
1.29
1.05
0.26
-0.32
-6.91
-6.91
0.22
0.31
-3.49
0.52
0.00
-0.96
1.32
2.56
1.03
0.28
0.71
0.48
2.11
0.53
0.92
-3.03
0.54
0.09
-0.10
-6.44
-0.41
0.16
-0.70
-0.01
0.73
-0.72
0.00
1.41
0.00
1.44
-0.04
-0.28
-0.28
-0.03
0.00
0.00
0.00
0.00
0.00
0.00
0.00
0.00
0.00
0.00
0.00
0.00
0.00
0.00
0.00
0.00
0.00
0.00
0.00
0.00
0.00
0.00
0.00
0.00
0.00
0.00
0.00
0.00
0.00
0.00
0.00
0.00
0.00
-0.94
-1.78
0.00
2.11
-6.91
0.00
0.55
-1.41
-1.04
-1.27
2.28
-1.15
0.00
0.00
-1.18
0.11
-0.63
-0.88
-0.55
-6.91
0.00
0.00
0.77
1.18
-6.91
-1.68
0.85
-4.80
0.42
-2.42
-1.44
-1.23
0.00
-1.01
-0.92
-1.46
-0.41
0.00
-1.31
0.48
-6.91
0.00
-1.42
1.44
-0.84
0.00
1.50
-1.08
0.00
-0.19
-0.49
-0.39
-0.24
-1.56
-0.09
-0.62
-0.65
-0.63
0.00
0.00
0.00
0.00
0.00
0.00
0.00
0.00
0.00
0.00
0.00
0.00
0.00
0.00
0.00
0.00
0.00
0.00
0.00
0.00
0.00
0.00
0.00
0.00
0.00
0.00
0.00
0.00
0.00
0.00
0.00
0.00
0.00
-1.88
-6.91
0.00
1.81
-1.35
0.00
1.53
-0.99
-1.39
-0.44
6.91
-2.50
0.00
0.00
-0.78
-0.79
-1.01
0.64
-6.91
-6.91
0.00
0.00
0.49
2.42
-0.83
-3.51
1.94
-1.34
-0.30
-0.72
-1.84
-1.20
0.00
-2.09
-1.57
-0.14
-6.91
0.00
-1.58
1.17
-2.69
0.00
-6.91
0.71
-0.62
0.00
2.19
-1.34
0.00
-0.93
-0.56
-2.30
-1.19
-1.16
0.10
-1.48
0.40
-0.98
0.00
0.00
0.00
0.00
0.00
0.00
0.00
0.00
0.00
0.00
0.00
0.00
0.00
0.00
0.00
0.00
0.00
0.00
0.00
0.00
0.00
0.00
0.00
0.00
0.00
0.00
0.00
0.00
0.00
0.00
0.00
0.00
0.00
0.00
0.00
-6.91
0.07
0.00
-1.50
0.82
0.00
0.00
1.22
-1.20
0.00
-1.13
-0.63
6.91
0.00
6.91
0.43
0.00
0.00
-0.73
-1.12
-0.44
0.48
0.00
0.00
-0.49
0.00
0.00
2.13
0.00
0.00
-1.61
0.00
0.00
6.91
0.00
-2.23
0.00
-1.11
0.00
-1.36
0.00
0.20
0.00
-0.50
-0.34
0.00
-1.15
1.33
0.00
0.00
0.00
0.00
1.99
6.91
0.44
6.91
0.00
0.00
0.00
0.00
0.00
0.00
0.00
0.00
0.00
0.00
0.00
0.00
0.00
0.00
0.00
0.00
0.00
0.00
0.00
0.00
0.00
0.00
0.00
0.00
0.00
0.00
0.00
0.00
0.00
0.00
0.00
0.00
0.00
0.00
0.00
-2.67
-0.13
0.00
-2.50
-0.36
0.00
0.00
1.54
0.31
0.00
-6.91
-1.70
6.91
0.00
2.15
2.42
0.00
0.00
-0.77
-6.91
0.45
0.10
0.00
0.00
-0.20
0.00
0.00
1.95
0.00
0.00
-2.13
0.00
0.00
6.91
0.00
-0.83
0.00
-0.70
0.00
-1.49
0.00
-0.33
0.00
-1.26
-0.49
0.00
-6.91
6.91
0.00
0.00
0.00
0.00
0.78
0.00
1.22
2.04
0.00
0.00
0.00
0.00
0.00
0.00
0.00
0.00
0.00
0.00
0.00
0.00
0.00
0.00
0.00
0.00
0.00
0.00
0.00
0.00
0.00
0.00
0.00
0.00
0.00
0.00
0.00
0.00
0.00
0.00
0.00
0.00
0.00
6.91
3.59
-0.13
-4.04
0.44
0.35
-2.09
1.65
0.77
-0.93
-3.02
1.30
-0.65
0.28
-0.52
0.00
-0.76
-1.43
6.91
1.36
-0.35
0.22
-3.92
-6.91
1.43
0.44
-2.31
0.95
0.00
-0.27
6.91
2.09
-0.80
2.40
1.67
0.20
2.87
-0.23
4.48
-6.91
0.57
-0.16
0.31
-6.91
1.35
-1.33
-2.03
0.76
-0.09
-1.00
0.00
6.91
0.00
1.54
-0.73
0.17
-0.30
-0.39
0.00
0.00
0.00
0.00
0.00
0.00
0.00
0.00
0.00
0.00
0.00
0.00
0.00
0.00
0.00
0.00
0.00
0.00
0.00
0.00
0.00
0.00
0.00
0.00
0.00
0.00
0.00
0.00
0.00
0.00
0.00
0.00
0.00
-1.55
-6.91
0.00
0.49
-0.84
0.00
0.43
-3.90
-2.75
-1.73
1.85
-1.89
0.00
0.00
-1.13
-1.46
-1.10
0.02
-1.48
-1.04
0.00
0.00
1.84
2.40
-1.00
-1.58
1.27
-1.69
-0.14
-0.87
-1.86
-1.51
0.00
-1.48
-0.95
-2.41
-1.47
0.00
-2.70
3.14
-6.91
0.00
-2.87
0.72
-3.38
0.00
2.66
-1.43
0.00
-0.11
-0.07
-0.76
-1.68
-2.11
-1.14
-1.62
-0.42
-0.15
0.00
0.00
0.00
0.00
0.00
0.00
0.00
0.00
0.00
0.00
0.00
0.00
0.00
0.00
0.00
0.00
0.00
0.00
0.00
0.00
0.00
0.00
0.00
0.00
0.00
0.00
0.00
0.00
0.00
0.00
0.00
0.00
0.00
0.00
1.26
-1.19
-1.28
0.28
0.24
-3.38
1.37
1.12
0.65
-1.73
4.51
-1.46
-0.20
-0.03
0.00
-0.24
-0.00
0.00
2.12
-0.06
0.27
-1.78
-6.91
0.13
2.13
-3.59
3.30
0.00
0.06
0.00
3.28
-0.41
6.91
1.88
0.34
0.00
-0.51
6.91
-6.91
2.04
-1.07
2.69
-2.92
0.24
0.04
-6.91
2.88
-1.01
0.49
0.00
0.00
0.00
6.91
0.15
0.63
-0.51
-0.15
0.00
0.00
0.00
0.00
0.00
0.00
0.00
0.00
0.00
0.00
0.00
0.00
0.00
0.00
0.00
0.00
0.00
0.00
0.00
0.00
0.00
0.00
0.00
0.00
0.00
0.00
0.00
0.00
0.00
0.00
0.00
0.00
0.00
-1.90
-2.72
1.98
1.76
-6.91
0.00
0.89
-1.96
-1.57
-0.06
0.45
-2.16
6.91
0.00
-0.46
0.46
-1.12
-0.27
-1.18
-2.34
6.91
0.00
0.37
1.84
-2.51
-0.71
2.75
-6.91
0.46
-1.62
-1.80
-3.93
0.00
-1.13
-4.22
-1.33
-0.16
1.70
-2.01
0.22
-6.91
0.00
-1.07
0.29
-6.91
2.78
0.65
-2.28
0.00
-0.88
-0.26
-0.28
0.55
-1.40
-0.77
-0.94
-1.13
-2.60
0.00
0.00
0.00
0.00
0.00
0.00
0.00
0.00
0.00
0.00
0.00
0.00
0.00
0.00
0.00
0.00
0.00
0.00
0.00
0.00
0.00
0.00
0.00
0.00
0.00
0.00
0.00
0.00
0.00
0.00
0.00
0.00
0.00
-2.06
-1.04
0.00
1.21
-0.55
0.00
2.43
-2.69
-2.43
0.34
1.39
-0.97
0.00
0.00
-0.25
-1.31
-0.35
-0.63
-1.97
-0.97
0.00
0.00
0.44
1.21
-2.22
-2.52
6.91
-3.75
-0.07
0.08
-1.19
-3.33
0.00
-2.92
-1.13
-0.24
-0.87
0.00
-0.65
2.33
-0.93
0.00
-1.53
1.13
-0.35
0.00
6.91
-6.91
0.00
-0.54
-1.38
-1.62
-1.32
-2.02
-0.56
-0.68
-0.66
-1.05
0.00
0.00
0.00
0.00
0.00
0.00
0.00
0.00
0.00
0.00
0.00
0.00
0.00
0.00
0.00
0.00
0.00
0.00
0.00
0.00
0.00
0.00
0.00
0.00
0.00
0.00
0.00
0.00
0.00
0.00
0.00
0.00
0.00
-0.48
-0.82
2.84
-0.21
-2.56
1.96
0.16
-2.75
-0.29
-2.03
0.94
-1.09
2.71
6.91
-6.91
0.95
-1.08
-1.93
-0.36
-0.02
2.13
1.13
-0.71
-0.90
-0.30
-1.54
-0.10
-0.29
0.28
-1.72
0.11
-0.05
6.91
-1.13
-0.45
-1.95
0.17
0.75
0.21
-0.83
-0.95
1.02
-0.30
-1.49
-1.24
2.59
-0.30
-0.51
1.83
-2.43
0.39
-0.46
0.09
-1.19
-6.91
-1.07
-6.91
-1.03
0.00
0.00
0.00
0.00
0.00
0.00
0.00
0.00
0.00
0.00
0.00
0.00
0.00
0.00
0.00
0.00
0.00
0.00
0.00
0.00
0.00
0.00
0.00
0.00
0.00
0.00
0.00
0.00
0.00
0.00
0.00
0.00
0.00
-0.61
-1.32
3.22
-0.43
-2.99
6.91
-1.13
-1.23
-1.90
-1.75
0.91
-0.94
2.71
0.00
-2.51
1.41
-6.77
-1.85
-0.03
0.18
1.45
1.65
0.17
-0.56
-0.31
-1.45
0.22
-0.77
1.10
-1.33
0.19
-1.67
6.91
-1.04
-1.59
-1.98
0.29
0.60
-0.27
-0.28
-0.30
6.91
-1.49
-0.86
-2.16
1.55
-0.44
-1.98
6.91
-2.23
0.79
0.28
1.66
-0.71
-5.10
-1.38
-0.38
-6.91
0.00
0.00
0.00
0.00
0.00
0.00
0.00
0.00
0.00
0.00
0.00
0.00
0.00
0.00
0.00
0.00
0.00
0.00
0.00
0.00
0.00
0.00
0.00
0.00
0.00
0.00
0.00
0.00
0.00
0.00
0.00
0.00
0.00
0.02
0.52
-0.17
-0.74
-1.04
1.13
-1.96
-0.40
-0.40
-1.35
0.02
0.14
1.45
2.12
-0.95
1.98
-1.73
-1.30
0.63
0.96
0.97
0.49
-0.30
-1.01
0.01
0.41
-1.17
-0.35
0.88
-1.41
0.14
-0.31
1.95
-0.68
-0.83
-1.88
0.71
0.02
0.16
-0.28
-0.82
0.97
-0.32
-1.08
-1.42
0.20
-0.55
-0.07
1.09
-1.13
1.07
0.35
0.65
0.95
-2.05
-1.12
-2.11
-2.51
0.00
0.00
0.00
0.00
0.00
0.00
0.00
0.00
0.00
0.00
0.00
0.00
0.00
0.00
0.00
