0.00
0.00
0.00
0.00
0.00
0.00
0.00
0.00
0.00
0.00
0.00
0.00
0.00
0.00
0.00
0.00
0.00
0.00
-6.91
-1.36
0.00
1.73
-2.16
0.00
0.81
-0.52
-1.66
-0.40
0.00
-2.14
0.00
0.00
-0.25
-0.70
0.11
1.38
-6.91
-1.87
0.00
0.00
1.39
6.91
-0.39
-0.44
0.00
-1.14
-6.91
0.50
-1.42
-6.91
0.00
-0.49
-0.03
-0.45
0.00
0.00
0.00
0.00
0.00
0.00
0.00
0.00
0.00
0.00
0.00
0.00
0.00
0.00
0.00
0.00
0.00
0.00
0.00
0.00
0.00
0.00
0.00
0.00
0.00
0.00
0.00
0.00
0.00
0.00
0.00
0.00
0.00
0.00
0.00
0.00
0.00
0.00
0.00
0.00
0.00
0.00
0.00
0.00
0.00
0.00
0.00
0.00
0.00
0.00
0.00
0.00
0.00
0.00
0.00
0.00
0.00
-6.91
0.08
2.16
-3.18
0.36
2.19
0.00
1.31
-1.05
0.00
-6.91
-0.31
1.80
0.00
1.20
1.04
0.00
0.00
-1.99
-2.53
-1.05
-0.27
3.79
0.00
-0.58
0.00
0.00
1.62
0.00
0.00
-2.19
0.00
0.00
1.11
0.00
0.00
0.00
0.00
0.00
0.00
0.00
0.00
0.00
0.00
0.00
0.00
0.00
0.00
0.00
0.00
0.00
0.00
0.00
0.00
0.00
0.00
0.00
0.00
0.00
0.00
0.00
0.00
0.00
0.00
0.00
0.00
0.00
0.00
0.00
0.00
0.00
0.00
0.00
0.00
0.00
0.00
0.00
0.00
0.00
0.00
0.00
0.00
0.00
0.00
0.00
0.00
0.00
0.00
0.00
0.00
0.00
-0.65
-0.42
0.00
-6.91
0.91
0.00
0.00
6.91
0.00
0.00
-0.67
-3.12
1.71
0.00
0.00
2.73
0.00
0.00
-1.71
-6.91
1.09
-0.64
0.00
0.00
-0.21
0.00
0.00
6.91
0.00
0.00
-1.38
0.00
0.00
0.00
0.00
0.00
0.00
0.00
0.00
0.00
0.00
0.00
0.00
0.00
0.00
0.00
0.00
0.00
0.00
0.00
0.00
0.00
0.00
0.00
0.00
0.00
0.00
0.00
0.00
0.00
0.00
0.00
0.00
0.00
0.00
0.00
0.00
0.00
0.00
0.00
0.00
0.00
0.00
0.00
0.00
0.00
0.00
0.00
0.00
0.00
0.00
0.00
0.00
0.00
0.00
0.00
0.00
0.00
0.00
-1.91
-6.91
0.00
0.76
-2.84
0.00
1.25
-0.21
-6.91
-0.17
6.91
-6.91
0.00
0.00
0.30
-0.56
-0.85
0.02
-6.91
-2.87
0.00
0.00
2.39
1.15
-0.43
-1.26
3.12
-1.52
-2.30
0.18
-2.61
-6.91
0.00
-0.63
-0.25
-1.77
0.00
0.00
0.00
0.00
0.00
0.00
0.00
0.00
0.00
0.00
0.00
0.00
0.00
0.00
0.00
0.00
0.00
0.00
0.00
0.00
0.00
0.00
0.00
0.00
0.00
0.00
0.00
0.00
0.00
0.00
0.00
0.00
0.00
0.00
0.00
0.00
0.00
0.00
0.00
0.00
0.00
0.00
0.00
0.00
0.00
0.00
0.00
0.00
0.00
0.00
0.00
0.00
0.00
0.00
0.00
-0.35
-0.55
6.91
0.57
-6.91
0.00
0.09
-6.91
-1.45
-0.56
0.51
-1.09
0.00
0.00
-1.63
0.27
-0.76
0.02
-1.34
-0.65
6.91
0.00
0.86
1.23
-1.00
-1.26
0.78
-7.14
0.23
-1.38
-1.73
-1.70
0.00
-1.17
-0.74
-2.71
0.00
0.00
0.00
0.00
0.00
0.00
0.00
0.00
0.00
0.00
0.00
0.00
0.00
0.00
0.00
0.00
0.00
0.00
0.00
0.00
0.00
0.00
0.00
0.00
0.00
0.00
0.00
0.00
0.00
0.00
0.00
0.00
0.00
0.00
0.00
0.00
0.00
0.00
0.00
0.00
0.00
0.00
0.00
0.00
0.00
0.00
0.00
0.00
0.00
0.00
0.00
0.00
0.00
0.00
0.00
-2.24
-0.91
0.00
2.12
-6.91
0.00
0.57
-1.11
-1.69
-0.16
1.42
-3.87
0.00
0.00
-1.89
-1.03
-0.92
-0.80
-0.38
-2.35
0.00
0.00
0.27
2.64
-1.33
-1.60
2.29
-1.59
-0.16
-0.25
-1.43
-0.97
0.00
-1.76
-0.76
-1.24
0.00
0.00
0.00
0.00
0.00
0.00
0.00
0.00
0.00
0.00
0.00
0.00
0.00
0.00
0.00
0.00
0.00
0.00
0.00
0.00
0.00
0.00
0.00
0.00
0.00
0.00
0.00
0.00
0.00
0.00
0.00
0.00
0.00
0.00
0.00
0.00
0.00
0.00
0.00
0.00
0.00
0.00
0.00
0.00
0.00
0.00
0.00
0.00
0.00
0.00
0.00
0.00
0.00
0.00
0.00
6.91
2.63
-0.78
-1.54
1.68
-0.74
-1.77
1.44
0.64
-0.79
-6.91
1.10
0.08
-0.60
-0.30
0.00
-0.48
-0.58
6.91
0.84
-0.11
-0.52
-1.53
-1.78
1.49
0.93
-1.85
1.12
0.00
-0.85
0.00
3.71
0.45
2.33
0.67
-0.53
0.00
0.00
0.00
0.00
0.00
0.00
0.00
0.00
0.00
0.00
0.00
0.00
0.00
0.00
0.00
0.00
0.00
0.00
0.00
0.00
0.00
0.00
0.00
0.00
0.00
0.00
0.00
0.00
0.00
0.00
0.00
0.00
0.00
0.00
0.00
0.00
0.00
0.00
0.00
0.00
0.00
0.00
0.00
0.00
0.00
0.00
0.00
0.00
0.00
0.00
0.00
0.00
0.00
0.00
0.00
6.91
1.46
-0.00
-1.35
0.81
-0.26
-1.50
-0.17
0.23
-0.78
-1.14
2.08
-0.90
1.31
-0.46
0.00
0.03
-0.16
0.96
2.49
-0.67
-0.45
-6.91
-1.24
-0.07
1.46
-6.91
2.03
0.00
-0.71
2.04
1.27
0.79
2.11
0.31
-0.97
0.00
0.00
0.00
0.00
0.00
0.00
0.00
0.00
0.00
0.00
0.00
0.00
0.00
0.00
0.00
0.00
0.00
0.00
0.00
0.00
0.00
0.00
0.00
0.00
0.00
0.00
0.00
0.00
0.00
0.00
0.00
0.00
0.00
0.00
0.00
0.00
0.00
0.00
0.00
0.00
0.00
0.00
0.00
0.00
0.00
0.00
0.00
0.00
0.00
0.00
0.00
0.00
0.00
0.00
0.00
-1.50
-1.60
6.91
0.15
-1.78
0.00
0.55
-6.91
-2.33
-0.79
1.67
-0.58
3.07
0.00
-2.94
0.24
-1.85
-0.41
-0.24
-1.39
2.67
0.00
-0.45
-0.01
-1.82
-0.53
0.57
-3.95
-0.54
-0.41
0.04
-0.57
0.00
-0.75
-1.35
-0.67
0.00
0.00
0.00
0.00
0.00
0.00
0.00
0.00
0.00
0.00
0.00
0.00
0.00
0.00
0.00
0.00
0.00
0.00
0.00
0.00
0.00
0.00
0.00
0.00
0.00
0.00
0.00
0.00
0.00
0.00
0.00
0.00
0.00
0.00
0.00
0.00
0.00
0.00
0.00
0.00
0.00
0.00
0.00
0.00
0.00
0.00
0.00
0.00
0.00
0.00
0.00
0.00
0.00
0.00
0.00
0.00
6.91
-2.47
-1.18
0.67
0.24
-0.59
1.28
0.70
0.71
-6.91
6.91
-1.84
-0.30
-0.38
0.00
0.53
0.24
0.00
1.65
-0.77
-0.96
-4.87
-6.91
1.08
3.43
-6.91
6.91
0.00
-0.43
0.00
2.33
0.30
2.73
1.51
1.06
0.00
0.00
0.00
0.00
0.00
0.00
0.00
0.00
0.00
0.00
0.00
0.00
0.00
0.00
0.00
0.00
0.00
0.00
0.00
0.00
0.00
0.00
0.00
0.00
0.00
0.00
0.00
0.00
0.00
0.00
0.00
0.00
0.00
0.00
0.00
0.00
0.00
0.00
0.00
0.00
0.00
0.00
0.00
0.00
0.00
0.00
0.00
0.00
0.00
0.00
0.00
0.00
0.00
0.00
0.00
-0.33
0.23
2.87
0.06
-0.74
6.91
-0.19
-0.29
-0.52
-1.23
-0.09
-0.69
3.31
0.00
-5.24
1.05
-6.91
-1.09
-0.20
-0.20
2.91
6.91
-0.10
-0.05
-0.33
-0.81
0.61
-1.15
-0.09
-6.91
-0.78
-0.52
6.91
-1.26
-1.51
-6.91
0.00
0.00
0.00
0.00
0.00
0.00
0.00
0.00
0.00
0.00
0.00
0.00
0.00
0.00
0.00
0.00
0.00
0.00
0.00
0.00
0.00
0.00
0.00
0.00
0.00
0.00
0.00
0.00
0.00
0.00
0.00
0.00
0.00
0.00
0.00
0.00
0.00
0.00
0.00
0.00
0.00
0.00
0.00
0.00
0.00
0.00
0.00
0.00
0.00
0.00
0.00
0.00
0.00
0.00
0.00
-0.88
-1.97
0.00
2.09
-1.81
0.00
0.54
-2.39
-3.46
-0.26
5.31
-3.38
0.00
0.00
-1.04
-0.25
0.00
0.43
-0.64
-1.86
0.00
0.00
1.21
0.57
-0.94
-1.72
6.91
-1.34
-1.42
-0.94
-0.59
-6.91
0.00
-1.91
-0.91
-2.09
0.00
0.00
0.00
0.00
0.00
0.00
0.00
0.00
0.00
0.00
0.00
0.00
0.00
0.00
0.00
0.00
0.00
0.00
0.00
0.00
0.00
0.00
0.00
0.00
0.00
0.00
0.00
0.00
0.00
0.00
0.00
0.00
0.00
0.00
0.00
0.00
0.00
0.00
0.00
0.00
0.00
0.00
0.00
0.00
0.00
0.00
0.00
0.00
0.00
0.00
0.00
0.00
0.00
0.00
0.00
-0.96
-0.70
0.00
1.74
-1.34
0.00
6.91
-1.00
-0.95
-0.42
0.00
-2.04
0.00
0.00
-0.12
-1.44
0.79
0.65
-1.22
-1.66
0.00
0.00
2.15
1.54
-0.16
-0.27
0.00
-1.29
-0.64
-0.18
-1.75
-0.90
0.00
-2.48
-1.75
-0.36
0.00
0.00
0.00
0.00
0.00
0.00
0.00
0.00
0.00
0.00
0.00
0.00
0.00
0.00
0.00
0.00
0.00
0.00
0.00
0.00
0.00
0.00
0.00
0.00
0.00
0.00
0.00
0.00
0.00
0.00
0.00
0.00
0.00
0.00
0.00
0.00
0.00
0.00
0.00
0.00
0.00
0.00
0.00
0.00
0.00
0.00
0.00
0.00
0.00
0.00
0.00
0.00
0.00
0.00
0.00
-0.03
-0.29
0.37
-0.29
-2.80
6.91
-1.03
-1.75
-0.26
-6.91
-0.62
-0.09
2.65
6.91
-2.73
0.10
-3.84
-0.78
-0.66
-0.07
1.38
3.67
-0.55
-0.28
-1.52
-1.64
-0.60
-1.38
0.06
-2.16
0.45
-1.23
1.14
-0.17
-0.37
-1.47
0.00
0.00
0.00
0.00
0.00
0.00
0.00
0.00
0.00
0.00
0.00
0.00
0.00
0.00
0.00
0.00
0.00
0.00
0.00
0.00
0.00
0.00
0.00
0.00
0.00
0.00
0.00
0.00
0.00
0.00
0.00
0.00
0.00
0.00
0.00
0.00
0.00
0.00
0.00
0.00
0.00
0.00
0.00
0.00
0.00
0.00
0.00
0.00
0.00
0.00
0.00
0.00
0.00
0.00
0.00
0.00
0.00
-2.01
-0.25
0.00
-2.80
0.46
0.00
0.00
2.17
-0.88
0.00
-1.01
-1.13
1.30
0.00
0.00
2.34
0.00
0.00
-6.91
-2.82
0.54
0.84
0.00
0.00
-0.69
0.00
0.00
6.91
0.00
0.00
-2.78
0.00
0.00
0.00
0.00
0.00
0.00
0.00
0.00
0.00
0.00
0.00
0.00
0.00
0.00
0.00
0.00
0.00
0.00
0.00
0.00
0.00
0.00
0.00
0.00
0.00
0.00
0.00
0.00
0.00
0.00
0.00
0.00
0.00
0.00
0.00
0.00
0.00
0.00
0.00
0.00
0.00
0.00
0.00
0.00
0.00
0.00
0.00
0.00
0.00
0.00
0.00
0.00
0.00
0.00
0.00
0.00
0.00
0.00
-6.91
-6.05
0.00
1.68
-1.19
0.00
0.88
-3.15
-2.90
-1.13
1.23
-6.91
0.00
0.00
-0.07
-0.42
-0.41
0.78
-1.06
-3.98
0.00
0.00
0.71
1.28
-2.40
-6.91
1.25
-1.06
-0.22
0.04
-3.37
-2.28
0.00
-1.10
-0.49
-0.73
0.00
0.00
0.00
0.00
0.00
0.00
0.00
0.00
0.00
0.00
0.00
0.00
0.00
0.00
0.00
0.00
0.00
0.00
0.00
0.00
0.00
0.00
0.00
0.00
0.00
0.00
0.00
0.00
0.00
0.00
0.00
0.00
0.00
0.00
0.00
0.00
0.00
0.00
0.00
0.00
0.00
0.00
0.00
0.00
0.00
0.00
0.00
0.00
0.00
0.00
0.00
0.00
0.00
0.00
0.00
0.91
-0.38
1.48
-0.54
-1.71
1.69
0.08
-0.42
-0.25
-6.91
0.42
-1.24
1.06
1.21
-2.61
0.05
-1.99
-1.42
-0.26
-0.41
0.58
3.41
-0.30
-0.12
-1.17
0.07
-0.52
-0.37
0.50
-4.11
-0.43
-0.04
6.91
-0.81
-0.05
-1.55
0.00
0.00
0.00
0.00
0.00
0.00
0.00
0.00
0.00
0.00
0.00
0.00
0.00
0.00
0.00
0.00
0.00
0.00
0.00
0.00
0.00
0.00
0.00
0.00
0.00
0.00
0.00
0.00
0.00
0.00
0.00
0.00
0.00
0.00
0.00
0.00
0.00
0.00
0.00
0.00
0.00
0.00
0.00
0.00
0.00
0.00
0.00
0.00
0.00
0.00
0.00
0.00
0.00
0.00
0.00
0.00
0.00
-2.20
-0.10
0.00
-6.91
-0.87
2.29
0.00
1.15
-0.92
0.00
-2.22
-0.98
0.83
0.00
6.91
0.74
0.00
0.00
-6.91
-2.64
0.67
-0.04
6.91
0.00
-0.02
0.00
0.00
1.31
0.00
0.00
-0.77
0.00
0.00
6.91
0.00
0.00
0.00
0.00
0.00
0.00
0.00
0.00
0.00
0.00
0.00
0.00
0.00
0.00
0.00
0.00
0.00
0.00
0.00
0.00
0.00
0.00
0.00
0.00
0.00
0.00
0.00
0.00
0.00
0.00
0.00
0.00
0.00
0.00
0.00
0.00
0.00
-1.39
0.00
0.00
-1.96
-0.82
-0.84
2.47
6.91
0.02
0.00
-0.88
-1.19
-1.19
0.48
0.00
-6.91
0.33
0.00
0.00
0.00
0.00
0.00
0.00
0.00
0.00
0.00
0.00
0.00
0.00
0.00
0.00
0.00
0.00
0.00
0.00
0.00
-5.30
-1.30
0.00
0.00
4.25
2.59
-1.25
-1.43
0.00
-0.47
-1.62
0.23
-6.91
-6.72
0.00
-1.42
-0.64
-0.45
-6.91
0.00
-1.64
2.42
-1.65
0.00
-2.46
3.48
-0.68
0.00
0.00
-1.13
0.00
-0.39
-1.91
-6.91
-4.17
-0.90
0.03
0.41
-0.08
0.25
0.00
0.00
0.00
0.00
0.00
0.00
0.00
0.00
0.00
0.00
0.00
0.00
0.00
0.00
0.00
-6.91
0.00
0.00
-6.91
-1.10
-2.85
0.76
1.26
-0.96
1.87
-1.03
-6.91
-1.24
-0.68
0.00
-6.91
-0.27
0.00
0.00
0.00
0.00
0.00
0.00
0.00
0.00
0.00
0.00
0.00
0.00
0.00
0.00
0.00
0.00
0.00
0.00
0.00
-1.27
-1.30
0.00
0.00
0.80
0.93
-1.25
-6.91
1.27
-1.55
-0.17
0.10
-1.60
-3.34
0.00
-1.10
-2.60
-1.65
-0.89
0.00
-1.82
1.19
-0.70
0.00
-6.91
0.30
-0.77
0.00
6.91
-2.19
0.00
-1.23
-1.41
-0.80
-2.25
-0.86
0.35
-0.86
-0.14
0.22
0.00
0.00
0.00
0.00
0.00
0.00
0.00
0.00
0.00
0.00
0.00
0.00
0.00
0.00
0.00
0.00
-1.69
-0.92
0.00
6.91
0.00
-0.75
-0.79
1.27
-0.72
1.71
0.00
0.00
1.38
-0.49
0.00
1.46
-1.04
0.00
0.00
0.00
0.00
0.00
0.00
0.00
0.00
0.00
0.00
0.00
0.00
0.00
0.00
0.00
0.00
0.00
0.00
0.00
0.00
-4.03
-1.37
-0.85
-1.27
2.79
0.00
-1.91
0.00
0.00
1.73
0.00
0.00
-0.67
0.00
0.00
2.46
0.00
-6.91
0.00
-0.36
0.00
-6.91
0.00
-0.10
1.75
-1.32
-0.55
0.00
-0.95
1.00
0.00
0.00
0.00
0.00
0.61
1.13
-0.09
1.46
0.00
0.00
0.00
0.00
0.00
0.00
0.00
0.00
0.00
0.00
0.00
0.00
0.00
0.00
0.00
2.28
-0.61
0.30
1.45
1.31
0.79
-6.91
-4.07
1.32
-1.56
-0.56
0.99
1.45
-0.38
0.08
3.40
-0.33
0.09
0.00
0.00
0.00
0.00
0.00
0.00
0.00
0.00
0.00
0.00
0.00
0.00
0.00
0.00
0.00
0.00
0.00
0.00
1.55
6.91
-0.37
0.18
-1.57
-1.81
1.26
2.76
-6.91
2.77
0.00
0.42
0.00
1.44
0.02
1.19
0.99
0.86
0.00
-0.22
6.91
-1.79
0.91
0.05
1.06
-4.13
1.24
-0.63
-6.91
3.71
0.60
0.08
0.00
0.00
0.00
3.24
0.19
0.64
-0.66
0.72
0.00
0.00
0.00
0.00
0.00
0.00
0.00
0.00
0.00
0.00
0.00
0.00
0.00
0.00
0.00
-0.94
1.49
0.00
-1.22
-1.74
-6.91
0.76
0.91
-1.51
1.89
-1.03
-0.90
-1.09
-2.00
0.00
-2.98
-1.48
0.00
0.00
0.00
0.00
0.00
0.00
0.00
0.00
0.00
0.00
0.00
0.00
0.00
0.00
0.00
0.00
0.00
0.00
0.00
-0.07
-1.41
6.91
0.00
-0.25
0.81
-6.91
-1.38
0.74
-6.91
0.05
-0.75
-0.96
-0.54
0.00
-1.85
-1.59
-6.91
0.03
6.91
-1.72
1.48
-6.91
0.00
-1.93
0.64
-2.29
0.00
2.49
-1.34
0.00
-1.14
-0.50
-0.34
-0.17
-2.69
-2.62
-1.82
-0.92
-1.30
0.00
0.00
0.00
0.00
0.00
0.00
0.00
0.00
0.00
0.00
0.00
0.00
0.00
0.00
0.00
0.00
-1.41
-6.91
0.00
0.00
0.00
0.40
-0.43
0.00
-1.12
6.91
0.00
0.00
1.39
-0.71
0.00
1.12
-1.97
0.00
0.00
0.00
0.00
0.00
0.00
0.00
0.00
0.00
0.00
0.00
0.00
0.00
0.00
0.00
0.00
0.00
0.00
0.00
0.00
-0.89
-6.91
0.55
0.11
0.00
0.00
0.19
0.00
0.00
1.34
0.00
0.00
-6.91
0.00
0.00
0.00
0.00
-0.82
0.00
-0.32
0.00
-2.91
0.00
0.37
0.00
-0.83
-0.61
0.00
-3.40
2.20
0.00
0.00
0.00
0.00
6.91
0.00
2.20
2.68
0.00
0.00
0.00
0.00
0.00
0.00
0.00
0.00
0.00
0.00
0.00
0.00
0.00
0.00
0.00
1.68
-1.08
-0.29
1.60
1.23
0.58
-1.73
-6.91
0.30
-1.62
-0.10
0.29
1.33
-1.28
0.75
0.63
-0.03
0.22
0.00
0.00
0.00
0.00
0.00
0.00
0.00
0.00
0.00
0.00
0.00
0.00
0.00
0.00
0.00
0.00
0.00
0.00
2.11
0.45
-0.95
-0.26
-6.91
-1.02
0.39
1.30
-6.91
0.44
0.00
-0.56
2.01
1.35
-0.23
0.91
0.50
0.38
6.91
-0.12
1.81
-1.17
-0.27
0.27
0.58
-6.91
0.38
0.14
-6.91
0.19
-0.24
-1.16
0.00
2.44
0.00
0.53
-1.49
-0.06
-0.30
-0.06
0.00
0.00
0.00
0.00
0.00
0.00
0.00
0.00
0.00
0.00
0.00
0.00
0.00
0.00
0.00
-0.60
1.26
0.00
-0.33
-6.91
-0.58
-0.01
1.00
-2.00
2.55
-0.91
-2.45
-0.50
-1.86
0.00
-1.05
-1.48
3.06
0.00
0.00
0.00
0.00
0.00
0.00
0.00
0.00
0.00
0.00
0.00
0.00
0.00
0.00
0.00
0.00
0.00
0.00
-0.56
-1.97
6.91
0.00
0.03
0.48
-1.32
-0.48
0.67
-0.86
0.12
-2.11
-0.47
-2.93
0.00
-0.68
-3.75
-0.52
-0.28
2.41
-0.49
0.38
-1.09
0.00
-1.48
0.13
-2.32
6.91
0.98
-0.59
0.00
-0.36
1.04
-0.80
-0.17
-0.81
-0.86
-2.75
-1.62
-0.91
0.00
0.00
0.00
0.00
0.00
0.00
0.00
0.00
0.00
0.00
0.00
0.00
0.00
0.00
0.00
-1.48
0.00
0.00
-1.70
-2.33
-6.91
0.44
1.53
-1.31
1.07
-1.98
-3.27
-1.11
-0.14
0.00
-1.71
-0.62
0.00
0.00
0.00
0.00
0.00
0.00
0.00
0.00
0.00
0.00
0.00
0.00
0.00
0.00
0.00
0.00
0.00
0.00
0.00
-1.29
-1.60
0.00
0.00
1.69
0.63
-0.73
-2.00
0.93
-1.33
-0.39
-1.48
-2.58
-6.46
0.00
-0.54
-0.70
-2.16
-0.75
0.00
-6.91
0.34
-6.91
0.00
-1.96
0.65
-6.91
0.00
2.33
-6.91
0.00
-0.04
-0.08
-0.38
0.07
-1.79
-1.36
-0.84
0.21
-1.51
0.00
0.00
0.00
0.00
0.00
0.00
0.00
0.00
0.00
0.00
0.00
0.00
0.00
0.00
0.00
0.88
1.36
6.91
0.27
-0.40
-1.59
-0.76
-1.37
-0.59
1.09
-6.91
0.05
0.12
-1.24
2.52
-0.07
-0.99
2.91
0.00
0.00
0.00
0.00
0.00
0.00
0.00
0.00
0.00
0.00
0.00
0.00
0.00
0.00
0.00
0.00
0.00
0.00
-0.23
-0.69
1.44
6.91
-0.74
-0.81
-1.46
-1.78
-0.67
-0.03
0.87
-6.91
0.18
-0.02
2.40
-0.43
-1.27
-6.91
-0.06
1.21
0.17
0.15
-1.93
6.91
-0.92
-0.79
-1.62
1.53
0.92
0.05
1.36
-6.91
1.67
0.34
1.66
-0.12
-2.02
-1.81
-1.28
-6.91
0.00
0.00
0.00
0.00
0.00
0.00
0.00
0.00
0.00
0.00
0.00
0.00
0.00
0.00
0.00
0.00
-0.23
-1.04
2.53
2.06
1.59
-3.73
-1.71
0.71
-6.91
0.69
1.91
0.00
-0.02
-0.49
6.91
0.45
-0.12
0.00
0.00
0.00
0.00
0.00
0.00
0.00
0.00
0.00
0.00
0.00
0.00
0.00
0.00
0.00
0.00
0.00
0.00
0.00
6.91
-1.30
-1.30
-2.32
-2.05
0.43
6.91
-6.91
1.17
0.00
0.63
0.00
2.28
-1.37
6.91
4.31
0.14
0.00
-2.71
1.53
-1.73
0.99
-0.54
1.01
-1.35
0.78
-1.51
-6.91
1.93
0.19
0.07
0.00
0.00
0.00
1.16
-0.21
1.49
-0.58
-0.36
0.00
0.00
0.00
0.00
0.00
0.00
0.00
0.00
0.00
0.00
0.00
0.00
0.00
0.00
0.00
-0.91
0.00
0.00
-2.45
-1.40
-6.91
6.91
1.06
-0.93
0.92
0.12
-2.00
-1.63
0.06
0.00
-2.30
0.26
0.00
0.00
0.00
0.00
0.00
0.00
0.00
0.00
0.00
0.00
0.00
0.00
0.00
0.00
0.00
0.00
0.00
0.00
0.00
-2.43
-6.91
0.00
0.00
2.16
0.70
-2.47
-1.50
1.36
-6.91
-1.72
-0.38
-1.70
-1.93
0.00
-1.33
-1.44
-0.61
-0.94
0.00
-2.29
0.91
-1.21
0.00
-1.71
0.41
-2.58
0.00
1.33
-1.88
0.00
-1.26
-0.27
-1.22
-1.92
-6.91
-0.59
-1.32
0.53
-1.66
0.00
0.00
0.00
0.00
0.00
0.00
0.00
0.00
0.00
0.00
0.00
0.00
0.00
0.00
0.00
0.00
-1.48
-0.53
0.00
0.00
0.00
-1.09
-0.55
6.91
-0.83
2.94
0.00
0.00
0.70
-2.24
0.00
1.39
-6.91
0.00
0.00
0.00
0.00
0.00
0.00
0.00
0.00
0.00
0.00
0.00
0.00
0.00
0.00
0.00
0.00
0.00
0.00
0.00
0.00
-6.91
-0.47
-0.78
-1.31
1.35
0.00
-0.02
0.00
0.00
2.11
0.00
0.00
-0.84
0.00
0.00
1.21
0.00
-1.20
0.00
-0.02
0.00
-6.91
0.00
-0.35
6.91
-6.91
-0.37
0.00
-1.14
2.10
0.00
0.00
0.00
0.00
2.83
0.91
0.69
1.23
0.00
0.00
0.00
0.00
0.00
0.00
0.00
0.00
0.00
0.00
0.00
0.00
0.00
0.00
0.00
0.00
-0.64
-0.37
0.00
0.00
0.00
0.60
0.84
0.00
0.13
0.00
0.00
0.00
6.91
-3.31
0.00
6.91
-2.87
0.00
0.00
0.00
0.00
0.00
0.00
0.00
0.00
0.00
0.00
0.00
0.00
0.00
0.00
0.00
0.00
0.00
0.00
0.00
0.00
-0.99
-1.27
0.03
0.64
0.00
0.00
0.30
0.00
0.00
2.25
0.00
0.00
-1.35
0.00
0.00
0.00
0.00
-0.35
0.00
-0.09
0.00
-0.92
0.00
1.32
0.00
-0.83
-0.61
0.00
-1.93
2.97
0.00
0.00
0.00
0.00
3.52
0.00
0.62
1.48
0.00
0.00
0.00
0.00
0.00
0.00
0.00
0.00
0.00
0.00
0.00
0.00
0.00
0.00
0.00
-0.56
2.01
6.91
-0.42
-1.98
-0.81
0.28
-0.73
-1.81
0.39
-0.97
-0.32
0.68
-1.74
2.77
0.03
-1.71
1.16
0.00
0.00
0.00
0.00
0.00
0.00
0.00
0.00
0.00
0.00
0.00
0.00
0.00
0.00
0.00
0.00
0.00
0.00
0.52
-0.62
0.40
1.74
-1.01
-0.42
-1.12
-0.58
0.19
-0.29
1.47
-2.82
0.46
0.09
1.67
-0.27
-1.17
-1.51
-0.48
0.34
0.45
0.29
-1.05
1.55
-0.17
0.04
-0.71
2.12
-0.05
-0.16
6.91
-6.91
1.43
-0.17
1.28
-0.92
-3.82
-0.71
-6.96
-2.04
0.00
0.00
0.00
0.00
0.00
0.00
0.00
0.00
0.00
0.00
0.00
0.00
0.00
0.00
0.00
-0.84
0.00
0.00
-2.43
-0.54
-0.84
0.00
0.00
0.33
0.00
0.20
0.04
-1.68
0.80
0.00
-0.22
1.04
0.00
0.00
0.00
0.00
0.00
0.00
0.00
0.00
0.00
0.00
0.00
0.00
0.00
0.00
0.00
0.00
0.00
0.00
0.00
-2.77
-0.98
0.00
0.00
0.00
0.00
-0.22
-0.18
0.00
-0.14
-6.91
0.27
-0.82
-0.37
0.00
-2.15
-0.47
1.11
-0.99
0.00
-0.98
0.00
-0.21
0.00
-0.74
0.00
-0.15
0.00
0.00
-0.49
0.00
0.06
-1.35
-1.94
-1.44
-0.45
0.16
-0.47
0.95
0.03
0.00
0.00
0.00
0.00
0.00
0.00
0.00
0.00
0.00
0.00
0.00
0.00
0.00
0.00
0.00
0.10
1.36
0.00
-0.01
-1.10
-1.51
-0.46
-0.83
-3.94
0.81
-4.59
-0.73
-0.39
-6.91
0.00
-0.28
-2.10
2.03
0.00
0.00
0.00
0.00
0.00
0.00
0.00
0.00
0.00
0.00
0.00
0.00
0.00
0.00
0.00
0.00
0.00
0.00
-0.57
0.22
1.70
2.03
0.13
-0.11
-1.92
-0.60
0.76
-0.21
0.65
-1.64
0.43
-0.17
6.91
-0.87
-0.13
-6.91
-0.68
1.68
0.12
-0.76
-2.78
6.91
-1.02
0.04
-0.56
1.31
0.86
-1.87
1.92
-6.91
1.10
0.12
0.42
0.16
-1.21
-3.72
-2.61
-6.91
0.00
0.00
0.00
0.00
0.00
0.00
0.00
0.00
0.00
0.00
0.00
0.00
0.00
0.00
0.00
0.16
0.41
0.57
0.13
-0.08
-0.55
-1.44
-0.65
-0.42
-0.09
-0.95
0.16
-0.20
-6.91
2.63
0.39
-1.98
1.03
0.00
0.00
0.00
0.00
0.00
0.00
0.00
0.00
0.00
0.00
0.00
0.00
0.00
0.00
0.00
0.00
0.00
0.00
1.61
-0.15
1.00
4.03
-1.02
-0.05
-1.69
-0.88
-1.00
-0.18
0.79
-0.77
1.48
-0.38
3.92
-0.31
0.06
-1.10
-0.11
0.30
0.62
0.14
-1.13
0.45
-0.76
-0.17
-0.37
0.51
-1.15
-0.86
1.75
-1.25
1.18
0.67
0.38
-0.87
-1.70
-2.27
-3.45
-1.58
0.00
0.00
0.00
0.00
0.00
0.00
0.00
0.00
0.00
0.00
0.00
0.00
0.00
0.00
0.00
-1.35
0.00
0.00
-2.94
-0.25
-1.01
6.91
1.79
-0.44
0.00
0.02
-2.09
-0.95
-0.58
0.00
-2.61
1.13
0.00
-1.97
-0.94
0.00
2.93
-0.66
0.00
1.53
0.15
-0.70
0.60
0.00
-0.59
0.00
0.00
0.84
-2.68
0.28
1.28
0.00
0.00
0.00
0.00
0.00
0.00
0.00
0.00
0.00
0.00
0.00
0.00
0.00
0.00
0.00
0.00
0.00
0.00
-6.91
0.00
-1.35
1.57
-2.12
0.00
-0.51
1.14
-1.40
0.00
0.00
-1.19
0.00
-0.15
-2.73
-6.91
-6.91
-3.90
0.91
0.59
-0.25
-0.78
-6.91
0.00
1.40
-0.28
-2.13
0.00
0.00
6.91
-0.99
0.00
-0.81
-3.20
-0.02
0.64
1.49
-1.18
0.00
0.00
-2.87
-1.70
-2.08
6.91
3.83
-0.70
2.66
-0.37
-3.14
-1.47
-0.84
0.00
-6.91
-0.25
0.00
-4.08
-2.48
0.00
0.93
-1.26
0.00
3.40
-0.07
-0.87
0.08
4.56
-1.25
0.00
0.00
0.20
-1.79
-0.78
-0.24
0.00
0.00
0.00
0.00
0.00
0.00
0.00
0.00
0.00
0.00
0.00
0.00
0.00
0.00
0.00
0.00
0.00
0.00
-1.96
0.00
-2.05
0.74
-0.70
0.00
-1.39
0.48
-1.90
0.00
2.20
-6.91
0.00
0.20
-0.37
-1.35
-0.43
-2.68
-0.86
-0.34
0.08
-0.16
-2.38
0.00
0.33
-6.91
-1.59
0.00
0.00
1.26
-6.91
6.91
-1.18
-1.82
0.49
-0.64
1.11
0.00
-1.27
-3.81
0.00
2.54
0.00
-0.56
-1.13
2.73
-0.67
0.92
0.00
0.00
2.32
-1.18
0.00
0.43
-4.00
0.00
0.00
-1.91
-0.89
2.36
-2.19
0.10
2.85
0.00
1.52
-0.73
0.00
-1.42
-0.62
1.04
0.00
3.26
0.43
0.00
0.00
0.00
0.00
0.00
0.00
0.00
0.00
0.00
0.00
0.00
0.00
0.00
0.00
0.00
0.00
0.00
0.00
0.00
-6.91
0.00
-1.05
0.00
-2.48
0.00
-0.32
1.48
-6.91
-0.84
0.00
-1.04
5.06
0.00
0.00
0.00
0.00
1.21
1.81
0.60
0.80
0.00
-6.91
-0.04
0.00
0.00
-1.51
-0.90
-1.18
0.00
-0.88
2.19
0.00
2.51
0.93
1.24
0.00
-2.12
-6.91
0.00
0.00
0.00
-0.81
-0.39
0.00
-0.80
6.91
0.00
0.00
1.55
-1.85
0.00
0.78
-6.91
0.00
0.00
-2.79
-0.88
0.00
-1.86
0.17
0.00
0.00
1.67
-0.88
0.00
-2.96
-0.79
6.91
0.00
1.95
2.53
0.00
0.00
0.00
0.00
0.00
0.00
0.00
0.00
0.00
0.00
0.00
0.00
0.00
0.00
0.00
0.00
0.00
0.00
0.00
-1.32
0.00
-0.49
0.00
-2.30
0.00
0.11
0.00
-3.29
-0.58
0.00
-6.91
6.91
0.00
0.00
0.00
0.00
6.91
0.00
0.67
6.91
0.00
-0.69
0.70
0.00
0.00
-1.62
-2.90
0.60
0.00
0.46
0.00
0.00
1.85
1.90
0.60
2.86
0.01
0.56
0.40
0.74
-0.02
-6.91
-1.72
0.41
-1.53
-0.57
1.08
6.91
-0.57
-0.17
0.94
-0.73
0.02
1.58
2.33
0.34
-3.91
-0.03
-0.43
-1.39
0.48
1.69
-1.18
-0.93
0.94
-0.43
0.14
-0.56
0.00
0.43
-1.03
0.00
0.00
0.00
0.00
0.00
0.00
0.00
0.00
0.00
0.00
0.00
0.00
0.00
0.00
0.00
0.00
0.00
0.00
6.91
0.34
0.80
-4.42
0.16
-0.15
-0.07
-6.91
0.12
0.23
-2.08
1.59
0.93
-0.92
0.00
6.91
0.00
1.71
-0.14
0.37
-1.48
-1.11
2.17
-0.63
-6.91
-0.03
0.46
0.50
1.10
-1.37
1.82
-0.80
-0.20
1.31
-1.11
0.21
-0.97
6.91
-0.52
0.14
1.41
0.17
1.23
-6.91
-6.91
1.04
-1.65
-0.32
1.51
6.91
0.31
0.05
1.30
0.08
-0.74
2.62
0.88
-0.35
-1.53
0.83
-0.69
-1.54
1.06
2.05
-0.77
-6.91
6.91
-0.49
0.30
0.34
0.00
-0.01
-1.08
0.00
0.00
0.00
0.00
0.00
0.00
0.00
0.00
0.00
0.00
0.00
0.00
0.00
0.00
0.00
0.00
0.00
0.00
0.00
0.08
5.16
-6.91
1.73
-0.82
2.09
-6.91
-0.06
0.05
-2.65
0.96
0.54
0.54
0.00
2.05
0.00
9.14
-0.52
0.58
0.14
-0.10
0.00
-0.51
-6.91
2.12
6.91
-0.86
-0.07
-1.42
0.94
-1.69
1.74
3.20
0.03
-0.45
-0.88
-0.43
1.20
0.00
-0.25
-1.31
-1.21
0.19
0.54
-1.38
0.75
-1.46
-1.64
-1.22
-1.64
0.00
-2.24
-2.31
6.91
0.09
-0.98
2.16
0.17
-4.99
0.00
0.43
-6.91
-7.04
-2.43
1.34
-3.14
2.33
0.00
-0.61
0.64
-1.45
-0.28
0.00
0.00
0.00
0.00
0.00
0.00
0.00
0.00
0.00
0.00
0.00
0.00
0.00
0.00
0.00
0.00
0.00
0.00
-0.51
1.39
-2.32
0.10
-3.45
0.00
-1.21
0.58
-2.01
6.91
0.47
-1.80
0.00
-0.50
-0.64
-1.43
-0.63
-2.52
-1.19
-2.78
-1.25
-2.13
0.05
1.91
0.48
-1.37
-0.38
0.00
0.00
1.39
-1.96
2.05
-6.91
-2.16
-2.11
-2.43
-1.73
-0.89
0.00
0.00
-2.42
-6.91
-1.88
4.07
0.92
-0.98
6.91
-2.46
-1.25
-1.86
-1.57
0.00
-6.91
-0.04
0.00
-1.93
-3.62
0.00
0.99
-1.95
0.00
0.60
-0.77
-2.45
-1.94
0.65
-2.76
0.00
0.00
0.08
-0.57
-0.42
-0.79
0.00
0.00
0.00
0.00
0.00
0.00
0.00
0.00
0.00
0.00
0.00
0.00
0.00
0.00
0.00
0.00
0.00
0.00
-0.66
0.00
-1.00
0.47
-1.35
0.00
-4.49
0.18
-2.17
0.00
1.52
-6.91
0.00
-0.31
-1.19
-0.47
-0.92
-6.91
0.15
-2.32
-0.67
-1.13
-2.04
0.00
1.07
-6.91
-1.68
0.00
0.00
0.48
-1.13
3.12
-5.60
-1.76
-0.39
-1.09
-0.28
0.00
-1.10
-0.97
1.43
1.57
2.37
-3.83
-2.32
1.46
-6.91
0.71
4.58
0.00
0.15
0.07
6.91
-0.54
-1.33
0.00
2.42
-2.38
-1.48
0.39
-0.25
-2.08
0.54
1.11
0.38
-6.91
1.61
-1.99
0.26
0.59
0.00
-0.24
0.11
0.00
0.00
0.00
0.00
0.00
0.00
0.00
0.00
0.00
0.00
0.00
0.00
0.00
0.00
0.00
0.00
0.00
0.00
0.00
-1.62
6.91
-3.44
1.35
-1.22
6.91
-1.51
1.66
-0.46
-2.48
0.99
-0.57
-0.08
0.00
0.00
0.00
6.91
-0.54
0.90
-1.03
1.01
0.00
-1.12
-1.26
2.04
6.91
-0.20
0.28
-1.40
0.80
-6.91
0.22
1.12
0.54
0.71
-0.31
-1.99
0.00
0.00
-6.91
-6.91
-1.21
1.90
1.75
-1.18
2.13
-2.13
-2.92
-0.39
-0.59
0.00
-2.22
-0.17
0.00
-1.26
-1.50
0.00
0.42
-1.62
0.00
0.74
-1.55
-2.10
0.14
3.70
-1.47
0.00
0.00
-0.32
-1.37
-2.19
-0.20
0.00
0.00
0.00
0.00
0.00
0.00
0.00
0.00
0.00
0.00
0.00
0.00
0.00
0.00
0.00
0.00
0.00
0.00
-1.53
0.00
-1.87
0.96
-0.99
0.00
-2.11
0.32
-0.62
0.00
0.89
-6.91
0.00
-0.57
-0.55
-3.07
-0.76
-6.91
-0.71
-1.12
-0.98
-0.07
-2.22
0.00
0.64
-6.91
-1.20
0.00
0.00
1.72
-6.91
2.28
-1.92
-1.23
-0.40
-0.35
-0.55
-1.32
0.00
0.00
-1.37
0.23
-0.27
0.00
0.00
-0.52
0.00
1.32
0.06
-1.65
-0.07
0.00
-0.63
2.18
0.00
-1.60
-1.09
0.00
0.00
0.34
0.00
0.00
0.77
-1.29
0.59
0.00
-1.05
0.00
0.00
1.84
-6.91
0.28
0.52
0.00
0.00
0.00
0.00
0.00
0.00
0.00
0.00
0.00
0.00
0.00
0.00
0.00
0.00
0.00
0.00
0.00
0.00
-1.14
0.00
-0.45
0.00
0.23
0.00
-0.27
0.00
0.70
0.00
0.00
-0.43
0.00
-0.06
-3.49
-0.66
-6.91
-0.90
1.46
0.54
0.94
1.37
-2.97
0.00
0.00
0.46
-1.57
0.00
0.00
0.00
-0.83
0.00
-0.15
-0.60
0.26
1.59
0.96
0.42
2.48
6.91
-1.11
-1.37
-0.26
-0.03
-0.25
-1.05
1.10
-2.36
-1.09
0.82
-2.68
6.91
-0.22
-0.99
3.20
0.37
-0.15
3.07
0.32
-1.12
3.14
-0.88
-0.56
-1.46
-6.91
-0.10
-0.76
0.57
1.71
-1.24
-0.15
-6.91
-1.20
0.00
0.00
0.00
0.00
0.00
0.00
0.00
0.00
0.00
0.00
0.00
0.00
0.00
0.00
0.00
0.00
0.00
0.00
0.09
0.96
-0.19
0.34
-0.24
1.94
-1.19
-0.36
-0.32
2.56
0.60
-1.14
2.39
-6.91
1.34
0.10
0.19
0.05
-1.45
-6.91
-4.05
-1.98
0.09
1.47
-1.02
-1.51
-1.10
1.78
2.15
0.11
-1.59
-0.59
-0.35
-0.82
-2.35
-6.91
-1.16
-1.66
0.00
0.00
-2.33
-0.27
-0.82
0.00
3.82
-0.11
0.00
-0.24
-0.43
-6.91
0.93
0.00
-2.25
0.81
0.00
-6.01
-0.65
0.00
0.00
-0.77
0.00
2.81
-1.25
-0.90
-0.04
0.00
-2.80
0.00
0.00
0.25
-6.91
0.39
-0.05
0.00
0.00
0.00
0.00
0.00
0.00
0.00
0.00
0.00
0.00
0.00
0.00
0.00
0.00
0.00
0.00
0.00
0.00
-3.38
0.00
-1.20
6.91
-2.18
0.00
-1.80
1.82
0.09
0.00
0.00
-1.88
0.00
-0.05
-0.68
-6.91
-2.47
-2.94
1.05
0.36
0.59
0.29
-3.72
0.00
1.76
-0.37
-6.91
0.00
0.00
6.91
-1.32
0.00
-0.37
-0.76
-0.43
0.56
0.71
-1.01
0.00
0.00
-6.91
-2.07
-1.25
2.37
3.18
-1.08
6.91
-0.33
-1.03
-1.55
-0.23
0.00
-6.91
-0.59
0.00
-1.65
-4.83
0.00
0.72
-0.68
0.00
0.60
-2.88
-1.91
-0.17
2.82
-6.91
0.00
0.00
-0.83
-1.38
-0.05
-0.11
0.00
0.00
0.00
0.00
0.00
0.00
0.00
0.00
0.00
0.00
0.00
0.00
0.00
0.00
0.00
0.00
0.00
0.00
-0.70
0.00
-1.34
1.26
-3.31
0.00
-1.44
1.63
-0.99
0.00
2.48
-1.69
0.00
-0.52
-1.33
-2.70
-1.34
-3.53
-0.38
-0.76
0.33
-0.68
-2.94
0.00
0.71
-2.48
-1.43
0.00
0.00
1.45
-6.91
6.91
-1.87
-6.91
-0.43
-0.84
0.08
0.00
-1.34
-6.91
0.00
0.00
0.00
-0.10
0.25
0.00
-0.49
3.57
0.00
0.00
2.25
-6.07
0.00
0.98
-1.63
0.00
0.00
-0.85
-0.22
0.00
-3.60
0.18
0.00
0.00
1.17
-1.16
0.00
-0.73
-6.91
4.41
0.00
6.91
5.21
0.00
0.00
0.00
0.00
0.00
0.00
0.00
0.00
0.00
0.00
0.00
0.00
0.00
0.00
0.00
0.00
0.00
0.00
0.00
-2.41
0.00
-0.31
0.00
-1.56
0.00
-0.03
0.00
-6.91
-0.05
0.00
-6.91
6.91
0.00
0.00
0.00
0.00
1.34
0.00
2.47
2.41
0.00
-1.65
-0.12
0.00
0.00
-6.91
-4.51
-0.80
0.00
-0.15
0.00
0.00
6.91
1.69
3.93
-1.19
0.00
0.00
-1.72
-2.70
-1.23
1.89
1.53
-1.75
6.91
-0.17
-1.87
-3.58
-0.30
0.00
-2.36
0.57
0.00
-4.34
-0.66
0.00
6.91
-1.76
0.00
1.88
-0.54
-1.57
-1.06
6.91
-6.91
0.00
0.00
0.03
-0.84
-0.45
-0.34
0.00
0.00
0.00
0.00
0.00
0.00
0.00
0.00
0.00
0.00
0.00
0.00
0.00
0.00
0.00
0.00
0.00
0.00
-2.88
0.00
-1.33
1.63
-2.57
0.00
-0.73
0.92
-3.86
0.00
1.76
-6.91
0.00
0.19
-0.75
-1.46
-1.13
-2.47
-0.64
0.01
0.11
-0.56
-0.43
0.00
0.58
-2.36
-0.50
0.00
0.00
2.05
-1.11
3.49
-2.15
-1.82
-0.21
-0.53
0.64
-0.46
0.00
0.00
-1.29
-4.05
-2.76
0.98
1.04
-1.43
1.93
-0.54
-1.26
-2.40
-0.28
0.00
-3.03
-0.32
0.00
-1.41
-0.22
0.00
1.51
-2.46
0.00
1.32
-6.91
-1.19
-0.91
1.31
-1.22
0.00
0.00
-0.22
-1.04
-0.21
0.21
0.00
0.00
0.00
0.00
0.00
0.00
0.00
0.00
0.00
0.00
0.00
0.00
0.00
0.00
0.00
0.00
0.00
0.00
-1.28
0.00
-1.34
0.19
-6.91
0.00
-0.50
0.02
-6.91
0.00
0.94
-1.24
0.00
-0.03
-0.25
-0.19
-0.67
-1.45
-1.50
-1.35
-1.62
-1.52
-0.11
0.00
1.11
-1.67
-0.02
0.00
0.00
0.97
-1.29
0.57
-6.91
-2.03
-1.91
-0.42
-1.23
-0.30
6.91
0.00
-1.52
-0.44
-2.10
0.70
-1.00
-1.22
1.18
-6.91
-0.18
-0.65
-1.50
0.00
-0.23
-6.91
1.21
-0.75
-0.56
5.23
0.70
-2.13
0.00
-0.46
-2.06
-1.46
-6.91
0.46
-1.70
2.04
0.00
-2.46
-0.42
-2.23
-0.64
0.00
0.00
0.00
0.00
0.00
0.00
0.00
0.00
0.00
0.00
0.00
0.00
0.00
0.00
0.00
0.00
0.00
0.00
0.69
2.13
-0.36
-0.48
-1.04
1.38
-0.75
0.01
-1.49
6.91
0.16
-0.58
1.95
-6.91
-0.29
-0.14
0.80
-0.58
-2.83
-3.05
-1.61
-6.91
-0.42
4.71
-0.56
-3.27
0.26
6.91
2.82
0.01
-0.78
0.54
-1.37
-0.61
-3.12
-2.77
-3.18
0.00
0.00
0.00
0.00
0.00
0.00
0.00
0.00
0.00
0.00
0.00
0.00
0.00
0.00
0.00
0.00
0.00
0.00
-6.91
-0.88
0.00
0.00
-0.20
0.00
6.91
-0.05
-0.30
0.20
0.00
-0.54
0.00
0.00
0.25
-1.55
0.49
1.14
-6.91
-3.03
0.00
0.00
6.91
0.00
-0.82
-1.14
0.00
-1.12
-2.59
0.27
-1.65
-0.77
0.00
-1.63
-0.28
-0.36
0.00
0.00
0.00
0.00
0.00
0.00
0.00
0.00
0.00
0.00
0.00
0.00
0.00
0.00
0.00
0.00
0.00
0.00
0.00
0.00
0.00
0.00
-5.18
0.00
6.91
-0.64
-3.52
0.00
0.00
5.33
-4.01
0.00
0.12
-1.63
0.26
0.83
1.46
0.00
0.00
0.00
0.00
0.00
0.00
0.00
0.00
0.00
0.00
0.00
0.00
0.00
0.00
0.00
0.00
0.00
0.00
0.00
0.00
-6.91
-1.48
6.91
-1.16
-0.94
5.48
0.00
1.16
-0.90
0.00
-1.67
-2.37
1.22
0.00
0.96
0.17
0.00
0.00
-1.65
-6.91
0.32
-0.76
2.58
0.00
-1.42
0.00
0.00
1.50
0.00
0.00
-0.77
0.00
0.00
0.82
0.00
0.00
0.00
0.00
0.00
0.00
0.00
0.00
0.00
0.00
0.00
0.00
0.00
0.00
0.00
0.00
0.00
0.00
0.00
0.00
0.00
0.00
0.00
-4.10
-0.64
0.00
0.00
-3.68
-6.91
-0.09
0.00
-2.00
6.91
0.00
0.41
2.18
1.44
0.00
0.00
0.00
0.00
0.00
0.00
0.00
0.00
0.00
0.00
0.00
0.00
0.00
0.00
0.00
0.00
0.00
0.00
-4.13
-6.91
0.00
6.91
-0.61
0.00
0.67
-2.08
-1.54
-0.48
3.95
-3.60
0.00
0.00
-0.87
-1.17
-1.31
0.28
-2.36
-1.59
0.00
0.00
0.97
1.67
-0.68
-1.68
1.50
-0.80
-0.41
-0.44
-1.75
-6.91
0.00
-0.94
-0.22
0.21
0.00
0.00
0.00
0.00
0.00
0.00
0.00
0.00
0.00
0.00
0.00
0.00
0.00
0.00
0.00
0.00
0.00
0.00
0.00
0.00
0.00
0.00
-1.01
0.00
0.94
-2.19
-1.69
0.00
0.00
1.49
-0.87
3.02
-0.72
-3.56
-0.67
0.20
0.91
0.00
0.00
0.00
0.00
0.00
0.00
0.00
0.00
0.00
0.00
0.00
0.00
0.00
0.00
0.00
0.00
0.00
0.00
6.91
1.08
-0.53
-1.40
1.70
-0.65
-5.16
0.04
0.72
-0.62
-1.27
1.06
0.06
0.78
0.53
0.00
-0.74
-0.11
1.73
2.34
-0.10
-0.03
-1.49
-3.19
0.50
1.44
-3.46
1.38
0.00
0.50
1.42
6.91
0.42
6.91
0.39
-0.13
0.00
0.00
0.00
0.00
0.00
0.00
0.00
0.00
0.00
0.00
0.00
0.00
0.00
0.00
0.00
0.00
0.00
0.00
0.00
0.00
0.00
0.00
2.82
-1.87
-1.85
0.45
0.84
-0.20
-0.90
-6.91
1.58
-2.38
1.53
2.36
-0.04
0.03
-1.53
0.00
0.00
0.00
0.00
0.00
0.00
0.00
0.00
0.00
0.00
0.00
0.00
0.00
0.00
0.00
0.00
0.00
0.00
-2.35
-2.15
0.00
0.54
-6.91
0.00
0.13
-2.51
-1.33
-0.27
1.08
-6.91
0.00
0.00
-0.48
-0.06
-1.93
-1.39
-0.57
-0.40
0.00
0.00
0.10
0.17
-1.85
-1.00
1.29
-1.28
-0.01
-0.78
-0.10
-3.68
0.00
-2.22
-1.86
-0.67
0.00
0.00
0.00
0.00
0.00
0.00
0.00
0.00
0.00
0.00
0.00
0.00
0.00
0.00
0.00
0.00
0.00
0.00
0.00
0.00
0.00
0.00
-0.14
0.00
1.25
-6.91
-1.05
0.00
0.00
0.62
-6.91
0.28
-1.32
-1.33
-0.33
-0.77
-0.31
0.00
0.00
0.00
0.00
0.00
0.00
0.00
0.00
0.00
0.00
0.00
0.00
0.00
0.00
0.00
0.00
0.00
0.00
0.00
0.00
-1.04
-0.80
0.00
-6.91
0.52
0.00
0.00
1.97
-0.58
0.00
-1.68
-1.55
6.91
0.00
4.95
0.73
0.00
0.00
-6.91
-3.41
-0.05
0.56
0.00
0.00
0.25
0.00
0.00
2.24
0.00
0.00
-1.58
0.00
0.00
1.40
0.00
0.00
0.00
0.00
0.00
0.00
0.00
0.00
0.00
0.00
0.00
0.00
0.00
0.00
0.00
0.00
0.00
0.00
0.00
0.00
0.00
0.00
0.00
-2.44
0.15
0.00
0.00
-3.26
-6.91
-0.42
0.00
-1.09
0.00
0.00
1.05
1.96
0.55
0.00
0.00
0.00
0.00
0.00
0.00
0.00
0.00
0.00
0.00
0.00
0.00
0.00
0.00
0.00
0.00
0.00
0.00
-1.65
-6.91
0.00
1.40
-3.34
0.00
1.30
-0.68
-6.91
-1.23
3.51
-1.31
0.00
0.00
-1.73
-0.40
-1.83
-1.08
-3.17
-0.83
0.00
0.00
0.31
1.30
-1.51
-1.44
1.34
-1.10
-0.48
-1.96
-0.36
-2.64
0.00
-1.20
-2.82
-0.32
0.00
0.00
0.00
0.00
0.00
0.00
0.00
0.00
0.00
0.00
0.00
0.00
0.00
0.00
0.00
0.00
0.00
0.00
0.00
0.00
0.00
0.00
-0.73
0.00
0.29
-5.09
-6.91
0.00
0.00
0.75
-1.57
0.85
-0.96
-2.34
-1.64
-0.41
0.42
0.00
0.00
0.00
0.00
0.00
0.00
0.00
0.00
0.00
0.00
0.00
0.00
0.00
0.00
0.00
0.00
0.00
0.00
2.19
2.36
-0.99
-6.91
0.57
1.18
-3.96
0.37
0.15
-0.10
-1.79
1.23
0.05
0.96
-0.62
0.00
-0.77
-1.07
6.91
3.05
0.45
-0.17
-1.83
-6.91
0.23
0.26
-0.68
1.57
0.00
-0.36
1.07
0.84
0.03
0.47
0.70
0.07
0.00
0.00
0.00
0.00
0.00
0.00
0.00
0.00
0.00
0.00
0.00
0.00
0.00
0.00
0.00
0.00
0.00
0.00
0.00
0.00
0.00
0.00
1.04
-0.31
-1.54
0.27
1.83
-0.15
0.35
-2.05
0.98
-2.07
0.63
0.99
-0.26
0.29
-2.57
0.00
0.00
0.00
0.00
0.00
0.00
0.00
0.00
0.00
0.00
0.00
0.00
0.00
0.00
0.00
0.00
0.00
0.00
-0.12
-2.41
1.28
0.25
-0.95
0.00
0.01
-6.91
-0.60
-0.19
1.24
-5.66
2.99
0.00
-1.03
0.71
-1.64
-1.15
-1.12
-0.67
1.46
0.00
-0.07
0.61
-6.91
-2.08
0.76
-1.38
0.32
-0.85
-0.55
-0.92
0.00
-0.43
-6.91
-1.14
0.00
0.00
0.00
0.00
0.00
0.00
0.00
0.00
0.00
0.00
0.00
0.00
0.00
0.00
0.00
0.00
0.00
0.00
0.00
0.00
0.00
0.00
-1.20
6.91
-0.46
-1.23
-0.32
0.00
0.00
-0.01
-1.97
0.60
-7.17
-1.40
-0.55
-1.95
-1.55
0.00
0.00
0.00
0.00
0.00
0.00
0.00
0.00
0.00
0.00
0.00
0.00
0.00
0.00
0.00
0.00
0.00
0.00
0.00
0.00
-2.30
-0.48
0.00
-1.06
0.11
1.58
0.00
1.78
-0.06
0.00
-2.08
-1.36
0.52
0.00
6.91
0.06
0.00
0.00
-6.91
-0.73
-1.00
-1.48
6.91
0.00
-1.89
0.00
0.00
0.57
0.00
0.00
-2.26
0.00
0.00
1.77
0.00
0.00
0.00
0.00
0.00
0.00
0.00
0.00
0.00
0.00
0.00
0.00
0.00
0.00
0.00
0.00
0.00
0.00
0.00
0.00
0.00
0.00
0.00
-1.03
-0.37
0.00
0.00
-1.73
-1.81
-1.06
0.00
-1.58
1.45
0.00
1.20
1.33
0.07
0.00
0.00
0.00
0.00
0.00
0.00
0.00
0.00
0.00
0.00
0.00
0.00
0.00
0.00
0.00
0.00
0.00
0.00
0.00
6.91
-0.36
-6.91
1.66
-0.07
-2.08
0.33
0.94
0.18
-6.91
1.98
-0.03
0.55
-0.57
0.00
0.87
-0.52
0.00
1.92
-1.73
-0.29
-1.38
-2.73
0.38
0.78
-1.77
1.88
0.00
-0.25
0.00
2.60
-0.06
1.54
2.35
0.81
0.00
0.00
0.00
0.00
0.00
0.00
0.00
0.00
0.00
0.00
0.00
0.00
0.00
0.00
0.00
0.00
0.00
0.00
0.00
0.00
0.00
0.00
0.00
-1.02
-1.39
1.98
3.47
-1.11
-0.24
-2.58
1.13
-6.91
1.30
1.23
0.74
-0.19
-0.37
0.00
0.00
0.00
0.00
0.00
0.00
0.00
0.00
0.00
0.00
0.00
0.00
0.00
0.00
0.00
0.00
0.00
0.00
-1.25
-6.91
0.00
1.76
-6.91
0.00
0.83
-2.76
-1.54
-1.42
1.09
-1.38
0.00
0.00
-1.68
-0.18
-2.25
-0.64
-0.51
-4.45
0.00
0.00
0.15
1.32
-1.53
-6.91
1.07
-6.91
-1.21
-1.79
-2.26
-6.91
0.00
-1.07
-3.22
-0.37
0.00
0.00
0.00
0.00
0.00
0.00
0.00
0.00
0.00
0.00
0.00
0.00
0.00
0.00
0.00
0.00
0.00
0.00
0.00
0.00
0.00
0.00
-1.55
0.00
1.68
-2.42
-0.83
0.00
0.00
0.43
-6.91
1.05
-1.98
-5.31
-0.25
-1.69
0.09
0.00
0.00
0.00
0.00
0.00
0.00
0.00
0.00
0.00
0.00
0.00
0.00
0.00
0.00
0.00
0.00
0.00
0.00
0.00
0.00
-0.97
-0.52
0.00
-6.91
-0.42
0.00
0.00
1.06
0.07
0.00
-0.92
-0.87
2.03
0.00
1.80
0.54
0.00
0.00
-1.64
-6.91
-0.12
0.22
0.00
0.00
-0.65
0.00
0.00
1.29
0.00
0.00
-6.91
0.00
0.00
1.85
0.00
0.00
0.00
0.00
0.00
0.00
0.00
0.00
0.00
0.00
0.00
0.00
0.00
0.00
0.00
0.00
0.00
0.00
0.00
0.00
0.00
0.00
0.00
-2.52
0.01
0.00
0.00
-3.01
-4.08
-0.87
0.00
-0.34
0.00
0.00
2.38
3.92
0.69
0.00
0.00
0.00
0.00
0.00
0.00
0.00
0.00
0.00
0.00
0.00
0.00
0.00
0.00
0.00
0.00
0.00
0.00
-0.57
-0.29
1.78
0.43
-1.36
4.10
0.05
-1.28
-0.99
-6.91
1.08
-0.84
0.67
6.91
-2.59
0.56
-6.91
-1.13
0.56
0.32
2.10
1.09
-0.37
0.42
-0.20
-0.94
-0.30
-0.43
0.09
-1.78
-0.55
-0.39
6.91
-0.41
-1.38
-6.91
0.00
0.00
0.00
0.00
0.00
0.00
0.00
0.00
0.00
0.00
0.00
0.00
0.00
0.00
0.00
0.00
0.00
0.00
0.00
0.00
0.00
0.00
-0.43
1.01
-1.03
-1.14
-0.03
1.75
3.00
-0.14
0.11
-0.31
-0.97
0.41
-6.91
-1.42
-0.54
0.00
0.00
0.00
0.00
0.00
0.00
0.00
0.00
0.00
0.00
0.00
0.00
0.00
0.00
0.00
0.00
0.00
0.00
-0.48
-2.16
0.00
0.00
-0.68
0.00
0.00
0.38
-0.32
0.34
0.00
-0.23
0.00
0.00
1.10
-0.86
0.87
0.90
-1.01
-0.65
0.00
0.00
0.00
0.00
-0.17
-1.03
0.00
-0.01
-6.00
0.44
-2.26
-0.93
0.00
-0.46
-0.52
-0.09
0.00
0.00
0.00
0.00
0.00
0.00
0.00
0.00
0.00
0.00
0.00
0.00
0.00
0.00
0.00
0.00
0.00
0.00
0.00
0.00
0.00
0.00
-2.33
0.00
0.00
-0.76
-0.99
0.00
0.00
0.00
-1.14
0.00
0.62
-1.32
1.45
0.29
1.09
0.00
0.00
0.00
0.00
0.00
0.00
0.00
0.00
0.00
0.00
0.00
0.00
0.00
0.00
0.00
0.00
0.00
0.00
-2.26
-1.89
0.00
0.00
-0.88
0.00
6.91
-0.26
-0.52
0.12
0.00
-3.49
0.00
0.00
-0.08
-6.91
0.25
0.18
-0.99
-6.91
0.00
0.00
1.69
6.91
-0.49
-0.95
0.00
-0.69
-5.05
0.30
-6.91
-0.71
0.00
-6.91
-1.75
0.69
0.00
0.00
0.00
0.00
0.00
0.00
0.00
0.00
0.00
0.00
0.00
0.00
0.00
0.00
0.00
0.00
0.00
0.00
0.00
0.00
0.00
0.00
-1.48
0.00
0.84
-1.24
-1.31
0.00
0.00
2.54
-2.18
0.00
-0.14
-4.18
-0.14
0.34
-0.06
0.00
0.00
0.00
0.00
0.00
0.00
0.00
0.00
0.00
0.00
0.00
0.00
0.00
0.00
0.00
0.00
0.00
0.00
-2.57
-0.82
0.00
0.00
0.51
0.00
0.00
0.59
-1.26
0.84
0.00
-0.51
0.00
0.00
1.35
-6.91
0.48
0.96
-2.41
-1.28
0.00
0.00
0.00
0.00
0.18
0.15
0.00
-1.33
-6.91
0.60
-1.09
-1.40
0.00
-0.04
-0.40
0.57
0.00
0.00
0.00
0.00
0.00
0.00
0.00
0.00
0.00
0.00
0.00
0.00
0.00
0.00
0.00
0.00
0.00
0.00
0.00
0.00
0.00
0.00
-0.99
0.00
0.00
0.18
-1.27
0.00
0.00
0.00
-1.32
0.00
0.18
-0.38
-0.03
-0.10
1.88
0.00
0.00
0.00
0.00
0.00
0.00
0.00
0.00
0.00
0.00
0.00
0.00
0.00
0.00
0.00
0.00
0.00
0.00
-2.00
-6.91
0.00
1.06
-3.00
0.00
0.46
-1.34
-0.77
-0.32
6.91
-2.13
0.00
0.00
0.31
-0.74
-0.08
-0.13
-0.64
-0.65
0.00
0.00
1.53
0.99
-5.51
-0.52
2.15
-1.70
-0.13
-0.08
-1.36
-1.75
0.00
-1.85
-1.22
-0.96
0.00
0.00
0.00
0.00
0.00
0.00
0.00
0.00
0.00
0.00
0.00
0.00
0.00
0.00
0.00
0.00
0.00
0.00
0.00
0.00
0.00
0.00
-1.06
0.00
1.01
-1.61
-2.54
0.00
0.00
0.72
-1.24
6.91
-1.89
-1.33
0.20
-0.76
0.10
0.00
0.00
0.00
0.00
0.00
0.00
0.00
0.00
0.00
0.00
0.00
0.00
0.00
0.00
0.00
0.00
0.00
0.00
-0.08
0.23
0.92
-0.74
-2.44
1.22
-1.27
-1.62
-0.49
-1.35
0.07
-0.46
2.13
2.78
-6.91
0.42
-3.30
-1.59
-0.11
-0.41
1.17
6.91
-0.84
-0.82
-1.08
-1.14
0.47
-0.56
1.41
-1.87
0.96
-0.84
6.91
-0.34
-0.00
-1.86
0.00
0.00
0.00
0.00
0.00
0.00
0.00
0.00
0.00
0.00
0.00
0.00
0.00
0.00
0.00
0.00
0.00
0.00
0.00
0.00
0.00
0.00
0.93
0.40
-0.23
-1.10
-0.14
2.16
6.91
-0.30
-0.05
0.46
-0.82
-0.75
-6.91
-2.47
-1.25
0.00
0.00
0.00
0.00
0.00
0.00
0.00
0.00
0.00
0.00
0.00
0.00
0.00
0.00
0.00
0.00
0.00
0.00
-0.20
-1.13
2.56
0.48
-2.72
0.00
-0.42
-0.22
-0.35
-6.91
0.87
-1.50
1.19
0.00
-5.17
-0.13
-6.91
-0.74
-0.22
-0.69
0.99
0.00
0.17
0.25
-0.36
-0.68
1.34
-1.14
-0.16
-3.22
0.80
-0.49
0.00
-0.57
-1.11
-2.24
0.00
0.00
0.00
0.00
0.00
0.00
0.00
0.00
0.00
0.00
0.00
0.00
0.00
0.00
0.00
0.00
0.00
0.00
0.00
0.00
0.00
0.00
0.02
1.85
-0.29
-2.20
-0.99
6.91
0.00
0.37
-1.52
0.13
-0.84
-0.83
-2.83
-6.91
-2.88
0.00
0.00
0.00
0.00
0.00
0.00
0.00
0.00
0.00
0.00
0.00
0.00
0.00
0.00
0.00
0.00
0.00
0.00
1.31
0.04
0.98
-0.03
-1.12
1.24
-0.18
-0.83
-0.48
-1.29
0.25
-0.21
0.26
1.40
-0.89
0.43
-2.09
-1.37
1.07
0.46
0.22
1.51
-0.33
-0.57
-0.23
-1.10
0.52
-0.52
0.28
-1.52
0.20
-0.31
1.48
-0.20
-1.35
-1.91
0.00
0.00
0.00
0.00
0.00
0.00
0.00
0.00
0.00
0.00
0.00
0.00
0.00
0.00
0.00
0.00
0.00
0.00
0.00
0.00
0.00
0.00
0.14
1.89
-1.18
-0.60
0.47
0.87
1.54
-1.43
-0.37
-0.73
-1.06
0.38
-2.04
-1.34
-3.18
0.00
0.00
0.00
0.00
0.00
0.00
0.00
0.00
0.00
0.00
0.00
0.00
0.00
0.00
0.00
0.00
0.00
0.00
0.07
0.23
2.94
-0.46
-0.94
6.91
-0.40
-0.44
-0.81
-6.91
0.62
-0.95
2.22
6.91
-3.10
0.55
-6.91
-1.29
0.56
0.24
1.26
6.91
0.24
0.05
-2.32
-1.94
1.01
-1.71
0.25
-1.82
-0.38
-0.60
6.91
-0.76
-0.15
-2.57
0.00
0.00
0.00
0.00
0.00
0.00
0.00
0.00
0.00
0.00
0.00
0.00
0.00
0.00
0.00
0.00
0.00
0.00
0.00
0.00
0.00
0.00
0.63
0.59
-0.32
-1.79
-1.10
3.00
1.29
-0.47
-0.03
0.80
-2.83
-0.62
-6.91
-2.35
-6.91
0.00
0.00
0.00
0.00
0.00
0.00
0.00
0.00
0.00
0.00
0.00
0.00
0.00
0.00
0.00
0.00
0.00
0.00
0.00
0.00
0.00
0.00
0.00
0.00
0.00
0.00
0.00
0.00
0.00
0.00
0.00
0.00
0.00
0.00
0.00
0.00
-6.91
-0.75
0.00
0.00
3.62
0.00
-0.79
-1.03
0.00
-0.61
-2.39
0.07
-6.91
-3.65
0.00
-0.92
-0.67
-0.76
-2.25
0.00
-1.52
6.91
-0.62
0.00
-1.81
6.91
-0.86
0.00
0.00
-3.68
0.00
0.10
-0.69
-6.91
-1.53
-0.55
0.49
-0.83
1.45
0.32
0.00
0.00
0.00
0.00
0.00
0.00
0.00
0.00
0.00
0.00
0.00
0.00
0.00
0.00
0.00
0.00
0.00
0.00
0.00
0.00
0.00
0.00
0.00
0.00
0.00
0.00
0.00
0.00
0.00
0.00
0.00
0.00
0.00
0.00
0.00
0.00
0.00
0.00
0.00
0.00
0.00
0.00
0.00
0.00
0.00
0.00
0.00
0.00
0.00
0.00
0.00
0.00
0.00
-1.97
-2.20
0.14
-0.85
1.20
0.00
-0.66
0.00
0.00
2.96
0.00
0.00
-0.68
0.00
0.00
2.41
0.00
-6.91
0.00
-0.19
0.00
-1.50
0.00
-0.70
2.64
-6.91
-0.94
0.00
-2.03
1.40
0.00
0.00
0.00
0.00
0.71
0.79
-0.07
1.35
0.00
0.00
0.00
0.00
0.00
0.00
0.00
0.00
0.00
0.00
0.00
0.00
0.00
0.00
0.00
0.00
0.00
0.00
0.00
0.00
0.00
0.00
0.00
0.00
0.00
0.00
0.00
0.00
0.00
0.00
0.00
0.00
0.00
0.00
0.00
0.00
0.00
0.00
0.00
0.00
0.00
0.00
0.00
0.00
0.00
0.00
0.00
0.00
0.00
0.00
0.00
0.97
2.59
-0.34
0.02
-1.82
-1.52
0.15
0.97
-4.53
0.26
0.00
-0.37
2.38
0.50
0.50
1.32
1.25
0.48
1.07
0.22
0.34
-2.95
0.72
-0.47
1.02
-2.06
0.75
0.33
-1.51
0.68
0.25
-0.01
0.00
1.22
0.00
0.61
-1.12
0.42
-0.30
-0.10
0.00
0.00
0.00
0.00
0.00
0.00
0.00
0.00
0.00
0.00
0.00
0.00
0.00
0.00
0.00
0.00
0.00
0.00
0.00
0.00
0.00
0.00
0.00
0.00
0.00
0.00
0.00
0.00
0.00
0.00
0.00
0.00
0.00
0.00
0.00
0.00
0.00
0.00
0.00
0.00
0.00
0.00
0.00
0.00
0.00
0.00
0.00
0.00
0.00
0.00
0.00
-0.50
-0.84
0.00
0.00
1.23
2.01
-6.91
-3.85
2.70
-6.91
-0.64
-1.86
-1.18
-1.08
0.00
-0.83
-6.91
-2.38
-0.22
0.00
-1.60
0.03
-1.53
0.00
-2.95
0.66
-1.73
0.00
1.35
-2.19
0.00
-0.18
0.36
-0.50
-0.19
-0.54
-0.99
-4.45
-0.15
-2.64
0.00
0.00
0.00
0.00
0.00
0.00
0.00
0.00
0.00
0.00
0.00
0.00
0.00
0.00
0.00
0.00
0.00
0.00
0.00
0.00
0.00
0.00
0.00
0.00
0.00
0.00
0.00
0.00
0.00
0.00
0.00
0.00
0.00
0.00
0.00
0.00
0.00
0.00
0.00
0.00
0.00
0.00
0.00
0.00
0.00
0.00
0.00
0.00
0.00
0.00
0.00
-6.91
-1.48
0.00
0.00
2.95
3.72
-1.62
-0.95
6.91
-2.09
-0.53
-0.05
-2.13
-2.29
0.00
-1.69
-0.07
-0.20
-6.91
0.00
-2.33
1.15
-0.84
0.00
-1.87
1.62
-2.03
0.00
6.91
-2.70
0.00
-0.51
-0.57
-1.27
-1.55
-2.10
0.04
-0.46
1.15
-0.57
0.00
0.00
0.00
0.00
0.00
0.00
0.00
0.00
0.00
0.00
0.00
0.00
0.00
0.00
0.00
0.00
0.00
0.00
0.00
0.00
0.00
0.00
0.00
0.00
0.00
0.00
0.00
0.00
0.00
0.00
0.00
0.00
0.00
0.00
0.00
0.00
0.00
0.00
0.00
0.00
0.00
0.00
0.00
0.00
0.00
0.00
0.00
0.00
0.00
0.00
0.00
0.00
0.00
-6.91
-1.75
-0.02
-1.11
0.00
0.00
-1.31
0.00
0.00
1.46
0.00
0.00
-6.91
0.00
0.00
3.80
0.00
-1.86
0.00
-0.37
0.00
-6.91
0.00
0.15
0.00
-1.01
0.07
0.00
-2.36
1.22
0.00
0.00
0.00
0.00
2.28
6.91
1.36
2.54
0.00
0.00
0.00
0.00
0.00
0.00
0.00
0.00
0.00
0.00
0.00
0.00
0.00
0.00
0.00
0.00
0.00
0.00
0.00
0.00
0.00
0.00
0.00
0.00
0.00
0.00
0.00
0.00
0.00
0.00
0.00
0.00
0.00
0.00
0.00
0.00
0.00
0.00
0.00
0.00
0.00
0.00
0.00
0.00
0.00
0.00
0.00
0.00
0.00
0.00
0.00
0.00
0.00
-1.01
-2.43
-0.35
0.49
0.00
0.00
-0.62
0.00
0.00
1.19
0.00
0.00
-2.25
0.00
0.00
1.84
0.00
-2.09
0.00
-0.13
0.00
-6.91
0.00
0.05
0.00
-2.21
-0.75
0.00
-2.05
1.04
0.00
0.00
0.00
0.00
2.59
0.00
0.43
4.76
0.00
0.00
0.00
0.00
0.00
0.00
0.00
0.00
0.00
0.00
0.00
0.00
0.00
0.00
0.00
0.00
0.00
0.00
0.00
0.00
0.00
0.00
0.00
0.00
0.00
0.00
0.00
0.00
0.00
0.00
0.00
0.00
0.00
0.00
0.00
0.00
0.00
0.00
0.00
0.00
0.00
0.00
0.00
0.00
0.00
0.00
0.00
0.00
0.00
0.00
0.00
1.38
1.53
-0.07
-0.79
-6.91
-6.91
0.37
1.09
-3.13
0.29
0.00
0.53
6.91
0.63
-0.07
0.92
0.14
0.47
2.68
-0.10
6.91
-6.91
0.54
-0.10
2.21
-1.54
0.70
-0.61
-1.81
0.78
-0.24
0.62
0.00
1.78
0.00
1.49
0.21
-0.51
-1.44
0.52
0.00
0.00
0.00
0.00
0.00
0.00
0.00
0.00
0.00
0.00
0.00
0.00
0.00
0.00
0.00
0.00
0.00
0.00
0.00
0.00
0.00
0.00
0.00
0.00
0.00
0.00
0.00
0.00
0.00
0.00
0.00
0.00
0.00
0.00
0.00
0.00
0.00
0.00
0.00
0.00
0.00
0.00
0.00
0.00
0.00
0.00
0.00
0.00
0.00
0.00
0.00
-1.39
-4.58
0.00
0.00
1.14
1.66
-0.78
-1.32
2.89
-4.82
-1.44
-1.11
-3.72
-3.21
0.00
-1.60
-1.00
-0.87
-1.43
0.00
-2.16
1.89
-2.05
0.00
-2.90
0.81
-3.94
0.00
0.87
-2.49
0.00
-0.39
-1.27
-1.10
-0.08
-2.19
0.13
-1.61
-0.14
-0.68
0.00
0.00
0.00
0.00
0.00
0.00
0.00
0.00
0.00
0.00
0.00
0.00
0.00
0.00
0.00
0.00
0.00
0.00
0.00
0.00
0.00
0.00
0.00
0.00
0.00
0.00
0.00
0.00
0.00
0.00
0.00
0.00
0.00
0.00
0.00
0.00
0.00
0.00
0.00
0.00
0.00
0.00
0.00
0.00
0.00
0.00
0.00
0.00
0.00
0.00
0.00
0.00
1.41
-0.70
-0.87
-2.22
-1.73
0.92
2.10
-1.45
1.29
0.00
0.71
0.00
6.91
-1.01
2.30
2.61
0.39
0.00
-1.45
1.48
-2.00
0.93
0.19
0.81
-0.93
1.80
-0.28
-2.00
1.68
-0.23
-0.47
0.00
0.00
0.00
2.86
-0.57
-0.22
-0.13
-0.21
0.00
0.00
0.00
0.00
0.00
0.00
0.00
0.00
0.00
0.00
0.00
0.00
0.00
0.00
0.00
0.00
0.00
0.00
0.00
0.00
0.00
0.00
0.00
0.00
0.00
0.00
0.00
0.00
0.00
0.00
0.00
0.00
0.00
0.00
0.00
0.00
0.00
0.00
0.00
0.00
0.00
0.00
0.00
0.00
0.00
0.00
0.00
0.00
0.00
0.00
0.00
-1.37
-1.05
2.24
0.00
0.55
0.03
-6.91
-1.01
0.36
-0.89
-0.86
-0.76
-0.16
-4.25
0.00
-6.91
-1.47
-3.14
-1.38
1.39
-1.09
-0.06
-3.17
0.00
-0.48
0.83
-6.91
1.55
1.55
-6.91
0.00
-0.25
-0.30
-0.31
-0.07
-0.87
-0.55
-0.30
-0.26
-2.17
0.00
0.00
0.00
0.00
0.00
0.00
0.00
0.00
0.00
0.00
0.00
0.00
0.00
0.00
0.00
0.00
0.00
0.00
0.00
0.00
0.00
0.00
0.00
0.00
0.00
0.00
0.00
0.00
0.00
0.00
0.00
0.00
0.00
0.00
0.00
0.00
0.00
0.00
0.00
0.00
0.00
0.00
0.00
0.00
0.00
0.00
0.00
0.00
0.00
0.00
0.00
-1.30
-3.41
0.00
0.00
2.48
0.95
-2.98
-1.70
1.64
-6.91
-1.78
-0.38
-1.90
-0.55
0.00
-4.35
-2.95
0.38
-0.59
0.00
-2.65
3.71
-2.19
0.00
-1.54
1.83
-0.96
0.00
6.91
-1.69
0.00
-0.78
-1.00
-0.81
-0.91
-6.91
0.45
0.05
-0.34
-0.12
0.00
0.00
0.00
0.00
0.00
0.00
0.00
0.00
0.00
0.00
0.00
0.00
0.00
0.00
0.00
0.00
0.00
0.00
0.00
0.00
0.00
0.00
0.00
0.00
0.00
0.00
0.00
0.00
0.00
0.00
0.00
0.00
0.00
0.00
0.00
0.00
0.00
0.00
0.00
0.00
0.00
0.00
0.00
0.00
0.00
0.00
0.00
0.00
0.00
0.00
0.00
-0.00
-1.10
2.41
1.80
-1.35
-0.05
-0.29
-0.02
-0.76
-1.28
0.59
-6.91
-0.09
-0.59
6.91
-1.09
-0.26
-1.28
0.66
2.08
0.54
-0.55
-1.08
1.60
-0.03
0.03
-0.90
2.47
0.18
-1.01
3.05
-6.91
0.23
0.62
0.39
-0.92
-1.72
-1.98
-2.57
-1.10
0.00
0.00
0.00
0.00
0.00
0.00
0.00
0.00
0.00
0.00
0.00
0.00
0.00
0.00
0.00
0.00
0.00
0.00
0.00
0.00
0.00
0.00
0.00
0.00
0.00
0.00
0.00
0.00
0.00
0.00
0.00
0.00
0.00
0.00
0.00
0.00
0.00
0.00
0.00
0.00
0.00
0.00
0.00
0.00
0.00
0.00
0.00
0.00
0.00
0.00
0.00
0.42
0.08
4.54
6.91
0.32
0.61
-1.64
-1.13
-0.30
-0.20
-0.15
-6.91
0.00
-1.16
6.91
-0.94
-0.73
-2.30
0.49
0.69
-0.86
-0.17
-1.99
6.91
-0.79
-1.26
-1.79
4.94
0.51
-0.26
1.49
-1.64
1.22
0.35
1.34
-1.18
-1.24
-1.22
-0.96
-1.97
0.00
0.00
0.00
0.00
0.00
0.00
0.00
0.00
0.00
0.00
0.00
0.00
0.00
0.00
0.00
0.00
0.00
0.00
0.00
0.00
0.00
0.00
0.00
0.00
0.00
0.00
0.00
0.00
0.00
0.00
0.00
0.00
0.00
0.00
0.00
0.00
0.00
0.00
0.00
0.00
0.00
0.00
0.00
0.00
0.00
0.00
0.00
0.00
0.00
0.00
0.00
0.47
0.68
0.30
0.58
-0.62
-0.70
-1.62
0.30
-0.38
0.27
1.66
-1.57
1.15
0.00
1.43
0.17
-0.38
-1.31
1.21
0.41
0.21
-0.94
-0.22
0.31
-0.39
-0.22
-1.12
0.14
0.34
-0.20
1.26
-1.38
1.68
0.33
1.70
0.45
-6.91
-1.94
-1.17
-3.53
0.00
0.00
0.00
0.00
0.00
0.00
0.00
0.00
0.00
0.00
0.00
0.00
0.00
0.00
0.00
