0.00
0.00
0.00
0.00
0.00
0.00
0.00
0.00
0.00
0.00
0.00
0.00
0.00
0.00
0.00
0.00
0.00
0.00
-6.91
-1.36
0.00
1.73
-2.16
0.00
0.81
-0.52
-1.66
-0.40
0.00
-2.14
0.00
0.00
-0.25
-0.70
0.11
1.38
-6.91
-1.87
0.00
0.00
1.39
6.91
-0.39
-0.44
0.00
-1.14
-6.91
0.50
-1.42
-6.91
0.00
-0.49
-0.03
-0.45
-6.91
0.00
-0.95
1.79
-1.70
0.00
-0.55
1.44
-0.66
0.00
0.00
-1.42
0.00
-0.76
-0.43
-1.24
-2.37
-1.03
0.51
-0.60
-0.23
0.34
-2.70
0.00
3.03
-0.82
-3.45
0.00
0.00
1.63
-0.63
0.00
-1.11
-1.48
0.69
0.54
1.05
0.00
0.00
0.00
0.00
0.00
0.00
0.00
0.00
0.00
0.00
0.00
0.00
0.00
0.00
0.00
0.00
0.00
0.00
0.00
0.00
-1.82
-1.70
2.48
-1.00
-0.44
2.73
0.00
3.22
-2.04
0.00
-1.96
-0.55
1.99
0.00
1.80
0.33
0.00
0.00
-6.91
-6.13
-0.29
-0.05
1.36
0.00
-0.78
0.00
0.00
2.15
0.00
0.00
-6.91
0.00
0.00
6.91
0.00
-2.14
0.00
-0.84
0.00
-2.01
0.00
-1.10
3.89
-1.19
-1.68
0.00
-1.06
2.66
0.00
0.00
0.00
0.00
1.22
2.68
-0.04
2.97
0.00
-6.91
-0.49
0.00
0.00
-0.94
-0.83
-1.62
0.00
-0.37
6.91
0.00
1.76
1.24
0.51
0.00
0.00
0.00
0.00
0.00
0.00
0.00
0.00
0.00
0.00
0.00
0.00
0.00
0.00
0.00
0.00
0.00
0.00
0.00
0.00
-2.30
-0.91
0.00
-2.24
0.73
0.00
0.00
1.43
0.04
0.00
-1.95
-0.61
6.91
0.00
0.00
6.91
0.00
0.00
-2.43
-1.76
0.98
0.36
0.00
0.00
-0.00
0.00
0.00
6.91
0.00
0.00
-1.54
0.00
0.00
0.00
0.00
-2.17
0.00
-0.46
0.00
-1.71
0.00
0.15
0.00
-3.32
-0.43
0.00
-2.08
6.91
0.00
0.00
0.00
0.00
1.24
0.00
0.92
6.91
0.00
-0.83
-0.15
0.00
0.00
-3.28
-1.41
0.60
0.00
0.39
0.00
0.00
2.18
2.27
0.51
0.00
0.00
0.00
0.00
0.00
0.00
0.00
0.00
0.00
0.00
0.00
0.00
0.00
0.00
0.00
0.00
0.00
0.00
-3.61
-2.46
0.00
1.21
-0.50
0.00
0.98
-1.38
-0.90
-0.22
6.91
-1.32
0.00
0.00
0.15
-0.68
-0.06
-0.18
-0.81
-6.03
0.00
0.00
2.15
1.83
-0.57
-1.79
2.60
-1.01
-0.30
-1.02
-1.10
-1.52
0.00
-2.58
-2.11
-1.39
-2.77
0.00
-1.42
0.79
-1.60
0.00
-6.91
1.05
-0.12
0.00
1.02
-1.04
0.00
-0.78
-0.65
-0.69
-0.30
-1.96
0.06
-0.95
-0.64
-0.01
-0.80
0.00
1.34
-2.33
-6.91
0.00
0.00
3.69
-2.09
6.26
-0.52
-0.87
-0.83
0.10
-0.43
0.00
0.00
0.00
0.00
0.00
0.00
0.00
0.00
0.00
0.00
0.00
0.00
0.00
0.00
0.00
0.00
0.00
0.00
-1.67
-1.93
6.91
1.60
-6.91
0.00
1.22
-2.05
-1.68
-0.44
0.31
-1.08
0.00
0.00
-1.69
-0.96
-1.89
-0.10
-1.45
-0.71
1.48
0.00
1.15
0.53
-3.28
-1.90
2.06
-1.36
-0.60
-2.72
-1.78
-2.49
0.00
-0.88
-3.81
-0.97
-0.36
2.07
-1.81
1.18
-1.72
0.00
-0.95
0.39
-6.91
0.00
1.54
-2.64
0.00
-0.50
0.20
-1.17
-0.21
-3.21
-1.96
-0.96
0.04
-1.66
-1.51
1.73
1.22
-1.52
-0.52
0.00
0.00
1.10
-1.45
2.18
-1.93
-2.82
-0.45
-2.04
0.12
0.00
0.00
0.00
0.00
0.00
0.00
0.00
0.00
0.00
0.00
0.00
0.00
0.00
0.00
0.00
0.00
0.00
0.00
-0.42
-1.75
0.00
0.30
-1.37
0.00
-0.06
-0.53
-6.91
-0.98
0.85
-2.07
0.00
0.00
-0.36
-1.24
-0.86
-0.75
-2.90
-6.91
0.00
0.00
0.62
1.77
-2.92
-1.30
0.66
-3.34
0.30
-0.92
-0.98
-1.32
0.00
-1.88
-0.45
-0.69
-1.15
0.00
-1.07
1.67
-2.04
0.00
-1.33
1.21
-0.67
0.00
0.84
-2.76
0.00
-0.48
-0.96
-0.37
-1.17
-1.42
-0.87
-0.86
0.01
-0.59
-0.77
0.00
0.45
-1.17
-1.33
0.00
0.00
1.33
-6.91
0.61
-3.07
-4.08
-0.67
-0.51
-1.07
0.00
0.00
0.00
0.00
0.00
0.00
0.00
0.00
0.00
0.00
0.00
0.00
0.00
0.00
0.00
0.00
0.00
0.00
1.79
0.92
-0.28
-3.24
1.19
-0.08
-4.43
0.35
0.95
0.17
-1.52
1.73
-1.05
0.60
0.60
0.00
0.85
0.13
6.91
3.05
-1.67
0.27
-1.67
-1.34
1.72
0.62
-6.91
3.22
0.00
-0.58
0.00
2.18
0.40
0.73
2.10
0.81
0.00
-1.56
1.42
-1.40
0.67
-0.18
0.53
-2.58
0.44
-0.53
-1.07
1.70
0.13
-0.11
0.00
0.00
0.00
1.95
-0.91
0.85
0.25
0.03
0.00
-0.17
-3.10
1.64
6.91
-0.56
-0.69
-6.91
1.34
-2.74
-0.00
1.68
-0.89
0.68
-1.23
0.00
0.00
0.00
0.00
0.00
0.00
0.00
0.00
0.00
0.00
0.00
0.00
0.00
0.00
0.00
0.00
0.00
0.00
1.41
2.64
-1.14
-6.91
0.99
0.73
-1.39
0.45
0.28
-0.74
-0.81
0.31
0.08
0.51
-0.30
0.00
-0.22
-0.91
1.83
0.70
-1.14
-0.33
-6.91
-1.78
0.71
0.18
-6.91
1.18
0.00
-0.04
6.91
0.85
-0.08
0.78
0.76
-0.45
1.29
0.14
6.91
-6.91
0.94
-0.71
0.38
-3.00
1.29
-0.64
-1.34
0.80
-0.63
-0.56
0.00
2.44
0.00
1.83
-0.79
-0.99
-0.86
-1.02
1.32
-1.33
-1.98
1.20
2.28
0.80
0.66
-3.58
0.61
-2.64
-0.08
1.03
-1.13
0.51
-0.31
0.00
0.00
0.00
0.00
0.00
0.00
0.00
0.00
0.00
0.00
0.00
0.00
0.00
0.00
0.00
0.00
0.00
0.00
-0.09
-2.09
6.91
1.13
-1.22
0.00
0.21
-1.22
-2.15
-0.79
0.64
-2.53
2.43
0.00
-0.49
0.44
-1.08
-1.83
-0.06
-2.40
2.62
0.00
-0.37
0.63
-6.91
-1.69
1.25
-3.74
-0.30
-1.99
-0.11
-0.63
0.00
-0.87
-2.17
-0.75
-0.93
3.23
-1.53
0.19
-6.91
0.00
-1.21
0.84
-6.91
6.91
0.93
-1.51
0.00
-0.75
-0.66
-1.36
-0.22
-1.60
-1.48
-0.97
-0.52
-2.23
0.26
2.52
-0.54
-6.91
0.01
0.00
0.00
0.95
-1.14
1.80
-3.11
-0.26
-0.49
-0.49
-0.88
0.00
0.00
0.00
0.00
0.00
0.00
0.00
0.00
0.00
0.00
0.00
0.00
0.00
0.00
0.00
0.00
0.00
0.00
0.00
3.67
-0.76
-3.73
3.08
0.13
-4.74
1.46
3.31
0.70
-6.91
2.60
-0.99
0.29
0.59
0.00
0.32
-0.65
0.00
3.32
-0.19
-0.51
-1.20
-6.91
0.51
1.99
-2.77
1.52
0.00
-0.49
0.00
6.91
-0.67
1.57
0.81
0.95
0.00
-1.17
6.91
-6.91
0.94
-1.48
0.94
-0.83
0.93
-0.19
-6.91
3.00
-1.14
-0.23
0.00
0.00
0.00
5.85
-0.17
-0.24
-0.20
0.37
0.00
-1.84
-2.05
0.54
0.00
-0.55
-0.79
-6.91
1.78
-1.73
3.52
2.06
-0.47
0.25
-0.75
0.00
0.00
0.00
0.00
0.00
0.00
0.00
0.00
0.00
0.00
0.00
0.00
0.00
0.00
0.00
0.00
0.00
0.00
-0.81
-0.27
6.91
0.57
-1.44
5.11
0.05
-2.66
-2.48
-1.31
0.94
-1.13
6.91
0.00
-6.91
-0.38
-2.60
-0.61
-0.11
-1.40
1.17
6.91
-1.12
0.61
-0.50
-1.24
0.13
-0.15
1.27
-1.59
0.16
-0.64
2.02
-1.18
-0.43
-3.54
0.02
6.91
-0.15
0.75
-1.34
6.91
-1.86
-0.82
-1.31
1.03
0.61
-0.05
6.91
-6.91
0.81
-0.64
0.70
-0.94
-1.16
-1.81
-0.57
-6.91
-0.39
0.93
-1.38
-1.27
-0.74
3.25
6.91
-0.29
-0.48
-0.05
-2.49
-0.62
-1.09
-2.00
-2.95
0.00
0.00
0.00
0.00
0.00
0.00
0.00
0.00
0.00
0.00
0.00
0.00
0.00
0.00
0.00
0.00
0.00
0.00
-2.36
-6.91
0.00
1.08
-1.88
0.00
1.64
-1.56
-1.18
-1.38
6.91
-2.29
0.00
0.00
-0.19
-0.51
-0.27
0.20
-0.61
-6.91
0.00
0.00
1.77
2.73
-2.04
-1.78
1.20
-4.15
-0.05
-0.07
-0.83
-1.39
0.00
-2.34
-1.22
-1.03
-2.01
0.00
-1.27
1.21
-6.91
0.00
-0.96
2.22
-1.41
0.00
3.26
-1.86
0.00
-0.16
-0.77
-0.53
-0.76
-6.91
-0.41
-0.20
-1.04
-0.75
-0.80
0.00
1.50
-1.42
-1.29
0.00
0.00
2.97
-5.22
1.08
-3.64
-3.57
0.14
-0.76
0.66
0.00
0.00
0.00
0.00
0.00
0.00
0.00
0.00
0.00
0.00
0.00
0.00
0.00
0.00
0.00
0.00
0.00
0.00
-6.91
-1.43
0.00
1.88
-0.50
0.00
1.52
-1.73
-0.77
0.52
0.00
-1.94
0.00
0.00
0.99
-1.89
0.13
-0.35
-0.70
-0.55
0.00
0.00
1.55
6.91
-1.13
-1.02
0.00
-1.00
-1.35
0.91
-1.84
-1.52
0.00
-3.75
-0.56
-0.02
-3.56
0.00
-6.91
2.34
-1.12
0.00
-1.08
2.44
-1.19
0.00
0.00
-0.64
0.00
-0.47
-1.67
-2.62
-2.91
-0.90
-0.29
-0.38
0.93
-0.33
-1.42
0.00
2.55
-0.30
-2.87
0.00
0.00
1.83
-0.60
0.00
-1.20
-1.96
0.21
0.51
0.37
0.00
0.00
0.00
0.00
0.00
0.00
0.00
0.00
0.00
0.00
0.00
0.00
0.00
0.00
0.00
0.00
0.00
0.00
-0.10
-0.61
2.67
0.17
-1.38
2.21
-1.29
-2.17
-0.60
-1.16
0.10
-0.36
0.88
5.01
-3.14
0.81
-6.91
-2.73
-0.59
-0.01
0.79
6.91
-0.14
-0.16
-3.16
-1.68
-0.32
-1.28
1.67
-2.87
0.57
-1.34
1.61
-0.42
-0.99
-1.96
-0.34
0.95
-0.45
0.41
-0.66
3.15
-0.54
0.12
-3.03
1.72
-0.03
-1.69
2.65
-1.77
-0.05
-0.48
0.21
-1.06
-2.97
-6.91
-6.91
-2.72
0.67
1.86
-0.59
-2.66
0.28
0.87
6.91
-1.02
-0.18
0.20
-0.33
-0.11
-6.91
-1.76
-3.16
0.00
0.00
0.00
0.00
0.00
0.00
0.00
0.00
0.00
0.00
0.00
0.00
0.00
0.00
0.00
0.00
0.00
0.00
0.00
0.00
-1.33
-0.33
0.00
-1.75
0.38
0.00
0.00
1.37
0.36
0.00
-2.58
-5.74
6.91
0.00
0.00
4.33
0.00
0.00
-2.18
-0.94
0.58
-0.64
0.00
0.00
-0.05
0.00
0.00
1.16
0.00
0.00
-1.22
0.00
0.00
0.00
0.00
-1.74
0.00
0.61
0.00
-1.22
0.00
0.29
0.00
-1.20
-0.48
0.00
-1.05
2.92
0.00
0.00
0.00
0.00
1.83
0.00
2.20
6.91
0.00
-1.42
1.45
0.00
0.00
-0.82
-1.13
0.00
0.00
-0.25
0.00
0.00
6.91
0.00
1.73
0.00
0.00
0.00
0.00
0.00
0.00
0.00
0.00
0.00
0.00
0.00
0.00
0.00
0.00
0.00
0.00
0.00
0.00
-6.91
-6.91
0.00
2.09
-1.76
0.00
1.41
-1.23
-6.91
-1.24
6.91
-2.06
0.00
0.00
-0.91
-1.86
-0.97
-0.03
-0.79
-1.93
0.00
0.00
1.03
1.63
-0.99
-1.08
1.37
-1.31
-0.47
-0.99
-0.65
-3.04
0.00
-4.17
-3.55
-1.16
-0.59
0.00
-1.45
0.81
-1.17
0.00
-6.91
0.31
-2.33
0.00
6.91
-2.91
0.00
-1.52
-0.44
-6.91
-0.07
-1.19
0.23
-0.16
-0.18
-1.22
-1.18
0.00
1.89
-3.47
-0.94
0.00
0.00
1.54
-1.29
6.91
-0.63
-3.24
-1.17
-1.61
0.61
0.00
0.00
0.00
0.00
0.00
0.00
0.00
0.00
0.00
0.00
0.00
0.00
0.00
0.00
0.00
0.00
0.00
0.00
1.14
-0.93
1.84
-0.41
-0.25
1.63
-0.35
-0.23
-0.06
-3.91
-0.44
-0.28
1.91
1.77
-6.91
0.47
-6.91
-6.91
0.96
0.02
0.24
1.69
-0.34
-0.45
-1.28
-1.18
-0.80
-0.76
0.86
-1.40
0.74
-0.89
3.46
-0.30
-0.90
-3.17
0.39
2.23
0.60
-1.02
-1.65
6.91
-0.45
-0.11
-0.88
1.20
0.13
-0.41
1.05
-0.80
0.40
0.30
1.71
-0.17
-6.91
-1.67
-2.78
-2.42
0.72
0.86
-1.12
-1.10
0.55
2.94
6.91
-0.26
-0.67
-0.91
-1.39
0.07
-6.91
-0.65
-6.91
0.00
0.00
0.00
0.00
0.00
0.00
0.00
0.00
0.00
0.00
0.00
0.00
0.00
0.00
0.00
0.00
0.00
0.00
0.00
0.00
-6.91
-0.07
0.00
-1.52
-0.99
6.91
0.00
6.91
-1.26
0.00
-6.91
-4.08
1.63
0.00
1.62
0.80
0.00
0.00
-6.91
-1.33
-0.35
-1.08
1.61
0.00
-0.77
0.00
0.00
3.86
0.00
0.00
-2.21
0.00
0.00
0.92
0.00
-3.84
0.00
0.30
0.00
-2.28
0.00
-0.75
6.91
-6.91
-0.54
0.00
-4.92
6.91
0.00
0.00
0.00
0.00
1.14
4.37
-0.03
6.91
0.00
-1.43
-0.03
0.00
0.00
-0.71
-1.90
0.16
0.00
-1.16
1.55
0.00
2.91
0.90
0.24
-2.27
0.00
0.00
-3.53
-2.04
-2.66
6.91
1.97
-0.38
0.00
0.38
-1.33
-1.70
0.38
0.00
-2.03
-0.14
0.00
0.00
0.00
0.00
0.00
0.00
0.00
0.00
0.00
0.00
0.00
0.00
0.00
0.00
0.00
0.00
0.00
0.00
0.00
-1.91
-1.83
0.00
0.00
1.07
1.82
-1.17
-0.88
0.00
-3.59
-1.18
0.28
-6.91
-6.91
0.00
-1.81
-1.38
0.49
-6.91
0.00
-1.42
6.91
-1.57
0.00
-2.06
6.91
-0.61
0.00
0.00
-1.01
0.00
-0.55
-1.71
-1.69
-1.76
-2.21
1.04
-0.91
-0.21
-0.79
-1.26
0.00
2.70
-0.32
-6.91
0.00
0.00
6.91
-0.91
0.00
-1.98
-1.93
0.81
-0.71
1.05
-1.42
0.00
0.00
-2.42
-0.52
-6.91
1.78
1.01
-0.47
6.91
-0.06
-1.43
-1.01
-0.06
0.00
-3.84
0.58
0.00
0.00
0.00
0.00
0.00
0.00
0.00
0.00
0.00
0.00
0.00
0.00
0.00
0.00
0.00
0.00
0.00
0.00
0.00
-4.65
-2.38
0.00
0.00
1.26
1.10
-0.48
-1.38
1.91
-1.60
-0.18
-0.65
-1.20
-1.50
0.00
-0.81
-1.84
-0.80
-2.30
0.00
-2.68
0.71
-4.22
0.00
-6.91
2.17
-0.45
0.00
2.26
-6.91
0.00
-0.41
-0.44
-1.92
-1.23
-1.24
0.37
-0.43
0.61
-0.10
-1.63
0.00
1.87
-0.99
-3.41
0.00
0.00
2.60
-6.91
1.12
-1.43
-2.15
-0.51
-0.42
0.26
0.00
-3.35
-1.07
0.00
6.91
0.00
-0.96
-0.12
6.91
-1.49
1.80
0.00
0.00
0.98
-1.22
0.00
0.18
-6.91
0.00
0.00
0.00
0.00
0.00
0.00
0.00
0.00
0.00
0.00
0.00
0.00
0.00
0.00
0.00
0.00
0.00
0.00
0.00
0.00
-1.42
-0.89
-0.28
-0.98
6.91
0.00
-0.34
0.00
0.00
2.11
0.00
0.00
-1.06
0.00
0.00
1.62
0.00
-2.02
0.00
0.01
0.00
-6.91
0.00
0.13
1.86
-1.51
-1.88
0.00
-1.90
3.70
0.00
0.00
0.00
0.00
0.62
2.16
1.61
0.54
0.00
-6.91
-0.46
0.00
0.00
-1.27
-2.36
0.20
0.00
-1.04
6.91
0.00
2.69
1.91
0.29
6.91
-0.86
0.34
6.91
0.48
0.73
-1.50
-1.20
-0.17
-3.20
0.80
3.76
6.91
0.04
-0.04
1.69
-0.09
-1.15
0.00
0.00
0.00
0.00
0.00
0.00
0.00
0.00
0.00
0.00
0.00
0.00
0.00
0.00
0.00
0.00
0.00
0.00
6.91
1.94
0.01
0.21
-6.91
-6.91
0.62
0.67
-1.80
1.06
0.00
0.54
0.00
2.29
-0.35
0.94
0.40
-0.45
0.00
-0.43
2.10
-3.13
0.52
-1.07
2.10
-2.56
0.74
-1.00
-1.08
1.30
-0.62
0.35
0.00
0.00
0.00
1.49
-0.67
0.67
-0.08
0.67
0.00
-0.57
-1.26
1.58
6.91
-0.33
-0.53
-1.40
0.56
-6.91
0.80
6.91
-1.04
-0.57
-0.34
-0.82
6.91
0.00
-0.68
-6.91
-1.43
0.18
-0.01
-6.91
2.37
-1.20
-2.10
-0.19
-0.72
0.00
-1.60
-2.06
0.00
0.00
0.00
0.00
0.00
0.00
0.00
0.00
0.00
0.00
0.00
0.00
0.00
0.00
0.00
0.00
0.00
0.00
0.00
-1.94
-1.88
2.57
0.00
-0.42
0.79
-1.21
-2.50
0.24
-1.94
0.30
-1.04
-0.59
-1.03
0.00
-3.67
-6.91
-0.83
-0.31
6.91
-0.99
1.89
-6.91
0.00
-1.48
1.15
-2.98
0.00
1.83
-6.91
0.00
-2.19
-0.81
-0.69
-0.58
-0.81
-0.27
-2.21
-0.02
-1.72
-0.05
4.07
-0.43
-6.91
-0.62
0.00
0.00
1.58
-4.04
0.17
-6.91
-0.52
-0.60
-1.57
-1.70
0.00
-3.64
-2.85
0.00
0.00
0.00
-0.18
0.03
0.00
-0.38
1.43
0.00
0.00
1.06
-1.43
0.00
0.84
-1.32
0.00
0.00
0.00
0.00
0.00
0.00
0.00
0.00
0.00
0.00
0.00
0.00
0.00
0.00
0.00
0.00
0.00
0.00
0.00
0.00
-1.76
-1.37
-0.03
0.42
0.00
0.00
-0.26
0.00
0.00
6.91
0.00
0.00
-3.61
0.00
0.00
0.00
0.00
-1.47
0.00
0.06
0.00
-6.91
0.00
0.88
0.00
-3.22
-0.72
0.00
-1.15
6.91
0.00
0.00
0.00
0.00
6.91
0.00
1.32
4.97
0.00
-2.28
1.14
0.00
0.00
-1.62
-1.08
0.73
0.00
0.33
0.00
0.00
1.74
6.91
2.80
1.41
0.10
-0.31
0.35
1.17
0.14
-6.91
-2.96
-0.04
-2.67
-1.18
0.17
0.90
0.15
1.35
0.25
-1.84
-0.34
0.00
0.00
0.00
0.00
0.00
0.00
0.00
0.00
0.00
0.00
0.00
0.00
0.00
0.00
0.00
0.00
0.00
0.00
1.56
3.08
-0.21
0.37
-2.33
-2.75
-0.37
0.58
-0.73
1.83
0.00
0.11
2.65
0.84
0.14
2.09
1.52
-0.00
1.92
-0.20
0.94
-2.38
-0.01
-0.31
0.59
-6.91
0.60
-0.94
-1.62
1.92
1.07
0.25
0.00
6.91
0.00
1.39
-0.16
0.25
-1.26
-0.62
1.49
-0.33
-1.79
-0.28
2.89
0.38
-0.49
-6.91
0.64
-4.90
1.03
2.90
-0.42
0.25
-1.74
-1.41
6.91
0.00
-0.97
-1.63
-1.78
-0.05
-0.29
-1.30
0.71
-2.39
-1.00
-0.86
-1.45
0.00
-0.34
-1.19
6.91
0.00
0.00
0.00
0.00
0.00
0.00
0.00
0.00
0.00
0.00
0.00
0.00
0.00
0.00
0.00
0.00
0.00
0.00
0.23
-1.88
2.10
0.00
0.48
-0.04
-3.62
-0.83
0.41
-0.86
0.23
-1.69
-0.81
-0.64
0.00
-1.73
-6.91
-1.56
-0.07
2.89
-0.78
0.94
-1.16
0.00
-0.56
0.26
-1.93
2.30
0.73
-2.39
0.00
-1.33
0.09
-1.39
-0.28
-1.25
-0.49
-0.25
-0.81
-1.20
-0.60
1.61
-0.10
-1.56
-0.57
0.00
0.00
1.46
-2.60
0.88
-6.91
-0.51
-2.03
-0.36
-0.89
-1.74
0.00
0.00
-6.91
-6.91
-6.91
1.56
0.36
-1.82
0.74
-2.72
-6.91
-2.28
-0.33
0.00
-2.59
-0.98
0.00
0.00
0.00
0.00
0.00
0.00
0.00
0.00
0.00
0.00
0.00
0.00
0.00
0.00
0.00
0.00
0.00
0.00
0.00
-1.88
-6.91
0.00
0.00
1.20
2.35
-2.72
-1.86
2.11
-6.91
-0.28
-0.99
-2.11
-2.98
0.00
-3.08
-0.83
-0.33
-2.51
0.00
-1.45
2.60
-1.47
0.00
-1.80
0.36
-0.68
0.00
6.91
-4.24
0.00
-1.39
-1.14
-0.70
-0.22
-1.20
-1.62
-0.75
-1.08
-1.80
-0.52
0.00
0.92
-2.97
-2.28
0.00
0.00
1.23
-1.39
1.38
-4.55
-1.52
-0.70
-0.80
-0.45
0.62
2.92
1.79
-0.83
-2.43
-0.04
0.06
0.25
-2.32
0.67
-3.12
-0.85
-0.16
-2.52
6.91
-0.59
-1.36
3.90
0.00
0.00
0.00
0.00
0.00
0.00
0.00
0.00
0.00
0.00
0.00
0.00
0.00
0.00
0.00
0.00
0.00
0.00
-0.29
-0.60
0.99
1.75
-1.57
-0.59
-1.20
-0.38
-0.09
-0.07
1.61
-6.91
1.16
-0.12
6.91
0.35
-1.15
-6.91
0.12
0.94
-0.71
-0.72
-2.51
6.91
0.03
-0.04
-0.25
4.57
-0.46
-0.66
1.53
-1.69
0.88
1.10
0.97
-0.00
-3.31
-6.91
-1.25
-6.91
-0.20
2.13
-0.34
-1.54
-0.15
2.88
6.91
-0.24
-0.88
0.50
-1.15
-0.26
-6.91
-1.90
-0.67
0.00
-1.04
-1.04
6.91
1.65
2.98
-6.91
-6.91
2.05
-4.10
0.56
6.91
0.00
0.06
-0.79
6.91
0.38
-1.13
0.00
0.00
0.00
0.00
0.00
0.00
0.00
0.00
0.00
0.00
0.00
0.00
0.00
0.00
0.00
0.00
0.00
0.00
0.00
6.91
-1.92
-0.01
-2.58
-6.91
1.97
1.73
-6.91
6.91
0.00
0.83
0.00
1.47
0.13
1.95
2.19
1.21
0.00
-1.16
6.91
-6.91
3.13
0.09
1.00
-1.37
2.34
-1.23
-1.98
6.91
-0.15
0.49
0.00
0.00
0.00
1.48
-0.12
0.74
-1.03
1.00
0.00
-0.52
-1.05
0.69
6.91
-0.07
-0.78
-2.75
1.93
-6.91
0.83
1.59
-0.62
0.62
0.38
-1.58
0.00
0.00
-2.82
-5.02
-3.48
1.81
0.36
-3.74
0.94
-0.45
-6.91
-2.18
-0.03
0.00
-1.12
-0.51
0.00
0.00
0.00
0.00
0.00
0.00
0.00
0.00
0.00
0.00
0.00
0.00
0.00
0.00
0.00
0.00
0.00
0.00
0.00
-0.77
-2.12
0.00
0.00
0.29
0.57
-2.86
-2.69
2.52
-2.10
-0.29
-0.25
-2.69
-2.89
0.00
-1.50
-6.91
-1.57
-2.86
0.00
-6.91
1.40
-6.91
0.00
-3.06
0.44
-0.76
0.00
1.43
-2.19
0.00
-0.15
-0.20
-0.69
-1.09
-1.06
-1.40
-1.37
-0.68
-1.56
-4.22
0.00
1.46
-2.10
-6.91
0.00
0.00
2.24
-1.07
2.07
-1.10
-1.07
-1.41
-0.10
-0.54
0.00
-6.91
-2.44
0.00
0.00
0.00
-0.08
-0.50
1.99
-1.16
1.91
0.00
0.00
1.22
-1.15
0.00
1.40
-6.91
0.00
0.00
0.00
0.00
0.00
0.00
0.00
0.00
0.00
0.00
0.00
0.00
0.00
0.00
0.00
0.00
0.00
0.00
0.00
0.00
-6.91
-1.86
0.62
-0.43
6.91
0.00
-1.51
0.00
0.00
2.55
0.00
0.00
-0.87
0.00
0.00
1.06
0.00
-1.59
0.00
-0.43
0.00
-2.76
0.00
-0.49
2.96
-6.91
-0.28
0.00
-4.54
3.16
0.00
0.00
0.00
0.00
0.80
0.90
2.03
0.80
0.00
-5.51
-0.22
0.00
0.00
-2.88
-1.47
-1.06
0.00
-0.59
1.84
0.00
3.71
6.91
-0.07
0.00
-1.76
-0.92
0.00
0.00
0.00
-0.02
0.39
0.00
-0.24
0.00
0.00
0.00
1.59
-6.91
0.00
3.63
-1.07
0.00
0.00
0.00
0.00
0.00
0.00
0.00
0.00
0.00
0.00
0.00
0.00
0.00
0.00
0.00
0.00
0.00
0.00
0.00
0.00
-1.62
-1.72
1.06
-0.63
0.00
0.00
0.23
0.00
0.00
6.91
0.00
0.00
-1.81
0.00
0.00
0.00
0.00
-0.87
0.00
0.70
0.00
-1.92
0.00
0.14
0.00
-1.82
-0.88
0.00
-0.94
1.64
0.00
0.00
0.00
0.00
3.07
0.00
1.33
2.10
0.00
-1.72
0.89
0.00
0.00
-1.23
-3.39
-0.56
0.00
0.36
0.00
0.00
6.91
0.00
0.66
0.47
0.66
6.91
-0.49
-1.01
-1.60
0.62
-0.46
-0.87
0.45
-1.38
-1.19
-0.00
-6.91
6.91
-1.00
-1.82
0.38
0.00
0.00
0.00
0.00
0.00
0.00
0.00
0.00
0.00
0.00
0.00
0.00
0.00
0.00
0.00
0.00
0.00
0.00
0.95
-0.24
1.34
6.91
0.05
0.18
-0.42
-0.23
-0.66
-1.14
-0.03
-6.91
0.71
-0.02
2.46
-0.62
-1.78
-6.91
1.00
1.57
0.33
0.01
-1.00
0.83
-0.59
0.21
-1.07
1.46
0.37
-0.50
3.64
-6.91
1.19
0.11
0.78
-0.12
-1.28
-1.01
-1.16
-1.60
-0.21
0.27
-0.60
-1.22
-0.03
1.43
6.91
-0.15
-1.17
0.75
-2.22
-0.24
-3.07
-1.86
-6.91
-1.97
0.00
0.00
-2.18
-0.41
-0.70
0.00
0.00
-0.68
0.00
1.24
-1.49
-1.67
-0.04
0.00
-0.61
1.30
0.00
0.00
0.00
0.00
0.00
0.00
0.00
0.00
0.00
0.00
0.00
0.00
0.00
0.00
0.00
0.00
0.00
0.00
0.00
-3.10
-0.84
0.00
0.00
0.00
0.00
-0.17
-0.34
0.00
-0.48
-1.98
0.25
-1.44
-1.44
0.00
-0.41
-0.07
-0.20
-0.96
0.00
-0.35
0.00
-0.48
0.00
-1.65
0.00
0.11
0.00
0.00
-0.01
0.00
0.64
-2.02
-0.92
-1.29
-1.83
0.59
0.12
2.49
0.31
-2.79
0.00
1.72
0.02
-0.60
0.00
0.00
0.00
-0.25
0.00
0.08
-0.14
0.92
-0.26
0.75
0.51
1.29
0.00
-0.75
-0.79
-1.02
-0.03
0.41
-2.18
1.50
-6.91
-0.95
-0.05
-1.83
0.00
-1.36
-0.66
1.43
0.00
0.00
0.00
0.00
0.00
0.00
0.00
0.00
0.00
0.00
0.00
0.00
0.00
0.00
0.00
0.00
0.00
0.00
0.23
0.00
2.94
1.63
-0.45
0.71
-1.10
-0.83
0.63
-0.08
0.60
-6.91
0.63
-0.62
6.91
-0.22
-0.04
-1.73
0.22
2.27
0.13
0.51
-1.28
4.97
-1.59
0.07
-2.06
1.21
0.12
-1.26
1.47
-6.91
1.05
-0.80
-0.01
-0.32
-2.12
-6.91
-1.05
-1.49
0.70
1.50
-0.69
-1.05
0.17
6.91
6.91
-0.37
-0.96
0.02
-0.57
-0.47
-6.91
-2.09
-0.64
-0.15
0.02
2.54
0.01
-0.55
-0.70
-0.83
-1.95
-1.13
-0.23
-0.73
-0.96
-0.16
-0.82
0.70
0.04
-4.39
1.13
0.00
0.00
0.00
0.00
0.00
0.00
0.00
0.00
0.00
0.00
0.00
0.00
0.00
0.00
0.00
0.00
0.00
0.00
0.74
-0.29
1.30
1.74
-0.64
-0.08
-1.24
0.58
-0.74
0.47
0.79
-0.87
0.15
0.69
1.44
0.07
-1.18
-0.91
0.33
0.20
0.22
-1.57
-0.25
0.63
-0.61
-0.56
-0.08
-0.07
-0.76
-0.45
4.21
-1.78
1.05
0.91
1.08
-0.36
-3.60
-0.23
-2.04
-1.27
0.86
0.34
-1.09
-0.07
-0.47
2.81
1.22
-0.21
0.53
-1.04
-0.30
0.06
-0.96
-1.99
-4.21
-1.78
0.00
0.00
-1.48
-0.02
-1.08
6.91
4.53
0.20
0.00
-0.15
-1.04
-6.91
-0.26
0.00
-1.53
0.23
0.00
-6.91
-0.94
0.00
2.02
-2.07
0.00
2.83
-0.26
-1.16
-0.42
0.00
-2.51
0.00
0.00
-0.08
-0.90
-0.27
1.48
0.00
0.00
0.00
0.00
0.00
0.00
0.00
0.00
0.00
0.00
0.00
0.00
0.00
0.00
0.00
0.00
0.00
0.00
-1.51
0.00
-3.07
1.70
-0.36
0.00
-0.85
2.52
-0.54
0.00
0.00
-0.91
0.00
0.04
-2.42
-6.91
-2.53
-2.35
0.18
-0.19
0.93
-0.11
-6.91
0.00
1.44
-1.29
-1.37
0.00
0.00
2.92
-1.96
0.00
-0.08
-1.86
-0.62
-0.08
0.42
-2.37
0.00
0.00
-2.20
-4.09
-1.71
2.27
1.45
-1.01
3.01
-0.89
-6.91
-1.37
0.30
0.00
-3.40
-0.29
0.00
-2.47
-6.91
0.00
1.06
-0.40
0.00
0.51
-0.49
-1.24
0.48
2.26
-2.98
0.00
0.00
0.09
-1.77
-1.58
0.54
0.00
0.00
0.00
0.00
0.00
0.00
0.00
0.00
0.00
0.00
0.00
0.00
0.00
0.00
0.00
0.00
0.00
0.00
-2.24
0.00
-1.40
1.25
-0.79
0.00
-2.45
1.38
-1.68
0.00
1.32
-2.63
0.00
-1.18
-0.86
-0.69
-2.02
-0.56
-0.01
-0.80
-0.37
-0.21
-1.92
0.00
1.40
-2.26
-1.93
0.00
0.00
2.57
-1.78
1.63
-0.97
-1.79
0.50
-1.26
1.02
0.00
-1.45
-1.81
0.00
6.91
0.00
-0.01
-0.31
1.10
-0.21
0.63
0.00
0.00
2.03
-1.48
0.00
1.00
-6.91
0.00
0.00
-6.91
-0.50
4.16
-2.46
0.27
2.24
0.00
0.50
-1.43
0.00
-6.91
-0.79
0.85
0.00
2.20
0.45
0.00
0.00
0.00
0.00
0.00
0.00
0.00
0.00
0.00
0.00
0.00
0.00
0.00
0.00
0.00
0.00
0.00
0.00
0.00
-2.11
0.00
-1.03
0.00
-0.93
0.00
-0.05
2.45
-1.16
-1.66
0.00
-3.04
4.41
0.00
0.00
0.00
0.00
1.39
4.61
1.06
1.07
0.00
-1.78
-0.05
0.00
0.00
-2.18
-1.08
-0.27
0.00
-1.14
1.93
0.00
0.55
1.59
0.92
0.00
-1.31
-2.51
0.00
0.00
0.00
0.04
0.48
0.00
-1.45
6.91
0.00
0.00
1.13
-1.16
0.00
1.11
-0.50
0.00
0.00
-1.23
-0.39
0.00
-1.74
-0.47
0.00
0.00
3.33
-0.78
0.00
-1.60
-0.94
6.91
0.00
1.53
3.10
0.00
0.00
0.00
0.00
0.00
0.00
0.00
0.00
0.00
0.00
0.00
0.00
0.00
0.00
0.00
0.00
0.00
0.00
0.00
-0.62
0.00
-0.65
0.00
-6.91
0.00
-0.44
0.00
-4.63
0.22
0.00
-6.91
1.68
0.00
0.00
0.00
0.00
1.48
0.00
2.08
6.91
0.00
-2.42
1.04
0.00
0.00
-6.91
-1.53
-0.63
0.00
-0.78
0.00
0.00
0.94
1.68
2.40
4.85
-0.28
1.21
1.29
0.52
0.08
-6.91
-6.91
-0.57
-1.10
-1.12
0.84
6.91
-1.27
1.42
0.52
-0.26
-0.95
2.67
2.32
-0.67
-1.06
-0.20
0.68
-1.87
-0.35
0.20
-1.15
-1.38
1.88
0.37
0.16
-0.87
0.00
-0.87
-1.13
0.00
0.00
0.00
0.00
0.00
0.00
0.00
0.00
0.00
0.00
0.00
0.00
0.00
0.00
0.00
0.00
0.00
0.00
0.88
-0.31
0.50
-2.44
0.17
-0.62
1.19
-2.14
1.20
0.00
-1.26
0.21
0.45
-1.37
0.00
4.09
0.00
1.63
-0.88
0.56
-1.19
-0.11
1.34
-0.72
-6.91
0.36
2.13
-0.02
-0.07
-2.14
0.52
-6.91
0.03
2.61
-0.87
-1.12
-0.27
6.91
-0.92
-0.12
2.20
1.03
0.91
-6.91
-6.91
0.64
-6.91
-0.58
3.36
6.91
0.28
0.47
6.91
-0.36
0.20
3.66
2.62
-0.12
-2.01
0.40
-0.40
-1.33
0.40
1.25
-0.04
-4.04
1.73
-0.35
0.83
-0.43
0.00
0.45
-0.78
0.00
0.00
0.00
0.00
0.00
0.00
0.00
0.00
0.00
0.00
0.00
0.00
0.00
0.00
0.00
0.00
0.00
0.00
0.00
-0.79
6.91
-2.65
0.52
-0.17
0.33
-0.94
0.42
-0.48
-1.04
2.52
-0.19
-0.66
0.00
6.91
0.00
2.62
-0.87
0.33
-0.61
0.10
0.00
-0.43
-6.91
0.99
1.25
-0.87
0.38
-6.91
2.89
-3.32
0.64
1.50
-0.09
0.77
-1.60
-0.62
1.81
0.00
-1.56
-6.91
-0.88
0.02
0.98
-6.91
1.47
-0.42
-2.36
-1.75
-0.65
0.00
-0.56
-1.91
1.34
-0.43
-1.29
3.73
0.39
-6.91
0.00
0.37
-6.91
-1.38
-1.03
2.30
-2.01
2.56
0.00
-0.93
0.05
-2.23
-0.05
0.00
0.00
0.00
0.00
0.00
0.00
0.00
0.00
0.00
0.00
0.00
0.00
0.00
0.00
0.00
0.00
0.00
0.00
0.10
2.53
-1.08
0.07
-1.45
0.00
-0.50
1.22
-1.82
2.44
0.62
-0.93
0.00
-1.22
1.00
-0.56
0.23
-3.44
-1.79
-0.42
-0.25
-0.35
-1.02
4.29
1.02
-0.89
-1.59
0.00
0.00
0.28
-3.34
0.52
-6.91
-0.63
-1.67
-0.44
-0.11
-0.44
0.00
0.00
-6.91
-1.22
-6.91
1.53
1.53
-1.37
3.26
-0.90
-2.53
-0.82
-1.07
0.00
-2.20
0.16
0.00
-3.75
-0.97
0.00
2.24
-0.95
0.00
0.24
-1.64
-6.91
-2.02
2.02
-3.86
0.00
0.00
-1.84
-0.57
-2.68
-0.90
0.00
0.00
0.00
0.00
0.00
0.00
0.00
0.00
0.00
0.00
0.00
0.00
0.00
0.00
0.00
0.00
0.00
0.00
-0.96
0.00
-1.80
2.30
-1.63
0.00
-2.79
0.77
-2.85
0.00
0.62
-6.91
0.00
-1.25
-1.31
-1.52
-0.65
-0.85
0.02
-1.35
-1.15
-0.34
-0.80
0.00
0.28
-6.91
-1.38
0.00
0.00
2.85
-6.91
0.67
-1.14
-0.53
-0.63
-0.41
0.05
0.00
-0.78
0.34
1.35
0.76
1.65
-1.50
-0.85
2.00
-6.91
0.43
1.70
0.00
-0.58
-0.99
6.91
-0.06
-0.10
0.00
6.91
-0.77
-1.51
0.54
-0.81
-1.06
0.87
1.60
0.00
-6.91
6.91
-0.69
-0.63
-0.73
0.00
0.41
-0.45
0.00
0.00
0.00
0.00
0.00
0.00
0.00
0.00
0.00
0.00
0.00
0.00
0.00
0.00
0.00
0.00
0.00
0.00
0.00
-0.17
6.91
-2.42
1.66
-1.41
1.25
-1.71
1.07
-1.72
-6.91
0.90
-1.09
-0.10
0.00
0.00
0.00
1.32
-0.18
-0.06
-0.15
-0.12
0.00
-0.61
-0.82
0.77
2.07
-0.13
0.00
-6.91
2.47
-6.91
0.26
1.24
0.87
-0.08
-0.36
-1.59
0.00
0.00
-0.83
-2.85
-1.16
1.52
0.11
-0.77
1.88
-0.68
-6.91
-0.48
-0.37
0.00
-6.91
-0.81
0.00
-6.91
-3.44
0.00
2.47
-6.91
0.00
1.37
-3.09
-6.91
-0.12
6.91
-2.62
0.00
0.00
-0.06
-1.66
-1.60
-0.07
0.00
0.00
0.00
0.00
0.00
0.00
0.00
0.00
0.00
0.00
0.00
0.00
0.00
0.00
0.00
0.00
0.00
0.00
-0.37
0.00
-2.04
1.29
-6.91
0.00
-1.51
0.64
-1.38
0.00
2.11
-2.35
0.00
-0.70
-1.03
-1.58
0.13
-0.92
0.09
-1.59
0.19
-1.34
-1.37
0.00
0.27
-1.15
-0.93
0.00
0.00
1.48
-6.91
1.29
-2.52
-6.91
-0.57
-0.43
-0.93
-1.62
0.00
0.00
-0.24
-0.42
-0.27
0.00
0.00
-0.21
0.00
0.59
-0.57
-1.25
0.53
0.00
-0.64
0.64
0.00
-1.16
-0.28
0.00
0.00
-0.99
0.00
0.00
0.51
-1.47
0.00
0.00
-1.42
0.00
0.00
2.04
-6.91
0.05
3.06
0.00
0.00
0.00
0.00
0.00
0.00
0.00
0.00
0.00
0.00
0.00
0.00
0.00
0.00
0.00
0.00
0.00
0.00
-0.81
0.00
-0.92
0.00
-1.07
0.00
-0.66
0.00
0.12
0.00
0.00
0.17
0.00
0.39
-2.46
-2.99
-2.53
-1.68
0.43
0.34
0.63
0.24
-2.50
0.00
0.00
-0.18
-0.73
0.00
0.00
0.00
-0.51
0.00
-0.04
-0.62
2.00
0.02
1.47
-0.55
4.15
1.19
0.03
-0.59
-1.74
-0.34
-0.74
-1.50
0.13
-1.45
-1.23
-0.46
-2.99
3.42
-0.23
-1.70
0.73
0.20
0.38
2.16
0.07
-2.24
6.91
-1.33
-2.02
-0.22
-6.91
-0.60
0.26
0.56
1.35
-2.96
0.48
-1.17
-2.04
0.00
0.00
0.00
0.00
0.00
0.00
0.00
0.00
0.00
0.00
0.00
0.00
0.00
0.00
0.00
0.00
0.00
0.00
0.06
1.55
-0.90
-0.92
-2.49
2.07
-1.18
-1.29
-0.35
3.37
-0.61
-0.29
6.91
-6.91
0.11
-0.23
0.79
-0.50
-2.78
-1.01
-0.65
-6.91
0.66
0.91
-1.02
-1.82
-0.07
2.40
2.26
-0.83
-1.49
0.63
-0.90
-0.54
-2.32
-1.83
-2.70
-1.14
0.00
0.00
-0.88
-0.72
-0.93
0.00
6.91
-0.57
0.00
-0.38
-1.17
-4.32
-0.27
0.00
-3.81
0.53
0.00
-6.91
-0.65
0.00
0.00
-1.46
0.00
2.49
-0.49
-2.22
0.48
0.00
-6.91
0.00
0.00
0.19
-3.43
0.51
-0.07
0.00
0.00
0.00
0.00
0.00
0.00
0.00
0.00
0.00
0.00
0.00
0.00
0.00
0.00
0.00
0.00
0.00
0.00
-6.01
0.00
-0.72
1.40
-0.27
0.00
-2.54
1.49
0.06
0.00
0.00
-2.05
0.00
-0.41
-1.04
-4.15
-6.91
-3.26
-0.10
-0.50
-0.28
-0.38
-4.90
0.00
6.91
-1.56
-0.79
0.00
0.00
2.56
-0.47
0.00
-0.74
-0.87
-0.43
-0.34
0.29
-2.19
0.00
0.00
-6.91
-1.00
-6.91
2.48
2.31
-1.73
1.82
-1.51
-6.91
-0.75
0.07
0.00
-1.75
-0.28
0.00
-6.91
-6.91
0.00
1.99
-3.85
0.00
0.70
-0.67
-3.47
-1.07
2.18
-6.91
0.00
0.00
-0.68
-1.47
-0.89
-0.22
0.00
0.00
0.00
0.00
0.00
0.00
0.00
0.00
0.00
0.00
0.00
0.00
0.00
0.00
0.00
0.00
0.00
0.00
-6.91
0.00
-3.23
1.75
-1.58
0.00
-6.91
0.41
-1.04
0.00
3.33
-1.45
0.00
-0.67
-0.67
-0.80
-1.30
-2.03
-1.10
0.01
-0.35
-1.48
-0.76
0.00
0.74
-1.94
-3.76
0.00
0.00
1.64
-1.57
6.91
-0.88
-6.91
-0.29
-0.08
0.82
0.00
-1.99
-6.91
0.00
0.00
0.00
0.06
-0.37
0.00
-0.03
1.35
0.00
0.00
2.95
-1.07
0.00
1.56
-6.91
0.00
0.00
-6.91
-0.78
0.00
-4.18
-0.16
0.00
0.00
2.35
-0.21
0.00
-2.27
-1.68
2.28
0.00
6.91
0.87
0.00
0.00
0.00
0.00
0.00
0.00
0.00
0.00
0.00
0.00
0.00
0.00
0.00
0.00
0.00
0.00
0.00
0.00
0.00
-1.90
0.00
0.48
0.00
-6.91
0.00
1.03
0.00
-0.78
0.34
0.00
-6.91
1.43
0.00
0.00
0.00
0.00
2.70
0.00
1.77
1.82
0.00
-1.16
0.54
0.00
0.00
-0.99
-1.71
-0.42
0.00
0.07
0.00
0.00
4.10
2.21
0.74
-0.78
0.00
0.00
-2.73
-2.01
-4.24
1.69
1.38
-2.26
1.53
-0.81
-6.91
-1.65
-0.90
0.00
-0.98
-0.93
0.00
-0.89
-2.14
0.00
1.39
-1.51
0.00
0.98
-1.55
-0.81
0.14
6.91
-3.04
0.00
0.00
-1.00
-1.29
-1.37
0.20
0.00
0.00
0.00
0.00
0.00
0.00
0.00
0.00
0.00
0.00
0.00
0.00
0.00
0.00
0.00
0.00
0.00
0.00
-1.93
0.00
-0.77
0.74
-2.12
0.00
-1.17
1.44
-1.31
0.00
6.91
-6.91
0.00
-0.19
-1.42
-0.88
-1.85
-6.91
0.43
-0.15
-0.91
-0.69
-1.17
0.00
0.87
-2.74
-0.63
0.00
0.00
0.91
-2.97
3.14
-6.91
-6.91
-0.17
0.37
0.73
-1.59
0.00
0.00
-0.90
-1.42
-0.86
0.77
0.71
-2.46
1.07
-0.99
-1.38
-0.26
-1.59
0.00
-3.60
-0.80
0.00
-0.38
-1.62
0.00
2.65
-2.36
0.00
0.76
-1.32
-0.75
-0.70
0.75
-1.15
0.00
0.00
-0.38
-1.16
-1.81
-0.31
0.00
0.00
0.00
0.00
0.00
0.00
0.00
0.00
0.00
0.00
0.00
0.00
0.00
0.00
0.00
0.00
0.00
0.00
-0.91
0.00
-2.27
0.36
-6.91
0.00
-2.93
0.66
-1.26
0.00
1.21
-1.13
0.00
-0.51
0.72
-0.73
0.16
-1.99
-0.16
-0.07
-0.40
-1.52
-1.73
0.00
1.49
-1.95
-0.68
0.00
0.00
1.90
-1.21
1.58
-2.68
-0.88
-0.45
-1.20
-0.21
-0.33
1.71
0.00
-1.37
-3.51
-0.77
0.92
-0.34
-0.64
1.15
-6.91
-0.82
-0.31
-1.34
0.00
-0.91
-3.40
0.93
-0.76
-1.30
1.21
0.37
-0.82
0.00
-0.18
-1.15
-0.56
-2.30
-0.32
-1.12
1.38
0.00
-1.46
0.02
-6.91
-1.00
0.00
0.00
0.00
0.00
0.00
0.00
0.00
0.00
0.00
0.00
0.00
0.00
0.00
0.00
0.00
0.00
0.00
0.00
0.57
1.54
-1.21
0.13
-2.09
6.91
-1.09
0.16
-0.90
6.91
-0.03
-0.12
3.85
-1.15
0.43
0.55
-0.13
-0.00
-2.19
-6.91
-0.91
-1.32
0.00
3.76
0.22
-1.14
-1.16
1.76
2.72
0.53
-0.91
-0.03
-0.86
-0.11
-6.91
-6.91
-0.31
-1.30
0.00
0.00
-6.91
-0.40
-2.04
0.00
1.33
-1.19
0.00
-0.49
-1.92
-1.38
0.12
0.00
-1.77
-0.22
0.00
-1.89
-1.75
0.00
0.00
-0.00
0.00
6.91
0.25
-1.35
-0.38
0.00
-1.77
0.00
0.00
1.15
-1.54
-0.15
0.39
-2.22
-1.79
0.00
0.00
2.26
0.00
-0.51
-1.91
0.00
-1.97
-1.59
0.46
-3.51
-2.25
0.00
-0.98
-1.15
-0.45
0.00
0.00
0.00
0.00
0.00
0.00
0.00
0.00
0.00
0.00
0.00
0.00
0.00
0.00
0.00
0.00
0.00
0.00
0.00
0.00
0.00
0.00
-6.91
0.00
0.82
-0.13
-2.27
0.00
0.00
6.91
-0.83
0.00
-0.95
-1.62
0.87
0.09
0.59
0.00
-4.09
-0.97
0.00
4.14
0.00
-1.46
-0.52
6.91
-2.22
0.92
0.00
0.00
3.51
-0.82
0.00
1.40
-6.91
0.00
0.00
-6.91
-0.22
3.63
-0.74
-1.15
6.91
0.00
1.04
-2.89
0.00
-2.37
-1.76
0.79
0.00
1.75
0.56
0.00
0.00
-6.91
-3.12
-0.78
0.11
2.28
0.00
-1.04
0.00
0.00
1.66
0.00
0.00
-2.73
0.00
0.00
2.10
0.00
0.00
0.00
0.00
0.00
0.00
0.00
0.00
0.00
0.00
0.00
0.00
0.00
0.00
0.00
0.00
0.00
0.00
0.00
0.00
0.00
0.00
0.00
-6.91
-0.33
0.00
0.00
-3.70
-2.33
-0.23
0.00
-0.91
3.11
0.00
1.03
1.85
1.48
-1.24
0.00
0.00
-6.91
-0.95
-0.83
2.20
3.00
-0.82
1.45
-0.16
-3.05
-1.13
-0.19
0.00
-5.37
-0.05
0.00
-6.91
-3.45
0.00
6.91
-0.52
0.00
1.17
-0.48
-0.89
-0.18
1.53
-6.91
0.00
0.00
0.51
-2.59
-0.95
0.65
-6.91
-6.91
0.00
0.00
2.43
1.38
-0.28
-1.92
6.91
-6.91
-0.86
-0.69
-6.91
-2.32
0.00
-4.01
-1.48
0.15
0.00
0.00
0.00
0.00
0.00
0.00
0.00
0.00
0.00
0.00
0.00
0.00
0.00
0.00
0.00
0.00
0.00
0.00
0.00
0.00
0.00
0.00
-0.92
0.00
0.32
-2.25
-6.91
0.00
0.00
2.15
-6.91
1.40
-0.20
-1.09
-0.50
-0.36
0.79
2.41
-0.82
-0.78
0.91
1.10
1.01
-6.91
-1.78
0.71
-1.47
0.15
0.83
6.91
-0.50
-0.73
1.44
0.24
-1.25
6.91
6.91
-0.48
-6.91
1.62
0.15
-1.65
0.42
1.89
-0.28
-6.91
2.24
0.23
1.00
-0.00
0.00
-0.15
-0.05
6.91
1.27
-0.71
-0.59
-2.04
-6.91
0.65
0.81
-6.91
0.36
0.00
-0.23
1.67
4.84
-0.23
1.24
1.64
0.35
0.00
0.00
0.00
0.00
0.00
0.00
0.00
0.00
0.00
0.00
0.00
0.00
0.00
0.00
0.00
0.00
0.00
0.00
0.00
0.00
0.00
0.00
3.64
-0.42
-6.91
0.36
3.13
-0.18
-0.56
-3.09
1.50
-1.37
1.93
0.98
0.18
-0.80
-1.01
-0.58
0.00
0.00
-3.57
-2.29
-1.47
1.57
0.96
-2.64
1.23
-1.37
-1.15
-1.64
-1.88
0.00
-2.47
-0.13
0.00
-0.35
-0.87
0.00
1.48
-1.82
0.00
1.22
-1.01
-6.91
-1.31
2.65
-3.36
0.00
0.00
-1.51
-0.91
-1.67
-0.16
-0.32
-4.48
0.00
0.00
-0.04
1.77
-2.62
-6.91
2.23
-2.70
-0.10
-0.88
-0.78
-1.46
0.00
-0.57
-1.04
-0.86
0.00
0.00
0.00
0.00
0.00
0.00
0.00
0.00
0.00
0.00
0.00
0.00
0.00
0.00
0.00
0.00
0.00
0.00
0.00
0.00
0.00
0.00
-0.62
0.00
1.28
-3.43
-2.96
0.00
0.00
1.30
-6.91
0.51
-1.29
-0.67
-0.75
-2.19
0.04
0.00
-1.00
-5.55
0.00
0.00
0.00
0.26
0.23
0.00
-0.98
3.51
0.00
0.00
1.82
-0.56
0.00
2.44
-2.67
0.00
0.00
-1.41
-0.88
0.00
-2.21
0.11
0.00
0.00
2.56
-1.62
0.00
-0.85
-1.74
1.52
0.00
6.91
1.63
0.00
0.00
-2.25
-6.91
0.27
-0.16
0.00
0.00
0.28
0.00
0.00
1.66
0.00
0.00
-6.91
0.00
0.00
6.91
0.00
0.00
0.00
0.00
0.00
0.00
0.00
0.00
0.00
0.00
0.00
0.00
0.00
0.00
0.00
0.00
0.00
0.00
0.00
0.00
0.00
0.00
0.00
-1.98
-0.47
0.00
0.00
-6.91
-2.46
-0.94
0.00
-0.33
0.00
0.00
2.14
2.53
0.90
-1.32
0.00
0.00
-1.51
-0.91
-3.35
0.66
1.13
-0.71
1.93
-0.93
-1.13
-1.33
-1.65
0.00
-1.19
-0.75
0.00
-2.81
-1.87
0.00
0.66
-2.29
0.00
0.74
-3.05
-6.91
-0.78
1.25
-1.76
0.00
0.00
-1.80
-0.40
-2.67
-0.01
-2.94
-2.55
0.00
0.00
1.38
0.41
-3.46
-6.91
1.34
-2.63
-0.79
-1.99
-0.20
-2.18
0.00
-4.08
-1.36
-1.97
0.00
0.00
0.00
0.00
0.00
0.00
0.00
0.00
0.00
0.00
0.00
0.00
0.00
0.00
0.00
0.00
0.00
0.00
0.00
0.00
0.00
0.00
-2.67
0.00
1.17
-3.25
-1.05
0.00
0.00
2.61
-6.91
1.22
-1.42
-0.53
-0.30
-0.84
-0.37
2.43
-0.60
0.14
3.17
-0.11
0.55
-1.05
-6.91
-0.53
-0.59
-0.31
0.51
2.88
-0.34
1.10
2.23
-0.41
-0.16
1.01
0.75
-1.17
-2.26
0.50
0.67
-3.28
0.28
0.72
-0.21
-1.46
1.02
-0.12
-0.10
-1.40
0.00
-0.07
-0.53
1.08
1.50
0.35
0.11
-1.48
-6.91
0.43
0.83
-3.07
0.98
0.00
-1.14
1.84
1.77
0.33
1.68
1.46
-0.46
0.00
0.00
0.00
0.00
0.00
0.00
0.00
0.00
0.00
0.00
0.00
0.00
0.00
0.00
0.00
0.00
0.00
0.00
0.00
0.00
0.00
0.00
6.91
0.17
-6.91
0.50
3.39
0.14
-0.12
-6.91
1.16
-2.01
1.11
0.71
-0.05
0.23
-0.65
-0.25
3.48
0.00
-0.87
-6.91
-1.33
0.23
-0.19
-2.20
0.69
-2.24
-1.61
-1.16
-1.02
0.00
-3.02
-1.52
6.91
-1.53
-0.35
1.33
0.94
-1.24
0.00
-0.48
-6.91
-0.84
-2.48
0.35
-6.91
3.41
0.00
-3.40
-0.22
-0.27
-0.45
-1.06
-2.14
6.91
0.00
-0.31
1.47
-6.91
-0.83
1.08
-0.93
0.36
-0.25
-0.13
-2.34
0.00
-1.42
-6.91
-0.58
0.00
0.00
0.00
0.00
0.00
0.00
0.00
0.00
0.00
0.00
0.00
0.00
0.00
0.00
0.00
0.00
0.00
0.00
0.00
0.00
0.00
0.00
-1.30
1.30
-0.03
-4.60
-1.95
0.00
0.00
-0.06
-1.93
0.84
-1.30
-1.40
-1.97
-0.23
-0.16
0.00
-6.91
-0.83
0.00
0.00
0.00
-1.05
-0.35
6.91
-0.62
2.60
0.00
0.00
1.48
-6.91
0.00
0.54
-1.59
0.00
0.00
-2.48
-0.87
0.00
-0.63
0.25
2.03
0.00
1.82
-1.04
0.00
-6.91
-0.79
1.01
0.00
1.03
0.95
0.00
0.00
-1.08
-0.61
-0.98
-1.09
2.62
0.00
-1.39
0.00
0.00
1.05
0.00
0.00
-2.23
0.00
0.00
6.91
0.00
0.00
0.00
0.00
0.00
0.00
0.00
0.00
0.00
0.00
0.00
0.00
0.00
0.00
0.00
0.00
0.00
0.00
0.00
0.00
0.00
0.00
0.00
-6.91
0.49
0.00
0.00
-0.99
-1.36
0.09
0.00
0.10
2.52
0.00
1.29
1.49
1.57
0.00
-0.35
-0.12
6.91
1.28
1.07
-2.06
-6.91
0.21
-1.99
-0.01
1.05
0.00
0.72
-0.29
1.87
0.64
-0.30
0.00
6.91
-0.38
-2.05
2.45
0.17
-2.75
0.85
0.75
0.72
-6.91
1.24
-0.94
-0.60
0.52
0.00
-0.14
-0.29
0.00
6.91
-0.46
-1.26
-2.51
-3.49
0.42
4.53
-3.31
0.70
0.00
-0.35
0.00
6.91
-0.21
6.91
0.56
1.03
0.00
0.00
0.00
0.00
0.00
0.00
0.00
0.00
0.00
0.00
0.00
0.00
0.00
0.00
0.00
0.00
0.00
0.00
0.00
0.00
0.00
0.00
0.00
-0.43
-1.13
2.63
1.39
-0.21
0.35
-1.87
2.60
-6.91
1.78
1.96
-0.54
0.77
-0.41
-3.87
0.00
0.00
-1.16
-2.09
-1.59
1.65
0.97
-1.04
1.83
-0.78
-2.96
-1.30
-0.84
0.00
-1.66
-0.66
0.00
-1.53
-2.76
0.00
1.98
-6.91
0.00
0.65
-0.52
-6.91
-1.28
6.91
-3.26
0.00
0.00
-0.65
-0.70
-0.81
-0.61
-1.11
-1.38
0.00
0.00
0.03
0.69
-0.69
-6.91
6.91
-3.17
-0.54
-0.07
-0.44
-6.91
0.00
-1.43
-1.91
-0.31
0.00
0.00
0.00
0.00
0.00
0.00
0.00
0.00
0.00
0.00
0.00
0.00
0.00
0.00
0.00
0.00
0.00
0.00
0.00
0.00
0.00
0.00
-1.10
0.00
0.17
-1.45
-1.32
0.00
0.00
1.00
-1.48
1.17
-3.50
-1.78
-0.60
-0.74
0.40
0.00
-3.08
-6.91
0.00
0.00
0.00
0.26
-0.29
0.00
0.23
6.91
0.00
0.00
1.08
-1.08
0.00
2.58
-0.68
0.00
0.00
-0.78
-0.11
0.00
-4.02
0.31
0.00
0.00
6.91
-0.96
0.00
-0.70
-0.81
2.80
0.00
2.44
0.85
0.00
0.00
-0.97
-3.87
-0.06
-0.98
0.00
0.00
0.27
0.00
0.00
3.84
0.00
0.00
-2.98
0.00
0.00
6.91
0.00
0.00
0.00
0.00
0.00
0.00
0.00
0.00
0.00
0.00
0.00
0.00
0.00
0.00
0.00
0.00
0.00
0.00
0.00
0.00
0.00
0.00
0.00
-0.94
1.03
0.00
0.00
-6.91
-1.00
-0.12
0.00
-1.00
0.00
0.00
2.94
6.91
0.33
0.68
2.32
2.03
-1.23
-1.84
-2.29
-0.25
-1.32
-2.82
1.15
-3.01
0.08
0.71
-1.02
6.91
-0.89
-3.77
0.75
-0.37
-0.45
5.92
-0.84
-2.25
2.41
-1.38
-1.93
-0.01
-6.91
-0.26
-1.48
1.92
2.59
-2.31
-0.11
-2.28
-0.47
0.47
0.41
1.23
2.77
0.20
-0.72
-1.60
-0.18
0.01
-0.71
0.86
-6.91
0.74
-0.41
1.58
-0.88
-0.59
-2.69
0.00
0.00
0.00
0.00
0.00
0.00
0.00
0.00
0.00
0.00
0.00
0.00
0.00
0.00
0.00
0.00
0.00
0.00
0.00
0.00
0.00
0.00
0.94
1.05
-0.71
-0.46
-0.12
1.51
2.18
0.11
-1.50
-0.63
-0.09
0.69
-1.82
-1.24
-2.22
-0.85
0.00
0.00
-1.37
-0.46
-0.34
0.00
0.00
-0.49
0.00
0.68
-1.55
-0.40
0.83
0.00
-0.84
1.68
0.00
-1.24
-0.14
0.00
0.00
-0.28
0.00
0.00
0.18
-0.76
1.33
0.00
-1.06
0.00
0.00
0.99
-1.44
0.82
0.95
-6.91
-1.68
0.00
0.00
0.00
0.00
-0.25
-0.48
0.00
-0.83
-6.91
0.84
-0.46
-1.00
0.00
-0.19
0.73
-0.37
0.00
0.00
0.00
0.00
0.00
0.00
0.00
0.00
0.00
0.00
0.00
0.00
0.00
0.00
0.00
0.00
0.00
0.00
0.00
0.00
0.00
0.00
-1.00
0.00
0.00
-0.87
-1.10
0.00
0.00
0.00
-1.00
0.00
0.33
0.23
0.29
0.11
2.94
-2.18
0.00
0.00
-3.91
-1.65
-0.44
0.00
5.54
-0.54
0.00
0.47
-2.58
-6.91
-0.36
0.00
-1.35
0.22
0.00
-1.40
-2.43
0.00
0.00
-1.61
0.00
4.06
-1.33
-1.27
0.57
0.00
-1.32
0.00
0.00
0.18
-1.01
0.82
1.57
-1.24
-2.05
0.00
0.00
1.69
1.40
-0.16
-0.62
0.00
-3.58
-3.28
-0.17
-6.91
-1.67
0.00
-3.54
-0.98
-0.86
0.00
0.00
0.00
0.00
0.00
0.00
0.00
0.00
0.00
0.00
0.00
0.00
0.00
0.00
0.00
0.00
0.00
0.00
0.00
0.00
0.00
0.00
-1.81
0.00
1.49
-1.05
-1.75
0.00
0.00
6.91
-3.44
0.00
-1.58
-1.24
-0.32
-0.54
1.63
-1.39
0.00
0.00
-1.19
-0.99
-1.21
0.00
0.00
0.88
0.00
1.24
-0.07
-2.48
1.28
0.00
-0.35
1.77
0.00
-1.37
-1.70
0.00
0.00
-0.28
0.00
0.00
0.26
-0.75
0.68
0.00
-0.10
0.00
0.00
0.45
-6.91
0.21
1.27
-2.29
-1.69
0.00
0.00
0.00
0.00
-0.43
-1.33
0.00
-0.12
-6.91
1.54
-6.91
-0.17
0.00
-1.34
-0.31
1.31
0.00
0.00
0.00
0.00
0.00
0.00
0.00
0.00
0.00
0.00
0.00
0.00
0.00
0.00
0.00
0.00
0.00
0.00
0.00
0.00
0.00
0.00
-6.91
0.00
0.00
-0.39
-0.92
0.00
0.00
0.00
-1.12
0.00
0.15
-0.76
1.68
0.08
1.69
-1.28
0.00
0.00
-1.52
-1.77
-0.91
1.52
1.92
-0.57
1.46
-0.86
-1.46
-0.84
-0.50
0.00
-1.78
0.06
0.00
-0.50
-1.38
0.00
1.40
-0.59
0.00
3.45
-0.99
-3.11
0.14
1.24
-5.25
0.00
0.00
0.41
-2.04
-0.34
-0.29
-0.44
-3.28
0.00
0.00
1.30
2.55
-2.23
-0.46
6.91
-6.91
-1.58
-0.28
-1.37
-1.68
0.00
-6.91
-5.59
-0.01
0.00
0.00
0.00
0.00
0.00
0.00
0.00
0.00
0.00
0.00
0.00
0.00
0.00
0.00
0.00
0.00
0.00
0.00
0.00
0.00
0.00
0.00
-1.57
0.00
0.44
-1.06
-0.69
0.00
0.00
1.28
-1.65
6.91
-1.17
-6.91
-0.26
0.25
0.58
-0.58
0.75
6.91
0.27
-0.70
-0.25
-0.08
-0.84
-2.69
0.39
-2.01
-0.03
-0.20
-6.91
3.21
-0.48
-1.48
0.32
0.71
0.46
1.95
-0.60
-0.59
1.58
-0.20
-0.62
-0.07
-1.60
-0.27
0.01
1.74
2.00
-6.91
1.44
-2.19
-2.03
0.82
-0.85
1.09
1.43
-1.55
-0.14
-0.64
-0.94
-0.34
-0.75
1.85
-3.40
0.38
0.13
2.61
-0.70
-1.20
-0.93
0.00
0.00
0.00
0.00
0.00
0.00
0.00
0.00
0.00
0.00
0.00
0.00
0.00
0.00
0.00
0.00
0.00
0.00
0.00
0.00
0.00
0.00
0.70
0.56
-0.38
-0.54
0.03
5.42
1.36
0.03
-0.37
0.44
-0.61
0.66
-1.81
-6.91
-1.64
0.42
2.45
0.00
-0.91
-1.15
-1.67
0.44
-0.25
-0.85
-0.15
-2.66
-0.88
0.52
-1.06
0.00
-0.72
-0.67
4.79
0.14
-0.75
0.96
0.63
-0.72
0.00
0.49
-0.70
-0.71
-2.42
0.28
-0.33
3.69
0.00
-0.90
0.52
-2.83
-0.93
-0.78
-0.02
6.91
0.00
-0.70
0.15
-0.65
-0.65
0.11
-0.49
0.95
-2.95
-0.56
-0.31
0.00
-0.46
-0.67
-6.91
0.00
0.00
0.00
0.00
0.00
0.00
0.00
0.00
0.00
0.00
0.00
0.00
0.00
0.00
0.00
0.00
0.00
0.00
0.00
0.00
0.00
0.00
-0.47
6.91
-0.47
-1.11
-1.53
2.78
0.00
0.54
-1.66
-0.26
-1.94
-0.26
-0.88
-6.91
-2.78
-0.04
0.24
2.15
-0.15
-0.58
-1.17
-0.18
0.09
-1.77
0.44
-1.72
-0.25
1.07
-2.72
1.40
0.37
-6.91
0.09
-0.16
0.04
0.38
-1.16
-1.00
1.19
-1.37
-0.07
0.24
-4.27
-0.02
0.64
0.82
6.91
-3.21
0.79
-0.97
-6.91
-0.23
0.08
0.06
1.94
-0.23
-1.39
-0.50
-0.43
-0.59
-0.09
2.64
-1.52
1.19
0.45
1.64
-0.15
0.07
-1.62
0.00
0.00
0.00
0.00
0.00
0.00
0.00
0.00
0.00
0.00
0.00
0.00
0.00
0.00
0.00
0.00
0.00
0.00
0.00
0.00
0.00
0.00
0.65
0.98
-0.04
-0.83
0.74
2.30
1.15
-0.04
0.30
-0.61
-0.40
-0.77
-1.53
-0.91
-6.91
0.23
0.99
2.17
0.26
-3.29
-1.63
0.36
-0.01
-0.81
0.26
-1.80
-0.54
-0.28
-6.91
6.91
0.19
-0.96
1.93
0.70
0.31
1.09
0.43
-1.16
3.02
0.38
-0.41
-1.00
-1.69
0.45
-0.83
1.24
2.95
-2.29
0.30
-2.18
-1.79
0.61
-0.69
0.64
6.91
-0.97
0.26
-2.69
-1.23
-0.57
-0.75
0.58
-6.91
-0.30
-0.32
6.91
-0.93
-1.03
-1.32
0.00
0.00
0.00
0.00
0.00
0.00
0.00
0.00
0.00
0.00
0.00
0.00
0.00
0.00
0.00
0.00
0.00
0.00
0.00
0.00
0.00
0.00
-0.26
0.72
-0.16
-2.58
0.23
1.22
1.15
-0.92
-1.55
0.29
-1.58
-0.04
-6.91
-1.49
-2.36
-3.19
0.00
0.00
-1.41
-0.52
-2.49
0.00
3.56
-1.16
0.00
-0.62
-0.76
-1.05
0.98
0.00
-2.82
-0.03
0.00
-2.16
-1.08
0.00
0.00
0.02
0.00
6.91
-1.32
-0.30
1.14
0.00
-2.61
0.00
0.00
1.17
-1.89
0.01
0.97
-1.35
-2.20
0.00
0.00
1.00
0.00
0.24
-1.00
0.00
-0.31
-1.47
0.90
-6.91
-1.42
0.00
-0.65
-1.63
0.36
-6.91
0.00
-1.85
2.69
-1.55
0.00
-1.78
6.91
-1.25
0.00
0.00
-0.92
0.00
0.75
-2.38
-1.16
-0.77
-2.77
0.53
0.16
0.85
-0.05
0.00
0.00
0.00
0.00
0.00
0.00
0.00
0.00
0.00
0.00
0.00
0.00
0.00
0.00
0.00
0.00
-2.79
-1.26
0.00
6.91
0.00
-1.63
-0.25
1.27
-0.61
1.49
0.00
0.00
0.80
-0.86
0.00
0.12
-2.53
0.00
0.00
-6.91
-0.33
6.91
-0.92
-0.44
2.22
0.00
1.93
-0.92
0.00
-0.91
-1.55
0.37
0.00
1.33
0.60
0.00
0.00
-6.91
-1.58
-0.54
-1.86
1.34
0.00
-0.88
0.00
0.00
0.91
0.00
0.00
-1.38
0.00
0.00
2.50
0.00
-6.91
0.00
-0.93
0.00
-0.80
0.00
-0.93
3.04
-2.98
-1.11
0.00
-0.74
1.85
0.00
0.00
0.00
0.00
0.23
2.84
1.41
1.65
0.00
0.00
0.00
0.00
0.00
0.00
0.00
0.00
0.00
0.00
0.00
0.00
0.00
0.00
0.00
1.53
0.15
0.96
0.99
0.16
0.56
-6.91
-6.91
0.74
-3.75
-0.31
0.47
1.86
-1.60
1.26
0.93
-1.30
0.03
2.53
0.83
-0.22
-6.91
-0.44
1.24
-6.91
-0.44
0.72
-1.72
-1.47
1.34
-0.48
0.09
-0.81
6.91
-0.37
-0.19
6.91
2.14
0.18
0.83
-6.91
-1.10
0.80
0.46
-2.18
1.41
0.00
-0.42
4.54
0.16
0.28
0.95
1.43
-0.92
2.12
-0.33
0.51
-1.53
1.17
0.82
1.27
-2.05
-0.48
-0.16
-2.66
0.29
0.17
0.04
0.00
1.14
0.00
0.85
0.01
-1.00
-0.32
-0.99
0.00
0.00
0.00
0.00
0.00
0.00
0.00
0.00
0.00
0.00
0.00
0.00
0.00
0.00
0.00
-0.66
0.00
0.00
-2.09
-1.47
-1.63
1.67
-0.03
-2.82
1.41
-2.42
-1.52
-1.14
-0.27
0.00
-0.94
-0.81
0.00
-2.41
-6.91
0.00
1.38
-3.13
0.00
1.14
-1.74
-1.87
-1.14
2.22
-1.31
0.00
0.00
-0.98
-0.05
-0.60
-1.22
-0.35
-3.21
0.00
0.00
1.03
0.48
-6.91
-1.07
0.64
-1.45
-1.02
-0.58
-0.38
-1.41
0.00
-1.15
-2.18
-1.87
-2.15
0.00
-6.91
0.39
-1.42
0.00
-6.91
0.96
-1.33
0.00
1.33
-1.00
0.00
-2.10
-0.47
-0.20
0.24
-0.64
-0.93
-0.76
-1.09
-2.64
0.00
0.00
0.00
0.00
0.00
0.00
0.00
0.00
0.00
0.00
0.00
0.00
0.00
0.00
0.00
-1.42
0.00
0.00
-3.18
-0.31
-1.30
6.91
6.91
-1.97
0.00
0.17
-3.04
-3.86
-1.11
0.00
-1.68
-0.17
0.00
-2.79
-1.70
0.00
1.27
-2.11
0.00
0.85
-1.63
-1.25
-0.31
2.42
-2.33
0.00
0.00
-0.49
-1.61
-0.45
-0.01
-1.39
-1.35
0.00
0.00
1.64
3.20
-0.63
-2.55
1.38
-2.54
-0.82
-0.75
-0.70
-1.42
0.00
-2.96
-1.54
-0.05
-6.91
0.00
-1.39
2.14
-1.62
0.00
-1.87
0.61
-1.28
0.00
6.91
-6.91
0.00
-0.73
-2.07
-3.34
-0.76
-2.56
0.68
-0.29
0.65
-0.93
0.00
0.00
0.00
0.00
0.00
0.00
0.00
0.00
0.00
0.00
0.00
0.00
0.00
0.00
0.00
0.00
-1.79
-1.74
0.00
0.00
0.00
-0.25
0.28
0.00
-0.09
3.67
0.00
0.00
3.44
-1.78
0.00
1.29
-0.52
0.00
0.00
-1.28
-1.14
0.00
-6.91
-0.73
0.00
0.00
2.32
-1.07
0.00
-1.04
-1.81
1.30
0.00
1.30
0.43
0.00
0.00
-9.28
-6.91
0.85
-0.37
0.00
0.00
-1.49
0.00
0.00
1.68
0.00
0.00
-0.94
0.00
0.00
1.24
0.00
-1.18
0.00
-0.19
0.00
-1.30
0.00
-0.43
0.00
-0.70
-0.29
0.00
-6.91
3.07
0.00
0.00
0.00
0.00
4.05
3.26
0.65
3.17
0.00
0.00
0.00
0.00
0.00
0.00
0.00
0.00
0.00
0.00
0.00
0.00
0.00
0.00
0.00
0.00
-1.01
-6.91
0.00
0.00
0.00
-0.30
-0.46
0.00
0.29
1.47
0.00
0.00
1.90
-1.83
0.00
1.00
-1.51
0.00
0.00
-2.06
0.18
0.00
-1.08
-0.50
0.00
0.00
6.91
-0.46
0.00
-2.35
-4.56
4.39
0.00
1.73
1.43
0.00
0.00
-6.91
-1.24
-0.45
-0.16
0.00
0.00
0.17
0.00
0.00
1.56
0.00
0.00
-2.27
0.00
0.00
2.96
0.00
-2.05
0.00
-0.53
0.00
-6.91
0.00
-0.38
0.00
-6.91
-1.01
0.00
-1.45
1.44
0.00
0.00
0.00
0.00
6.91
0.00
0.68
1.22
0.00
0.00
0.00
0.00
0.00
0.00
0.00
0.00
0.00
0.00
0.00
0.00
0.00
0.00
0.00
6.91
-1.23
-0.74
2.06
-0.06
0.72
-6.91
-1.63
0.99
-3.20
0.25
0.92
6.91
-0.34
-0.33
1.54
0.17
-0.57
1.49
3.78
-1.35
-1.39
0.31
-0.11
-2.58
1.15
2.13
-0.16
-6.91
2.26
-1.14
-0.45
0.04
0.00
0.30
-1.62
6.91
1.36
0.17
0.23
-6.91
-6.91
-0.06
0.88
-6.91
0.31
0.00
-0.02
6.91
1.99
0.14
6.91
0.51
-0.44
6.91
0.09
0.78
-6.91
1.16
-0.95
0.97
-6.91
0.40
-1.02
-1.67
0.99
0.06
0.19
0.00
6.91
0.00
3.97
-0.06
0.79
-0.17
-0.47
0.00
0.00
0.00
0.00
0.00
0.00
0.00
0.00
0.00
0.00
0.00
0.00
0.00
0.00
0.00
-0.78
0.00
0.00
-2.34
-0.94
-1.89
0.58
2.24
-2.07
6.91
-0.22
-6.91
-1.59
-1.18
0.00
-2.45
-1.06
0.00
-2.43
-1.56
0.00
0.48
-3.82
0.00
0.44
-1.43
-6.91
-0.72
3.98
-6.91
0.00
0.00
-0.81
-0.91
-0.90
-0.78
-2.50
-2.70
0.00
0.00
0.98
1.17
-1.19
-6.91
1.29
-6.91
0.13
-0.62
-1.27
-2.23
0.00
-3.33
-0.51
-2.45
-1.16
0.00
-1.44
2.42
-4.84
0.00
-6.91
0.09
-4.77
0.00
0.69
-6.91
0.00
-0.91
-0.50
-1.60
-0.62
-0.91
-1.09
-1.05
0.08
-1.05
0.00
0.00
0.00
0.00
0.00
0.00
0.00
0.00
0.00
0.00
0.00
0.00
0.00
0.00
0.00
0.00
-0.85
0.07
3.85
1.92
2.12
-1.58
-1.41
0.30
-1.48
0.44
2.16
0.00
-0.63
-0.61
6.91
0.39
-1.15
0.00
3.81
-2.30
-1.70
0.83
-0.91
-1.05
0.34
1.62
0.51
-2.13
1.43
-0.56
-0.15
0.71
0.00
0.59
-0.21
0.00
3.28
-0.34
-0.68
-1.23
-6.91
0.82
2.27
-6.91
4.50
0.00
-0.67
0.00
3.50
-0.37
6.91
0.61
1.21
0.00
-1.14
2.02
-2.20
0.99
-0.46
2.41
-2.65
0.13
-0.28
-1.48
6.91
0.14
0.12
0.00
0.00
0.00
1.72
0.65
-0.13
0.28
1.00
0.00
0.00
0.00
0.00
0.00
0.00
0.00
0.00
0.00
0.00
0.00
0.00
0.00
0.00
0.00
-1.08
3.01
0.00
-0.63
-6.91
-1.49
0.94
0.54
-1.10
0.70
-1.02
-6.91
-0.88
-0.86
0.00
-2.69
-0.77
1.85
-1.09
-1.60
2.19
0.30
-2.70
0.00
-0.15
-6.91
-2.44
-1.68
1.76
-2.27
4.58
0.00
-3.00
-0.08
-1.08
-0.82
-0.55
-1.74
3.55
0.00
0.43
1.12
-6.91
-2.40
2.61
-3.16
0.08
-2.26
-1.33
-2.67
0.00
-2.26
-3.11
-1.66
-0.91
2.67
-0.42
-0.04
-1.98
0.00
-1.43
0.78
-6.91
1.61
0.65
-2.57
0.00
-2.29
0.14
-1.88
-0.38
-1.54
-1.17
-2.14
0.02
-1.20
0.00
0.00
0.00
0.00
0.00
0.00
0.00
0.00
0.00
0.00
0.00
0.00
0.00
0.00
0.00
-0.53
0.00
0.00
-1.28
-0.37
-1.04
6.91
4.15
-1.72
6.91
0.27
-1.19
-3.51
-0.54
0.00
-0.89
0.49
0.00
-1.36
-2.03
0.00
2.56
-1.01
0.00
1.80
-0.94
-2.10
0.13
6.91
-1.26
0.00
0.00
-0.14
-0.49
-0.99
-0.55
-1.69
-0.80
0.00
0.00
0.93
2.72
-2.51
-1.75
6.91
-1.58
-0.52
-0.84
-1.11
-1.02
0.00
-3.43
-1.93
-0.44
-0.57
0.00
-0.85
1.48
-1.77
0.00
-2.51
0.75
-0.98
0.00
2.07
-1.84
0.00
0.44
0.09
-1.78
-1.17
-6.91
-0.92
0.23
-0.46
-0.47
0.00
0.00
0.00
0.00
0.00
0.00
0.00
0.00
0.00
0.00
0.00
0.00
0.00
0.00
0.00
-0.54
0.56
1.16
-0.66
-2.77
-0.36
-0.48
-0.72
-3.10
-0.13
-2.11
-1.38
-0.26
-1.47
6.91
-0.57
-1.64
1.82
-0.35
-0.51
1.23
0.18
-2.02
0.94
-1.32
-0.51
-1.58
-1.60
0.40
-0.66
1.91
7.72
-6.91
1.35
-2.14
-0.92
0.47
0.47
0.83
6.91
-0.45
-0.55
-2.78
-1.05
0.67
0.07
0.17
-6.91
-0.50
-1.02
2.29
0.33
-1.25
-1.53
0.54
2.27
-0.06
-0.30
-2.66
1.02
0.02
-1.01
-1.25
0.95
-0.27
-1.14
3.66
-2.92
0.71
-0.32
0.50
0.30
-6.91
-1.31
-6.07
-1.75
0.00
0.00
0.00
0.00
0.00
0.00
0.00
0.00
0.00
0.00
0.00
0.00
0.00
0.00
0.00
0.34
3.31
3.40
-0.10
-0.52
-1.46
0.30
-1.09
-2.59
1.22
-6.91
-0.19
0.04
-1.86
0.00
-0.58
-1.61
2.18
0.53
-0.65
0.59
0.58
-1.30
1.60
-0.77
-0.14
-1.38
-1.35
0.05
-1.31
3.32
0.00
-0.64
0.80
-6.91
-1.70
0.35
-0.50
0.83
1.67
-0.35
-0.18
-0.96
-0.65
0.31
-0.29
0.33
-6.91
0.08
0.21
6.91
-0.90
-1.49
-1.37
0.85
6.91
-0.89
0.02
-1.26
3.43
-0.76
-0.44
-1.28
0.91
0.40
-1.83
3.72
-6.91
0.59
-0.46
1.61
-0.77
-6.91
-6.91
-2.35
-3.02
0.00
0.00
0.00
0.00
0.00
0.00
0.00
0.00
0.00
0.00
0.00
0.00
0.00
0.00
0.00
0.09
0.14
2.09
0.10
-0.16
0.45
0.16
-2.00
-0.09
-1.23
-1.83
-0.93
0.96
-3.04
2.14
-0.34
-1.76
0.40
-0.07
0.15
0.49
-1.09
-0.78
2.22
-0.95
-0.87
-0.68
-2.18
-0.62
-0.66
0.91
1.44
-1.28
1.66
-2.06
-1.76
1.65
-0.41
0.49
2.27
-2.61
-0.02
-0.46
-0.11
-0.94
0.26
1.20
-1.74
1.81
0.66
1.51
0.83
-1.30
-0.79
-0.08
1.18
0.65
-1.02
-1.60
1.13
-1.08
-0.97
-1.12
0.58
-0.40
0.32
3.57
-1.53
1.96
0.26
1.15
0.22
-6.91
-0.69
-6.91
-0.95
0.00
0.00
0.00
0.00
0.00
0.00
0.00
0.00
0.00
0.00
0.00
0.00
0.00
0.00
0.00
