0.00
0.00
0.00
0.00
0.00
0.00
0.00
0.00
0.00
0.00
0.00
0.00
0.00
0.00
0.00
0.00
0.00
0.00
-6.91
-1.36
0.00
1.73
-2.16
0.00
0.81
-0.52
-1.66
-0.40
0.00
-2.14
0.00
0.00
-0.25
-0.70
0.11
1.38
-6.91
-1.87
0.00
0.00
1.39
6.91
-0.39
-0.44
0.00
-1.14
-6.91
0.50
-1.42
-6.91
0.00
-0.49
-0.03
-0.45
-6.91
0.00
-0.95
1.79
-1.70
0.00
-0.55
1.44
-0.66
0.00
0.00
-1.42
0.00
-0.76
-0.43
-1.24
-2.37
-1.03
0.51
-0.60
-0.23
0.34
0.00
0.00
0.00
0.00
0.00
0.00
0.00
0.00
0.00
0.00
0.00
0.00
0.00
0.00
0.00
0.00
0.00
0.00
0.00
0.00
0.00
0.00
0.00
0.00
0.00
0.00
0.00
0.00
0.00
0.00
0.00
0.00
0.00
0.00
0.00
0.00
0.00
0.00
0.00
0.00
0.00
0.00
0.00
0.00
0.00
0.00
0.00
0.00
0.00
-4.07
-0.31
6.91
-1.96
-0.80
6.91
0.00
0.93
-1.20
0.00
-1.21
-0.47
1.80
0.00
4.98
-0.01
0.00
0.00
-6.91
-1.06
-0.41
-0.81
6.91
0.00
-1.94
0.00
0.00
1.54
0.00
0.00
-0.92
0.00
0.00
4.12
0.00
-5.58
0.00
-1.07
0.00
-6.91
0.00
-0.93
3.22
-1.14
-2.24
0.00
-1.44
2.36
0.00
0.00
0.00
0.00
0.40
6.91
1.28
1.21
0.00
0.00
0.00
0.00
0.00
0.00
0.00
0.00
0.00
0.00
0.00
0.00
0.00
0.00
0.00
0.00
0.00
0.00
0.00
0.00
0.00
0.00
0.00
0.00
0.00
0.00
0.00
0.00
0.00
0.00
0.00
0.00
0.00
0.00
0.00
0.00
0.00
0.00
0.00
0.00
0.00
0.00
0.00
0.00
0.00
0.00
0.00
0.00
0.00
-1.78
-0.91
0.00
-3.61
0.93
0.00
0.00
1.66
0.07
0.00
-0.71
-1.16
4.04
0.00
0.00
0.61
0.00
0.00
-0.74
-6.91
0.04
0.56
0.00
0.00
0.30
0.00
0.00
1.13
0.00
0.00
-1.39
0.00
0.00
0.00
0.00
-0.68
0.00
0.34
0.00
-6.91
0.00
0.25
0.00
-1.98
-1.23
0.00
-1.74
6.91
0.00
0.00
0.00
0.00
1.20
0.00
3.00
2.09
0.00
0.00
0.00
0.00
0.00
0.00
0.00
0.00
0.00
0.00
0.00
0.00
0.00
0.00
0.00
0.00
0.00
0.00
0.00
0.00
0.00
0.00
0.00
0.00
0.00
0.00
0.00
0.00
0.00
0.00
0.00
0.00
0.00
0.00
0.00
0.00
0.00
0.00
0.00
0.00
0.00
0.00
0.00
0.00
0.00
0.00
0.00
-1.02
-1.76
0.00
6.91
-2.14
0.00
2.24
-0.24
-1.29
-0.03
6.91
-1.27
0.00
0.00
-0.57
-1.71
-0.21
-0.05
-6.91
-3.98
0.00
0.00
1.50
6.91
-1.80
-6.91
6.91
-1.12
-1.79
-0.50
-1.01
-1.45
0.00
-0.61
-1.11
-1.11
-6.91
0.00
-6.91
2.24
-2.24
0.00
-1.03
0.93
-1.48
0.00
6.91
-1.68
0.00
0.11
-0.54
-0.77
-0.57
-0.68
-0.58
0.01
-0.06
0.02
0.00
0.00
0.00
0.00
0.00
0.00
0.00
0.00
0.00
0.00
0.00
0.00
0.00
0.00
0.00
0.00
0.00
0.00
0.00
0.00
0.00
0.00
0.00
0.00
0.00
0.00
0.00
0.00
0.00
0.00
0.00
0.00
0.00
0.00
0.00
0.00
0.00
0.00
0.00
0.00
0.00
0.00
0.00
0.00
0.00
0.00
0.00
-0.90
-0.91
6.91
0.83
-1.73
0.00
1.09
-6.91
-1.78
-0.45
0.59
-6.91
0.00
0.00
-2.11
-0.65
-0.58
-1.61
-0.96
-2.85
3.51
0.00
1.32
-0.05
-1.22
-3.04
1.51
-1.19
0.37
-1.53
-0.43
-1.93
0.00
-4.36
-1.12
-0.63
-0.54
2.41
-3.26
1.44
-3.34
0.00
-1.33
0.90
-1.67
0.00
0.55
-1.01
0.00
-2.18
-0.65
-1.14
0.12
-0.75
-2.35
-0.55
-0.70
-0.98
0.00
0.00
0.00
0.00
0.00
0.00
0.00
0.00
0.00
0.00
0.00
0.00
0.00
0.00
0.00
0.00
0.00
0.00
0.00
0.00
0.00
0.00
0.00
0.00
0.00
0.00
0.00
0.00
0.00
0.00
0.00
0.00
0.00
0.00
0.00
0.00
0.00
0.00
0.00
0.00
0.00
0.00
0.00
0.00
0.00
0.00
0.00
-0.58
-6.91
0.00
1.94
-5.23
0.00
0.05
-2.00
-1.68
-1.51
2.82
-6.91
0.00
0.00
-0.09
-0.82
-1.46
-0.32
-0.54
-1.18
0.00
0.00
0.25
0.27
-6.91
-6.91
2.52
-6.91
-0.15
-0.49
-1.63
-3.81
0.00
-0.99
-0.73
-0.46
-1.07
0.00
-5.94
1.45
-2.93
0.00
-1.67
0.97
-2.32
0.00
1.50
-6.91
0.00
-1.69
-0.09
-0.16
-0.73
-3.42
-1.52
-0.34
0.16
-0.43
0.00
0.00
0.00
0.00
0.00
0.00
0.00
0.00
0.00
0.00
0.00
0.00
0.00
0.00
0.00
0.00
0.00
0.00
0.00
0.00
0.00
0.00
0.00
0.00
0.00
0.00
0.00
0.00
0.00
0.00
0.00
0.00
0.00
0.00
0.00
0.00
0.00
0.00
0.00
0.00
0.00
0.00
0.00
0.00
0.00
0.00
0.00
6.91
3.03
-0.07
-2.46
0.14
0.46
-6.91
1.77
2.95
0.02
-6.91
2.94
-1.51
0.86
-0.84
0.00
0.06
-1.07
6.91
5.67
-1.46
0.05
-3.95
-6.91
0.03
1.27
-1.65
0.77
0.00
0.65
0.00
0.83
-0.28
6.91
1.00
0.20
0.00
-0.28
1.73
-1.24
1.49
-0.33
2.26
-1.26
0.84
0.15
-1.56
3.46
-0.70
-0.04
0.00
0.00
0.00
3.27
-0.74
0.83
-1.14
0.06
0.00
0.00
0.00
0.00
0.00
0.00
0.00
0.00
0.00
0.00
0.00
0.00
0.00
0.00
0.00
0.00
0.00
0.00
0.00
0.00
0.00
0.00
0.00
0.00
0.00
0.00
0.00
0.00
0.00
0.00
0.00
0.00
0.00
0.00
0.00
0.00
0.00
0.00
0.00
0.00
0.00
0.00
0.00
0.00
0.00
0.00
0.00
1.94
1.90
0.06
-1.53
0.71
0.10
-1.34
0.63
1.12
-0.69
-4.26
0.60
-1.05
0.62
-0.03
0.00
-0.93
-1.40
1.07
2.54
-0.26
0.45
-3.06
-6.91
0.04
0.59
-1.30
1.57
0.00
-0.41
1.59
2.19
1.06
2.96
1.50
-0.11
4.20
-1.13
2.55
-2.00
1.53
0.83
0.25
-6.91
1.16
-0.66
-1.44
1.80
-0.61
0.21
0.00
6.91
0.00
0.62
-1.00
0.58
-0.97
-0.25
0.00
0.00
0.00
0.00
0.00
0.00
0.00
0.00
0.00
0.00
0.00
0.00
0.00
0.00
0.00
0.00
0.00
0.00
0.00
0.00
0.00
0.00
0.00
0.00
0.00
0.00
0.00
0.00
0.00
0.00
0.00
0.00
0.00
0.00
0.00
0.00
0.00
0.00
0.00
0.00
0.00
0.00
0.00
0.00
0.00
0.00
0.00
-1.40
-1.29
1.91
0.63
-1.04
0.00
0.37
-1.64
-1.79
-1.21
0.20
-0.66
6.91
0.00
-1.44
0.57
-2.37
-0.47
-0.11
-1.19
1.52
0.00
-0.14
0.47
-2.40
-6.91
0.60
-6.91
0.61
-2.34
-0.97
-0.52
0.00
-2.70
-6.91
-0.92
0.03
6.91
-0.93
-0.01
-4.57
0.00
-0.72
-0.57
-1.97
3.18
1.07
-1.65
0.00
-1.51
-0.03
-1.23
-0.72
-2.09
-2.92
-1.16
-0.70
-3.65
0.00
0.00
0.00
0.00
0.00
0.00
0.00
0.00
0.00
0.00
0.00
0.00
0.00
0.00
0.00
0.00
0.00
0.00
0.00
0.00
0.00
0.00
0.00
0.00
0.00
0.00
0.00
0.00
0.00
0.00
0.00
0.00
0.00
0.00
0.00
0.00
0.00
0.00
0.00
0.00
0.00
0.00
0.00
0.00
0.00
0.00
0.00
0.00
1.33
-0.90
-1.46
1.93
-0.80
-2.11
0.61
1.89
-0.05
-6.91
6.91
-0.07
-0.77
0.51
0.00
-0.28
-0.58
0.00
6.91
-0.25
-1.06
-1.12
-2.68
0.22
1.57
-4.34
2.91
0.00
0.03
0.00
1.04
-0.60
1.40
0.71
-0.27
0.00
-0.74
6.91
-1.53
3.88
-0.16
1.59
-2.00
0.81
-1.73
-6.91
1.08
0.27
0.97
0.00
0.00
0.00
6.91
-0.53
0.95
0.32
1.06
0.00
0.00
0.00
0.00
0.00
0.00
0.00
0.00
0.00
0.00
0.00
0.00
0.00
0.00
0.00
0.00
0.00
0.00
0.00
0.00
0.00
0.00
0.00
0.00
0.00
0.00
0.00
0.00
0.00
0.00
0.00
0.00
0.00
0.00
0.00
0.00
0.00
0.00
0.00
0.00
0.00
0.00
0.00
0.00
0.00
0.00
0.00
-0.12
0.03
1.27
0.48
-1.72
1.85
-0.43
-0.21
-0.51
-1.86
-0.15
-0.20
0.73
0.00
-1.99
-0.10
-3.19
-3.08
-0.21
-0.17
0.86
2.14
-0.69
0.49
-0.65
-0.74
0.22
-0.24
0.09
-2.44
-0.37
-1.00
1.28
-0.24
-0.13
-6.91
0.57
1.83
-0.45
0.44
-3.81
1.33
-1.39
-0.61
-1.29
3.39
0.83
-1.32
6.91
-3.14
-0.13
-0.45
1.51
0.02
-1.55
-1.27
-1.45
-1.32
0.00
0.00
0.00
0.00
0.00
0.00
0.00
0.00
0.00
0.00
0.00
0.00
0.00
0.00
0.00
0.00
0.00
0.00
0.00
0.00
0.00
0.00
0.00
0.00
0.00
0.00
0.00
0.00
0.00
0.00
0.00
0.00
0.00
0.00
0.00
0.00
0.00
0.00
0.00
0.00
0.00
0.00
0.00
0.00
0.00
0.00
0.00
-0.53
-0.91
0.00
1.49
-1.86
0.00
1.38
-2.06
-1.01
0.09
0.91
-2.49
0.00
0.00
-0.12
-0.31
-1.85
-0.14
-1.54
-1.15
0.00
0.00
1.53
1.18
-3.03
-2.29
6.91
-3.22
-0.53
-1.04
-2.61
-2.23
0.00
-1.96
-2.36
-1.90
-0.94
0.00
-2.48
0.74
-6.91
0.00
-1.42
0.90
-1.26
0.00
1.19
-6.91
0.00
-1.39
-1.22
-0.83
-0.87
-1.12
-1.14
-0.51
-0.81
-1.33
0.00
0.00
0.00
0.00
0.00
0.00
0.00
0.00
0.00
0.00
0.00
0.00
0.00
0.00
0.00
0.00
0.00
0.00
0.00
0.00
0.00
0.00
0.00
0.00
0.00
0.00
0.00
0.00
0.00
0.00
0.00
0.00
0.00
0.00
0.00
0.00
0.00
0.00
0.00
0.00
0.00
0.00
0.00
0.00
0.00
0.00
0.00
-1.55
-1.97
0.00
1.35
-0.93
0.00
2.32
-1.24
-1.68
-0.49
0.00
-1.39
0.00
0.00
-0.13
-4.19
-0.16
0.92
-0.64
-2.23
0.00
0.00
1.02
2.72
-1.29
-2.17
0.00
-0.94
-0.45
0.65
-3.80
-1.44
0.00
-1.35
-2.47
-0.83
-0.81
0.00
-0.83
1.96
-0.31
0.00
-2.09
0.81
-0.53
0.00
0.00
-0.74
0.00
0.17
-2.02
-6.91
-0.76
-6.91
0.77
0.52
0.26
-0.16
0.00
0.00
0.00
0.00
0.00
0.00
0.00
0.00
0.00
0.00
0.00
0.00
0.00
0.00
0.00
0.00
0.00
0.00
0.00
0.00
0.00
0.00
0.00
0.00
0.00
0.00
0.00
0.00
0.00
0.00
0.00
0.00
0.00
0.00
0.00
0.00
0.00
0.00
0.00
0.00
0.00
0.00
0.00
0.00
0.00
0.00
0.00
0.74
0.24
2.22
0.03
-1.21
1.65
-1.24
-0.70
-0.83
-2.47
1.03
-0.19
4.37
2.98
-2.11
0.07
-6.91
-1.75
-0.47
-0.07
4.31
4.35
-0.81
0.15
-2.67
-0.63
-0.30
-0.20
1.20
-1.49
-0.14
-0.94
1.47
-1.33
-0.81
-4.04
0.25
2.07
-0.60
0.18
-1.60
1.04
-1.18
0.07
-0.77
0.62
-0.22
-1.80
1.75
-2.39
1.32
0.16
1.48
-1.17
-1.41
-1.54
-1.14
-2.20
0.00
0.00
0.00
0.00
0.00
0.00
0.00
0.00
0.00
0.00
0.00
0.00
0.00
0.00
0.00
0.00
0.00
0.00
0.00
0.00
0.00
0.00
0.00
0.00
0.00
0.00
0.00
0.00
0.00
0.00
0.00
0.00
0.00
0.00
0.00
0.00
0.00
0.00
0.00
0.00
0.00
0.00
0.00
0.00
0.00
0.00
0.00
0.00
0.00
-0.78
0.45
0.00
-0.75
-0.24
0.00
0.00
6.91
0.28
0.00
-2.26
-2.27
1.49
0.00
0.00
1.43
0.00
0.00
-0.70
-0.95
0.93
0.54
0.00
0.00
-0.21
0.00
0.00
6.91
0.00
0.00
-3.07
0.00
0.00
0.00
0.00
-2.25
0.00
0.50
0.00
-1.67
0.00
-0.18
0.00
-0.76
0.55
0.00
-1.83
6.91
0.00
0.00
0.00
0.00
6.91
0.00
2.63
2.49
0.00
0.00
0.00
0.00
0.00
0.00
0.00
0.00
0.00
0.00
0.00
0.00
0.00
0.00
0.00
0.00
0.00
0.00
0.00
0.00
0.00
0.00
0.00
0.00
0.00
0.00
0.00
0.00
0.00
0.00
0.00
0.00
0.00
0.00
0.00
0.00
0.00
0.00
0.00
0.00
0.00
0.00
0.00
0.00
0.00
0.00
0.00
-0.81
-3.50
0.00
0.72
-1.47
0.00
2.23
-2.73
-2.68
-0.05
6.91
-1.68
0.00
0.00
-0.16
-0.25
-0.95
-0.44
-3.53
-6.91
0.00
0.00
2.46
1.53
-0.36
-6.91
2.37
-6.91
-0.54
-0.80
-4.00
-2.51
0.00
-1.32
-1.52
0.06
-2.09
0.00
-2.26
0.54
-0.67
0.00
-1.03
0.76
-0.55
0.00
1.62
-2.60
0.00
-0.24
-0.73
-0.59
-0.43
-1.90
-0.80
-0.35
-0.02
-1.18
0.00
0.00
0.00
0.00
0.00
0.00
0.00
0.00
0.00
0.00
0.00
0.00
0.00
0.00
0.00
0.00
0.00
0.00
0.00
0.00
0.00
0.00
0.00
0.00
0.00
0.00
0.00
0.00
0.00
0.00
0.00
0.00
0.00
0.00
0.00
0.00
0.00
0.00
0.00
0.00
0.00
0.00
0.00
0.00
0.00
0.00
0.00
-0.49
-0.37
0.79
-0.34
-0.80
1.34
-0.16
-2.00
-1.24
-1.82
-0.62
0.35
0.51
1.54
-1.66
0.43
-1.32
-1.62
0.96
-0.68
0.54
6.91
-1.10
-0.31
-0.93
-0.10
-0.32
-0.61
0.72
-1.18
0.65
-0.34
1.57
-0.88
-1.38
-1.33
1.20
0.85
0.11
-0.89
-0.74
1.58
-0.33
-1.63
-1.65
0.34
0.22
-0.95
6.91
-1.31
1.00
-0.38
0.30
-0.65
-6.91
-0.64
-2.13
-1.41
0.00
0.00
0.00
0.00
0.00
0.00
0.00
0.00
0.00
0.00
0.00
0.00
0.00
0.00
0.00
0.00
0.00
0.00
0.00
0.00
0.00
0.00
0.00
0.00
0.00
0.00
0.00
0.00
0.00
0.00
0.00
0.00
0.00
0.00
0.00
0.00
0.00
0.00
0.00
0.00
0.00
0.00
0.00
0.00
0.00
0.00
0.00
0.00
0.00
-6.91
-0.95
0.00
-1.47
-0.29
6.91
0.00
0.87
-1.17
0.00
-6.91
-0.82
1.97
0.00
2.69
1.05
0.00
0.00
-1.30
-5.41
0.02
-0.70
1.41
0.00
-0.75
0.00
0.00
2.09
0.00
0.00
-6.91
0.00
0.00
1.02
0.00
-6.91
0.00
-1.19
0.00
-1.42
0.00
-0.72
1.45
-3.54
-0.28
0.00
-1.19
1.64
0.00
0.00
0.00
0.00
0.36
6.91
0.04
6.91
0.00
0.00
0.00
0.00
0.00
0.00
0.00
0.00
0.00
0.00
0.00
0.00
0.00
0.00
0.00
0.00
0.00
0.00
0.00
0.00
0.00
0.00
0.00
0.00
0.00
0.00
0.00
0.00
0.00
-6.91
0.00
0.00
-1.09
-0.71
-0.42
6.91
1.42
-0.35
0.00
-0.59
-1.40
-3.37
-0.04
0.00
-1.94
-0.42
0.00
0.00
0.00
0.00
0.00
0.00
0.00
0.00
0.00
0.00
0.00
0.00
0.00
0.00
0.00
0.00
0.00
0.00
0.00
-1.53
-3.87
0.00
0.00
1.57
6.91
0.02
-1.87
0.00
-0.81
-1.43
-0.63
-1.81
-6.91
0.00
-0.75
-1.00
0.29
-2.41
0.00
-2.96
6.91
-1.29
0.00
-0.59
1.70
-0.91
0.00
0.00
-1.09
0.00
0.73
-1.41
-0.94
-0.95
-0.52
0.03
-0.38
0.96
0.12
-6.91
0.00
1.03
-0.86
-2.55
0.00
0.00
6.46
-1.62
0.00
-1.21
-3.73
0.65
0.12
0.13
0.00
0.00
0.00
0.00
0.00
0.00
0.00
0.00
0.00
0.00
0.00
0.00
0.00
0.00
-6.91
0.00
0.00
-6.91
-1.41
-0.90
3.07
1.30
-1.06
6.91
0.14
-6.91
-0.68
-0.01
0.00
-6.91
0.49
0.00
0.00
0.00
0.00
0.00
0.00
0.00
0.00
0.00
0.00
0.00
0.00
0.00
0.00
0.00
0.00
0.00
0.00
0.00
-1.73
-6.91
0.00
0.00
0.35
1.32
-0.17
-1.18
1.39
-1.49
-2.25
-1.14
-3.05
-1.90
0.00
-1.71
-2.85
-0.32
-6.91
0.00
-1.35
3.06
-0.67
0.00
-1.13
1.06
-1.87
0.00
6.91
-1.15
0.00
-0.84
-0.11
-1.47
-0.25
-0.72
0.34
-1.36
-0.58
-1.38
-0.95
0.00
2.92
-6.91
-1.46
0.00
0.00
1.55
-1.14
1.94
-0.69
-0.59
0.20
-0.91
-0.21
0.00
0.00
0.00
0.00
0.00
0.00
0.00
0.00
0.00
0.00
0.00
0.00
0.00
0.00
0.00
-4.48
-0.87
0.00
2.95
0.00
-1.67
-0.74
1.17
-3.06
4.21
0.00
0.00
1.46
-3.72
0.00
0.86
-1.47
0.00
0.00
0.00
0.00
0.00
0.00
0.00
0.00
0.00
0.00
0.00
0.00
0.00
0.00
0.00
0.00
0.00
0.00
0.00
0.00
-4.26
-2.16
-0.88
-1.63
2.19
0.00
-1.15
0.00
0.00
2.18
0.00
0.00
-1.22
0.00
0.00
0.91
0.00
-2.15
0.00
-0.81
0.00
-2.29
0.00
-0.75
3.19
-1.02
-0.29
0.00
-5.06
0.72
0.00
0.00
0.00
0.00
2.35
2.11
1.63
1.62
0.00
-3.41
0.02
0.00
0.00
-1.79
-3.94
0.17
0.00
-1.75
3.36
0.00
2.04
1.64
0.40
0.00
0.00
0.00
0.00
0.00
0.00
0.00
0.00
0.00
0.00
0.00
0.00
0.00
0.00
3.47
-0.90
-0.17
2.84
0.77
0.89
-6.91
-1.29
1.19
-1.07
0.31
1.21
1.56
-0.45
0.17
0.93
0.48
-0.93
0.00
0.00
0.00
0.00
0.00
0.00
0.00
0.00
0.00
0.00
0.00
0.00
0.00
0.00
0.00
0.00
0.00
0.00
2.11
6.91
-0.76
-1.03
-0.82
-1.39
0.39
0.39
-6.91
1.81
0.00
-0.31
0.00
1.87
-0.64
2.14
0.80
-0.30
0.00
-1.48
2.23
-1.46
0.72
-1.06
0.94
-0.85
0.32
-1.28
-1.46
1.15
0.06
-0.63
0.00
0.00
0.00
6.91
-0.28
0.58
-1.41
0.80
0.00
-0.34
-1.92
1.95
2.90
0.22
-0.56
-6.91
3.50
-6.91
0.39
3.41
-0.57
-0.65
-1.45
0.00
0.00
0.00
0.00
0.00
0.00
0.00
0.00
0.00
0.00
0.00
0.00
0.00
0.00
-0.78
3.60
0.00
-1.05
-1.91
-1.97
0.98
0.86
-3.00
0.73
-0.81
-1.62
-1.61
-2.06
0.00
-2.73
-0.55
0.00
0.00
0.00
0.00
0.00
0.00
0.00
0.00
0.00
0.00
0.00
0.00
0.00
0.00
0.00
0.00
0.00
0.00
0.00
-1.76
-0.89
6.91
0.00
-0.36
0.15
-3.12
-4.25
2.50
-6.91
0.19
-0.34
-1.34
-2.43
0.00
-0.69
-1.83
-0.97
-1.51
2.89
-1.00
0.66
-6.91
0.00
-0.76
-0.25
-6.91
0.00
0.30
-0.90
0.00
-0.73
0.57
-1.42
0.38
-0.87
-2.78
-1.88
-0.05
-2.63
-0.30
6.91
0.54
-1.30
-2.81
0.00
0.00
0.57
-2.85
1.77
-0.99
-0.64
-0.74
-0.81
-0.26
0.00
0.00
0.00
0.00
0.00
0.00
0.00
0.00
0.00
0.00
0.00
0.00
0.00
0.00
0.00
-1.76
-1.49
0.00
0.00
0.00
-0.60
0.50
0.00
-0.46
1.90
0.00
0.00
6.91
-1.01
0.00
1.45
-1.02
0.00
0.00
0.00
0.00
0.00
0.00
0.00
0.00
0.00
0.00
0.00
0.00
0.00
0.00
0.00
0.00
0.00
0.00
0.00
0.00
-0.54
-6.91
0.49
0.52
0.00
0.00
0.19
0.00
0.00
1.51
0.00
0.00
-2.96
0.00
0.00
0.00
0.00
-1.96
0.00
0.13
0.00
-6.91
0.00
-0.41
0.00
-3.32
0.12
0.00
-1.47
2.44
0.00
0.00
0.00
0.00
1.28
0.00
1.61
6.91
0.00
-2.04
0.19
0.00
0.00
-2.04
-0.90
0.23
0.00
0.24
0.00
0.00
6.91
6.91
2.29
0.00
0.00
0.00
0.00
0.00
0.00
0.00
0.00
0.00
0.00
0.00
0.00
0.00
0.00
4.51
-0.40
0.63
0.75
-0.24
0.46
-4.15
-6.91
0.28
-1.37
-0.16
1.43
6.91
-0.66
0.66
1.92
-1.02
-0.08
0.00
0.00
0.00
0.00
0.00
0.00
0.00
0.00
0.00
0.00
0.00
0.00
0.00
0.00
0.00
0.00
0.00
0.00
1.65
1.63
-1.10
-0.49
-1.57
-1.22
0.36
0.52
-0.95
1.79
0.00
-0.08
6.91
1.01
0.74
2.75
-0.02
0.19
1.51
0.06
0.71
-2.58
1.31
-0.27
0.90
-1.55
-0.38
-0.40
-2.22
1.37
0.00
0.36
0.00
2.10
0.00
1.54
0.09
-0.03
-1.18
-0.23
2.16
0.09
-1.58
0.19
1.02
0.69
0.82
-6.91
0.68
-0.85
1.17
1.71
-0.43
-0.40
-1.12
0.00
0.00
0.00
0.00
0.00
0.00
0.00
0.00
0.00
0.00
0.00
0.00
0.00
0.00
-0.36
1.58
0.00
-0.55
-2.42
-0.61
1.24
-0.14
-6.91
0.98
-1.90
-1.08
-1.04
-0.39
0.00
-0.90
-1.24
1.49
0.00
0.00
0.00
0.00
0.00
0.00
0.00
0.00
0.00
0.00
0.00
0.00
0.00
0.00
0.00
0.00
0.00
0.00
-1.25
-1.85
6.91
0.00
0.30
0.77
-6.91
-3.09
1.65
-1.84
-0.02
-1.57
0.14
-1.19
0.00
-2.33
-1.63
-1.43
-0.94
6.91
-0.52
1.53
-1.79
0.00
-0.79
0.80
-1.71
3.77
0.59
-0.68
0.00
-1.98
-0.40
-0.69
0.65
-6.91
-2.22
-0.73
-0.83
-0.71
0.06
1.82
0.72
-6.91
-1.34
0.00
0.00
0.32
-0.68
1.05
-3.74
-0.53
-0.65
-0.93
-1.58
0.00
0.00
0.00
0.00
0.00
0.00
0.00
0.00
0.00
0.00
0.00
0.00
0.00
0.00
-3.81
0.00
0.00
-3.76
-3.35
-6.91
1.25
1.65
-2.03
0.67
-0.95
-1.32
-1.00
-0.67
0.00
-1.59
-1.41
0.00
0.00
0.00
0.00
0.00
0.00
0.00
0.00
0.00
0.00
0.00
0.00
0.00
0.00
0.00
0.00
0.00
0.00
0.00
-3.08
-1.20
0.00
0.00
1.20
1.23
-1.20
-1.27
1.09
-2.02
0.14
-0.97
-0.54
-6.91
0.00
-3.69
-3.72
-1.05
-1.75
0.00
-1.14
2.62
-6.09
0.00
-1.41
0.41
-0.68
0.00
1.56
-6.91
0.00
-1.34
-0.05
-0.30
-1.00
-6.91
-1.32
-0.45
0.11
-1.24
-3.02
0.00
0.05
-2.11
-1.79
0.00
0.00
0.84
-2.66
0.52
-6.91
-1.18
-1.80
-0.91
-0.37
0.00
0.00
0.00
0.00
0.00
0.00
0.00
0.00
0.00
0.00
0.00
0.00
0.00
0.00
0.85
0.91
6.91
-0.26
-0.37
-1.13
-0.00
-0.34
-1.86
0.79
-6.91
-0.87
0.99
-1.64
6.91
-0.65
-1.82
1.08
0.00
0.00
0.00
0.00
0.00
0.00
0.00
0.00
0.00
0.00
0.00
0.00
0.00
0.00
0.00
0.00
0.00
0.00
0.83
0.16
2.36
6.91
0.09
-0.41
-0.48
-0.16
-0.17
-0.19
0.13
-6.91
0.98
-1.03
1.22
-0.11
-0.86
-6.91
-0.60
0.46
-1.13
0.45
-0.13
0.92
-1.88
-0.75
-1.35
3.92
0.21
-0.45
6.91
-6.91
0.00
0.09
1.71
0.42
-1.11
-2.19
-1.82
-3.92
0.70
2.97
-0.40
-1.22
-0.07
1.42
2.53
-0.73
-1.15
-0.13
-1.29
0.14
-6.91
-2.89
-0.63
0.00
0.00
0.00
0.00
0.00
0.00
0.00
0.00
0.00
0.00
0.00
0.00
0.00
0.00
0.00
-0.23
0.29
6.91
1.31
2.84
-1.57
-2.50
0.65
-6.91
0.42
6.51
0.00
-0.62
0.25
6.91
-0.78
-1.70
0.00
0.00
0.00
0.00
0.00
0.00
0.00
0.00
0.00
0.00
0.00
0.00
0.00
0.00
0.00
0.00
0.00
0.00
0.00
2.34
-1.85
0.05
-0.74
-2.03
2.01
1.09
-6.91
2.64
0.00
0.11
0.00
4.22
-0.63
1.07
0.52
1.10
0.00
-1.61
1.38
-1.47
1.14
-0.81
6.91
-1.81
2.62
-0.04
-6.91
1.37
-0.32
-0.49
0.00
0.00
0.00
2.72
0.39
-0.01
0.31
0.52
0.00
-1.97
-1.65
2.09
2.82
-1.06
-0.80
-1.39
1.81
-2.77
1.54
6.91
0.72
0.28
0.06
0.00
0.00
0.00
0.00
0.00
0.00
0.00
0.00
0.00
0.00
0.00
0.00
0.00
0.00
-2.20
0.00
0.00
-2.68
-2.98
-3.80
1.47
0.45
-1.84
2.81
-0.17
-1.37
-1.50
-0.64
0.00
-3.38
-0.86
0.00
0.00
0.00
0.00
0.00
0.00
0.00
0.00
0.00
0.00
0.00
0.00
0.00
0.00
0.00
0.00
0.00
0.00
0.00
-2.39
-1.82
0.00
0.00
1.20
4.72
-2.85
-2.14
1.44
-1.35
-1.49
0.05
-1.90
-3.89
0.00
-6.91
-3.78
-1.03
-1.12
0.00
-5.10
1.33
-6.91
0.00
-6.91
0.57
-3.74
0.00
6.91
-3.26
0.00
-0.87
-1.01
-3.23
-0.37
-1.22
-0.94
-0.28
0.07
-1.05
-1.07
0.00
0.76
-6.91
-2.09
0.00
0.00
0.73
-1.61
6.91
-6.91
-1.51
0.23
-0.22
0.46
0.00
0.00
0.00
0.00
0.00
0.00
0.00
0.00
0.00
0.00
0.00
0.00
0.00
0.00
0.00
-4.96
-0.58
0.00
0.00
0.00
0.22
-0.33
1.73
-1.72
2.82
0.00
0.00
2.07
-1.37
0.00
0.32
-2.37
0.00
0.00
0.00
0.00
0.00
0.00
0.00
0.00
0.00
0.00
0.00
0.00
0.00
0.00
0.00
0.00
0.00
0.00
0.00
0.00
-6.91
-3.00
0.38
-0.25
3.18
0.00
-1.07
0.00
0.00
1.73
0.00
0.00
-0.85
0.00
0.00
1.99
0.00
-6.91
0.00
-0.58
0.00
-1.37
0.00
0.05
2.50
-1.83
-0.12
0.00
-2.76
1.03
0.00
0.00
0.00
0.00
0.38
6.91
0.99
6.91
0.00
-6.91
0.38
0.00
0.00
-1.62
-3.52
-0.84
0.00
-0.64
6.91
0.00
1.10
3.38
1.53
0.00
0.00
0.00
0.00
0.00
0.00
0.00
0.00
0.00
0.00
0.00
0.00
0.00
0.00
0.00
-1.97
-1.83
0.00
0.00
0.00
-0.19
0.17
0.00
-1.06
0.00
0.00
0.00
1.79
-4.92
0.00
4.55
-2.16
0.00
0.00
0.00
0.00
0.00
0.00
0.00
0.00
0.00
0.00
0.00
0.00
0.00
0.00
0.00
0.00
0.00
0.00
0.00
0.00
-0.68
-0.54
0.12
1.00
0.00
0.00
0.19
0.00
0.00
6.91
0.00
0.00
-0.94
0.00
0.00
0.00
0.00
-2.09
0.00
-0.39
0.00
-1.27
0.00
0.26
0.00
-2.77
-0.64
0.00
-6.91
6.91
0.00
0.00
0.00
0.00
6.91
0.00
3.35
6.91
0.00
-0.41
0.01
0.00
0.00
-1.20
-6.91
0.83
0.00
0.10
0.00
0.00
6.91
0.00
1.83
0.00
0.00
0.00
0.00
0.00
0.00
0.00
0.00
0.00
0.00
0.00
0.00
0.00
0.00
0.33
0.83
1.24
-0.19
-2.56
-1.35
0.27
-0.22
-2.33
0.19
-1.48
-0.12
0.13
-6.13
6.91
-0.63
-5.34
0.47
0.00
0.00
0.00
0.00
0.00
0.00
0.00
0.00
0.00
0.00
0.00
0.00
0.00
0.00
0.00
0.00
0.00
0.00
0.52
0.44
1.21
1.16
-0.23
0.08
-0.64
-1.45
-0.70
0.09
0.81
-1.86
0.81
-0.52
1.23
0.43
-0.39
-2.37
0.90
0.50
0.25
-0.72
-2.50
6.91
-0.69
-0.89
-0.44
2.61
-0.41
-0.06
1.62
-1.26
1.82
0.17
1.05
-1.09
-1.33
-0.75
-6.91
-2.09
1.04
0.73
-0.20
-0.26
0.21
2.48
1.14
-0.48
-0.39
-0.85
-0.37
0.29
-2.40
-3.93
-1.76
0.00
0.00
0.00
0.00
0.00
0.00
0.00
0.00
0.00
0.00
0.00
0.00
0.00
0.00
-0.91
0.00
0.00
-1.48
-0.47
-0.58
0.00
0.00
-0.42
0.00
0.15
-1.51
-5.28
0.87
0.00
-0.20
0.91
0.00
0.00
0.00
0.00
0.00
0.00
0.00
0.00
0.00
0.00
0.00
0.00
0.00
0.00
0.00
0.00
0.00
0.00
0.00
-2.66
-2.25
0.00
0.00
0.00
0.00
-0.42
-0.55
0.00
-1.69
-6.91
-0.17
-1.38
-1.95
0.00
-1.22
0.24
1.21
-2.59
0.00
-0.54
0.00
-0.34
0.00
-1.51
0.00
-0.93
0.00
0.00
-1.42
0.00
0.40
-1.64
-1.31
-1.78
-0.64
0.27
0.24
1.74
-0.25
-6.91
0.00
1.81
-0.96
-1.37
0.00
0.00
0.00
-1.83
0.00
-0.47
-1.66
1.38
0.13
1.63
0.00
0.00
0.00
0.00
0.00
0.00
0.00
0.00
0.00
0.00
0.00
0.00
0.00
0.00
0.12
2.91
0.00
-0.01
-1.80
-0.36
-0.64
-0.68
-2.90
-0.24
-6.91
-0.39
-0.08
-6.91
0.00
-0.30
-0.64
2.20
0.00
0.00
0.00
0.00
0.00
0.00
0.00
0.00
0.00
0.00
0.00
0.00
0.00
0.00
0.00
0.00
0.00
0.00
0.22
0.03
0.74
6.91
-0.82
-0.43
-2.06
-0.53
0.08
-1.31
0.24
-2.59
-0.15
-0.30
6.91
-1.42
-2.09
-6.91
0.68
1.92
0.04
-0.46
-0.72
6.91
-2.15
0.05
-1.15
1.12
0.01
-1.04
2.27
-1.56
-0.10
0.51
0.14
-1.44
-0.75
-6.91
-1.78
-4.90
-0.55
2.62
-0.96
-1.21
-1.10
6.91
6.91
-0.73
-1.35
0.61
-1.26
-0.42
-2.09
-6.91
-2.17
0.00
0.00
0.00
0.00
0.00
0.00
0.00
0.00
0.00
0.00
0.00
0.00
0.00
0.00
0.84
1.17
1.37
-0.12
-0.21
-1.23
-0.12
-0.24
-0.98
0.13
-0.58
-0.66
0.04
-1.75
0.61
0.48
-6.91
0.91
0.00
0.00
0.00
0.00
0.00
0.00
0.00
0.00
0.00
0.00
0.00
0.00
0.00
0.00
0.00
0.00
0.00
0.00
0.37
-0.22
0.35
1.95
-0.92
-0.76
-2.17
0.14
0.28
-0.95
1.87
-2.19
1.26
-0.19
1.61
-0.64
0.20
-1.02
1.20
1.06
0.50
-1.16
-0.80
1.00
0.37
-1.56
-0.46
-0.01
0.47
-0.28
1.64
-0.69
3.33
1.02
2.96
0.38
-6.91
-1.59
-6.91
-4.88
1.26
1.11
-0.79
-0.84
-0.31
0.44
2.99
-0.29
0.34
-0.04
-0.70
-0.73
-1.73
-0.21
-2.12
0.00
0.00
0.00
0.00
0.00
0.00
0.00
0.00
0.00
0.00
0.00
0.00
0.00
0.00
-2.90
0.00
0.00
-1.35
-0.65
-0.78
1.39
3.49
-0.65
0.00
-0.11
-1.09
-0.68
0.52
0.00
-0.91
0.65
0.00
-6.91
-6.91
0.00
6.91
-1.02
0.00
2.38
-0.78
-0.41
0.27
0.00
-2.70
0.00
0.00
1.00
-6.91
-0.15
0.68
0.00
0.00
0.00
0.00
0.00
0.00
0.00
0.00
0.00
0.00
0.00
0.00
0.00
0.00
0.00
0.00
0.00
0.00
-4.82
0.00
-6.91
2.93
-1.81
0.00
-1.48
1.81
-1.34
0.00
0.00
-0.51
0.00
-0.44
-1.70
-6.91
-1.18
-0.91
-0.13
0.09
0.46
0.29
-2.29
0.00
3.60
-1.50
-1.90
0.00
0.00
2.06
-0.84
0.00
-0.45
-2.45
0.87
0.72
0.50
-6.91
0.00
-0.70
0.00
0.00
0.00
-0.50
-1.42
2.82
-1.24
6.91
-6.91
-1.52
-0.90
-1.05
0.00
0.00
-6.91
-1.58
-6.91
6.91
2.97
-0.41
6.91
0.22
-1.58
-6.91
-0.77
0.00
-1.21
-0.36
0.00
-2.51
-1.91
0.00
2.58
-1.61
0.00
2.90
-1.28
-0.76
-0.55
2.64
-2.15
0.00
0.00
0.00
-2.10
0.23
-0.13
0.00
0.00
0.00
0.00
0.00
0.00
0.00
0.00
0.00
0.00
0.00
0.00
0.00
0.00
0.00
0.00
0.00
0.00
-1.31
0.00
-1.84
3.29
-2.90
0.00
-2.58
2.59
-0.88
0.00
6.91
-1.59
0.00
0.46
-0.87
-2.75
-0.39
-1.45
0.16
-0.36
0.93
0.18
-1.37
0.00
1.55
-0.63
-1.79
0.00
0.00
1.85
-1.98
1.74
-0.64
-2.53
-0.72
-0.76
-0.01
-6.91
0.00
-2.70
0.00
6.91
0.00
-2.25
-6.91
2.12
-4.19
0.89
-1.52
-0.73
-0.26
0.00
-6.17
-2.19
0.00
6.91
0.00
-0.06
0.14
6.91
-1.69
1.65
0.00
0.00
0.95
-0.90
0.00
0.82
-6.91
0.00
0.00
-2.08
-0.18
1.63
-4.20
0.08
2.58
0.00
1.59
-1.51
0.00
-6.91
-5.96
1.00
0.00
1.67
1.13
0.00
0.00
0.00
0.00
0.00
0.00
0.00
0.00
0.00
0.00
0.00
0.00
0.00
0.00
0.00
0.00
0.00
0.00
0.00
-6.91
0.00
-1.38
0.00
-0.86
0.00
-0.91
3.62
-6.91
-0.63
0.00
-1.54
0.82
0.00
0.00
0.00
0.00
1.89
2.36
0.97
2.38
0.00
-6.91
0.65
0.00
0.00
-3.57
-0.84
-0.99
0.00
-0.42
2.04
0.00
2.54
1.70
0.72
0.00
-6.91
0.00
-1.55
-1.24
-5.20
0.00
0.00
-0.47
0.00
-1.04
0.00
0.00
6.91
0.00
-5.32
-6.91
0.00
0.00
0.00
0.03
0.98
0.00
-1.58
1.80
0.00
0.00
1.98
-0.66
0.00
1.26
-2.01
0.00
0.00
-1.21
-0.31
0.00
-6.91
-0.19
0.00
0.00
6.91
-0.09
0.00
-1.36
-1.07
1.53
0.00
2.98
2.59
0.00
0.00
0.00
0.00
0.00
0.00
0.00
0.00
0.00
0.00
0.00
0.00
0.00
0.00
0.00
0.00
0.00
0.00
0.00
-6.91
0.00
0.56
0.00
-3.91
0.00
0.64
0.00
-0.55
-1.19
0.00
-1.64
2.83
0.00
0.00
0.00
0.00
6.91
0.00
0.81
2.07
0.00
-0.94
0.56
0.00
0.00
-1.19
-1.73
0.61
0.00
-0.02
0.00
0.00
6.91
3.15
1.74
0.00
-6.91
0.00
-6.91
-0.20
-2.10
0.00
0.00
-0.81
0.00
1.06
0.00
0.00
0.00
1.15
-1.20
0.51
1.61
0.45
0.09
-4.76
-6.91
0.84
-1.67
0.38
1.97
1.60
-1.13
0.95
1.60
-0.61
-0.10
3.21
1.18
-0.71
-6.91
0.05
-0.19
-8.17
0.34
1.15
-0.66
-2.67
0.70
-0.37
1.06
-0.66
0.00
-0.56
-0.24
0.00
0.00
0.00
0.00
0.00
0.00
0.00
0.00
0.00
0.00
0.00
0.00
0.00
0.00
0.00
0.00
0.00
0.00
1.56
-1.17
1.28
-3.35
0.45
0.42
-0.09
-3.39
0.34
-0.14
-1.68
0.71
-0.09
-1.14
0.00
2.60
0.00
2.51
-0.76
-0.42
-0.93
-1.27
1.15
0.42
-6.91
0.89
2.38
0.87
-0.00
-4.12
1.24
-2.76
-0.39
1.99
-0.69
0.45
-1.75
6.91
-0.47
0.57
-0.41
-6.91
0.05
0.00
0.12
-2.17
3.69
-6.91
6.91
1.62
0.23
1.68
-0.50
-0.08
2.12
0.41
1.66
-2.41
-1.92
0.14
-2.10
-0.14
4.47
1.46
0.59
0.72
1.39
-0.01
0.19
3.55
0.77
0.10
-6.91
1.26
-0.06
-2.26
0.39
0.41
0.02
-2.60
0.98
0.05
-0.09
-0.99
0.00
-0.17
-1.06
0.00
0.00
0.00
0.00
0.00
0.00
0.00
0.00
0.00
0.00
0.00
0.00
0.00
0.00
0.00
0.00
0.00
0.00
0.00
-0.24
1.57
-2.92
0.59
0.07
0.78
-1.23
0.89
-0.68
-1.08
0.73
-0.53
0.64
0.00
6.91
0.00
3.51
-0.01
-0.09
-0.05
0.06
0.00
-0.95
-1.11
1.28
1.75
-0.80
-0.69
-4.56
1.86
-2.14
1.06
2.83
0.09
-0.71
-0.16
0.00
-1.72
1.39
-0.81
-1.17
0.15
0.00
1.14
-1.56
1.07
-1.70
0.00
1.49
0.70
-0.35
6.91
0.00
-2.14
-1.25
-0.56
0.17
0.16
-6.91
0.30
-0.43
-3.83
-1.26
-1.71
0.00
-0.89
-0.37
2.18
0.00
-1.67
6.91
0.16
-6.91
0.00
-0.41
-6.91
-0.81
-0.42
1.07
-0.51
4.46
0.00
-1.06
-0.69
-2.92
-1.09
0.00
0.00
0.00
0.00
0.00
0.00
0.00
0.00
0.00
0.00
0.00
0.00
0.00
0.00
0.00
0.00
0.00
0.00
-1.38
6.91
-2.15
0.57
-1.07
0.00
-3.05
1.24
-6.91
6.91
0.16
-1.27
0.00
-0.36
-0.21
-0.03
-0.64
-0.90
-0.53
-2.64
-1.62
-2.13
-0.41
6.91
0.78
-3.42
-1.09
0.00
0.00
0.02
-1.91
0.04
-3.94
-2.89
-1.24
-1.41
-1.81
-0.07
6.91
-0.92
0.00
1.05
0.00
0.46
-3.30
0.80
-1.87
0.57
-0.25
-1.56
-1.33
-1.89
0.00
0.00
-1.56
-7.44
-6.91
0.45
0.70
-1.03
1.68
-1.49
-1.87
-1.47
-2.05
0.00
-6.91
0.03
0.00
-1.76
-6.91
0.00
3.56
-1.19
0.00
0.58
-1.33
-2.73
-0.55
1.49
-2.92
0.00
0.00
-1.07
-0.54
-2.82
-0.93
0.00
0.00
0.00
0.00
0.00
0.00
0.00
0.00
0.00
0.00
0.00
0.00
0.00
0.00
0.00
0.00
0.00
0.00
-0.45
0.00
-1.15
1.84
-1.24
0.00
-1.44
0.75
-0.52
0.00
1.69
-1.85
0.00
-0.22
-0.12
-1.55
-0.87
-0.80
-0.97
-1.10
-0.19
-1.24
-1.03
0.00
0.84
-1.14
-2.40
0.00
0.00
1.60
-6.91
1.40
-0.55
-0.95
-1.06
-0.89
-1.05
-0.30
0.00
-2.99
0.00
1.57
0.00
0.35
-1.29
1.01
-6.91
1.40
-0.69
-2.36
-1.26
0.00
-1.20
-0.20
6.91
0.47
1.62
-6.91
-3.68
1.56
-6.91
1.03
1.84
0.00
0.02
-0.49
2.76
0.61
-1.78
0.00
2.84
-1.67
-6.91
0.39
0.12
-6.91
1.81
0.72
0.39
-1.54
1.49
-1.81
0.34
0.62
0.00
-0.16
-1.05
0.00
0.00
0.00
0.00
0.00
0.00
0.00
0.00
0.00
0.00
0.00
0.00
0.00
0.00
0.00
0.00
0.00
0.00
0.00
-0.77
2.29
-2.24
0.78
-1.26
1.74
-3.83
1.11
-0.86
-1.59
1.34
-0.62
0.44
0.00
0.00
0.00
3.39
-0.56
1.45
0.38
0.08
0.00
-1.21
-2.90
2.12
6.91
0.19
0.14
-3.20
1.29
-1.77
0.87
6.91
0.15
0.62
-1.18
0.00
-1.73
2.95
0.02
-1.34
-0.92
0.00
2.25
-0.96
6.91
-3.10
0.00
1.95
0.42
-2.14
0.00
0.00
-4.42
-1.20
-6.91
2.59
1.80
-0.57
0.78
-0.42
-6.91
-1.13
-0.21
0.00
-2.40
-0.08
0.00
-1.30
-2.57
0.00
1.71
-2.85
0.00
0.97
-0.63
-6.91
0.10
4.36
-1.38
0.00
0.00
-1.27
-1.01
-1.21
-1.16
0.00
0.00
0.00
0.00
0.00
0.00
0.00
0.00
0.00
0.00
0.00
0.00
0.00
0.00
0.00
0.00
0.00
0.00
-1.10
0.00
-3.66
0.31
-2.07
0.00
-6.91
0.17
-1.34
0.00
2.03
-1.76
0.00
-0.49
-0.28
-1.23
-1.40
-6.91
-1.00
-1.43
-1.00
-1.22
-1.38
0.00
1.32
-1.17
-2.01
0.00
0.00
0.32
-1.71
2.23
-2.90
-4.71
-0.38
0.03
-0.51
-2.45
0.00
-1.90
0.00
3.95
0.00
-0.33
-1.80
1.54
-1.37
1.76
-2.31
-2.42
-1.64
-0.88
0.00
0.00
-0.30
0.54
-1.24
0.00
0.00
0.11
0.00
0.39
-1.72
-3.86
1.45
0.00
-0.85
2.06
0.00
-1.21
-0.75
0.00
0.00
0.26
0.00
0.00
-0.51
-0.99
1.25
0.00
-0.93
0.00
0.00
0.78
-6.91
0.21
3.27
0.00
0.00
0.00
0.00
0.00
0.00
0.00
0.00
0.00
0.00
0.00
0.00
0.00
0.00
0.00
0.00
0.00
0.00
-1.68
0.00
-1.94
0.00
-1.12
0.00
-0.55
0.00
-0.25
0.00
0.00
0.16
0.00
1.80
-1.88
-1.18
-6.91
-1.14
0.75
0.47
0.44
0.32
-6.91
0.00
0.00
-0.97
-1.65
0.00
0.00
0.00
-1.38
0.00
-0.31
-1.59
0.85
0.21
2.20
-1.17
0.00
-0.77
0.00
0.00
0.00
-2.91
-0.23
0.00
-0.67
0.00
-6.91
-0.58
-0.60
-0.74
0.46
6.91
-0.84
-1.06
-0.96
0.68
-0.68
-0.47
0.30
-6.91
0.05
0.13
-2.36
1.38
0.24
-1.58
0.98
-0.23
-1.28
0.92
0.38
-1.92
6.91
-1.15
-2.11
-0.28
-1.53
0.27
0.09
0.63
1.77
-1.80
1.69
-2.62
-1.36
0.00
0.00
0.00
0.00
0.00
0.00
0.00
0.00
0.00
0.00
0.00
0.00
0.00
0.00
0.00
0.00
0.00
0.00
-0.36
2.16
-0.46
-0.04
-0.86
4.59
-0.81
-1.10
-1.31
6.91
0.84
0.02
1.50
-1.69
0.29
0.14
0.27
0.39
-1.35
-1.85
-4.18
-6.91
-0.06
0.50
-0.54
-0.64
-0.97
2.00
6.91
-0.45
-0.44
-0.21
-0.87
-0.03
-2.19
-3.79
-1.28
-0.03
1.81
-0.22
0.87
0.57
1.01
0.09
-1.14
0.53
-0.54
-1.12
1.06
0.56
-0.79
-6.91
0.00
0.00
-1.48
-0.60
-0.12
0.00
1.81
-0.77
0.00
-0.42
-1.07
-6.91
-0.22
0.00
-1.58
-0.09
0.00
-4.44
-1.86
0.00
0.00
-0.60
0.00
6.91
-0.48
-0.93
0.47
0.00
-0.52
0.00
0.00
-0.32
-1.66
-0.59
1.61
0.00
0.00
0.00
0.00
0.00
0.00
0.00
0.00
0.00
0.00
0.00
0.00
0.00
0.00
0.00
0.00
0.00
0.00
-6.91
0.00
-0.96
6.91
-1.69
0.00
-1.37
1.69
-0.76
0.00
0.00
-1.41
0.00
0.81
-1.96
-6.91
-1.64
-1.67
0.52
0.24
-0.06
0.25
-0.92
0.00
6.91
-0.67
-3.36
0.00
0.00
6.91
-2.85
0.00
-1.67
-0.95
-0.60
-0.66
1.71
-6.91
0.00
-2.18
0.00
0.00
0.00
-1.19
-1.62
6.91
-2.18
1.85
-2.27
-6.37
-1.71
-6.91
0.00
0.00
-3.41
-2.28
-6.91
6.91
2.48
-2.84
6.91
-0.33
-3.32
-3.27
-1.02
0.00
-3.83
-0.47
0.00
-2.06
-1.33
0.00
6.91
-3.94
0.00
1.86
-1.50
-6.91
-0.99
3.20
-2.12
0.00
0.00
-0.42
-1.90
-1.58
0.61
0.00
0.00
0.00
0.00
0.00
0.00
0.00
0.00
0.00
0.00
0.00
0.00
0.00
0.00
0.00
0.00
0.00
0.00
-1.60
0.00
-6.91
1.75
-1.13
0.00
-6.91
1.89
-0.75
0.00
2.53
-2.38
0.00
-0.08
-0.86
-2.39
-0.71
-1.95
-0.81
-1.72
0.10
-1.46
-0.73
0.00
0.44
-1.78
-2.05
0.00
0.00
0.68
-2.12
0.86
-1.34
-2.78
0.09
-1.38
-0.41
-0.71
0.00
-6.91
0.00
6.91
0.00
-1.80
-6.91
4.67
-6.91
0.31
-1.50
-1.45
-3.69
0.00
-3.45
-6.91
0.00
0.00
0.00
-0.64
-0.59
0.00
-1.06
2.07
0.00
0.00
6.91
-6.91
0.00
5.15
-2.30
0.00
0.00
-0.81
-0.12
0.00
-1.18
-0.40
0.00
0.00
1.52
-0.86
0.00
-2.00
-6.91
5.33
0.00
1.66
1.93
0.00
0.00
0.00
0.00
0.00
0.00
0.00
0.00
0.00
0.00
0.00
0.00
0.00
0.00
0.00
0.00
0.00
0.00
0.00
-0.94
0.00
-0.41
0.00
-3.87
0.00
-0.33
0.00
-6.91
0.15
0.00
-1.67
6.91
0.00
0.00
0.00
0.00
1.98
0.00
0.77
1.25
0.00
-1.57
-0.25
0.00
0.00
-4.52
-1.74
-0.23
0.00
-0.90
0.00
0.00
1.96
1.71
0.92
0.00
-2.56
0.00
-2.65
-0.54
-6.91
0.00
0.00
0.00
0.00
0.42
0.00
0.00
0.00
-1.38
0.00
0.00
-2.50
-3.19
-1.35
2.43
2.32
-1.46
3.82
0.06
-4.35
-2.28
-1.14
0.00
-0.73
-0.50
0.00
-5.77
-0.76
0.00
1.48
-1.54
0.00
0.96
-1.33
-0.89
0.43
6.91
-6.91
0.00
0.00
-0.23
-0.34
0.24
-0.13
0.00
0.00
0.00
0.00
0.00
0.00
0.00
0.00
0.00
0.00
0.00
0.00
0.00
0.00
0.00
0.00
0.00
0.00
-2.25
0.00
-1.24
0.86
-0.94
0.00
-6.91
1.34
-0.55
0.00
2.06
-6.91
0.00
-0.90
-1.23
-2.39
-1.37
-6.91
-0.04
-0.69
0.00
-0.35
-0.41
0.00
0.64
-1.61
-0.68
0.00
0.00
0.81
-0.85
6.91
-0.60
-6.91
-0.96
-0.15
0.25
-1.82
0.00
-1.15
0.00
2.89
0.00
0.28
-1.35
1.04
-0.89
1.62
-2.10
-6.91
-0.87
-1.46
0.00
0.00
-1.36
-6.91
-1.61
1.08
0.12
-4.90
1.02
-1.48
-1.49
-1.78
-0.24
0.00
-3.12
-0.20
0.00
-1.10
-1.49
0.00
1.04
-2.48
0.00
0.54
-1.39
-0.91
-0.13
1.21
-4.29
0.00
0.00
-1.25
-1.11
-0.54
-1.02
0.00
0.00
0.00
0.00
0.00
0.00
0.00
0.00
0.00
0.00
0.00
0.00
0.00
0.00
0.00
0.00
0.00
0.00
-0.02
0.00
-2.27
0.65
-1.62
0.00
-1.08
0.68
-1.44
0.00
0.57
-1.54
0.00
-1.62
0.64
-1.94
-0.85
-0.78
-0.39
-2.06
-0.94
-0.67
-0.88
0.00
0.06
-0.85
-1.54
0.00
0.00
0.49
-1.17
0.38
-6.91
-1.41
-0.08
-0.06
-1.10
-0.49
0.00
-1.51
0.00
2.01
0.00
-0.09
-1.58
0.65
-1.21
0.39
-0.47
-0.71
-6.91
-1.10
1.58
0.00
-0.29
-2.15
-0.34
0.03
-0.05
-0.76
1.12
-7.14
-1.53
0.26
-1.39
0.00
-1.94
-6.91
3.13
-0.46
-1.59
1.00
-0.38
-3.51
0.00
-0.17
-0.43
-1.28
-1.67
0.59
-0.06
2.50
0.00
-1.16
0.26
-1.76
-0.28
0.00
0.00
0.00
0.00
0.00
0.00
0.00
0.00
0.00
0.00
0.00
0.00
0.00
0.00
0.00
0.00
0.00
0.00
0.11
1.00
-1.62
0.88
-1.49
6.91
-0.39
-0.07
-0.92
2.11
1.05
-0.56
2.13
-2.10
0.33
-0.07
-0.08
-1.30
-1.26
-1.50
-1.41
-1.20
0.47
1.14
-0.32
-1.80
-0.02
2.51
1.88
-0.67
-1.75
-0.18
-1.73
-0.17
-1.17
-3.13
-1.24
0.47
1.92
-3.38
1.99
-0.04
6.91
0.19
-1.17
0.07
0.17
-0.47
-0.51
-0.32
-1.82
-1.73
0.00
0.00
-1.72
-0.29
-0.79
0.00
6.91
-0.98
0.00
0.77
-1.42
-0.71
0.15
0.00
-0.85
-0.18
0.00
-1.68
-2.18
0.00
0.00
-0.81
0.00
3.24
0.16
-1.08
0.71
0.00
-0.71
0.00
0.00
0.41
-6.91
-0.50
0.44
-1.87
-1.93
0.00
0.00
1.49
0.00
-0.27
-0.88
0.00
-2.36
-2.57
1.01
-0.84
-6.91
0.00
-0.87
-1.32
-0.67
0.00
0.00
0.00
0.00
0.00
0.00
0.00
0.00
0.00
0.00
0.00
0.00
0.00
0.00
0.00
0.00
0.00
0.00
0.00
0.00
0.00
0.00
-6.91
0.00
1.25
-1.35
-1.71
0.00
0.00
3.64
-1.43
0.00
-1.36
-0.76
0.29
0.76
1.23
-1.43
0.00
-1.04
0.00
0.00
0.00
-2.99
-1.71
6.91
-1.61
1.91
-4.29
-0.82
-0.48
0.00
-6.91
-1.60
0.00
2.13
0.00
-1.28
-0.21
6.91
-1.76
1.26
0.00
0.00
1.68
-2.41
0.00
0.56
-6.91
0.00
0.00
-6.91
0.00
4.31
-1.29
0.05
2.05
0.00
1.00
-0.41
0.00
-2.18
-1.43
1.23
0.00
3.17
0.65
0.00
0.00
-6.91
-2.05
0.49
-1.46
1.64
0.00
-0.22
0.00
0.00
2.23
0.00
0.00
-1.25
0.00
0.00
1.04
0.00
0.00
0.00
0.00
0.00
0.00
0.00
0.00
0.00
0.00
0.00
0.00
0.00
0.00
0.00
0.00
0.00
0.00
0.00
0.00
0.00
0.00
0.00
-5.33
0.27
0.00
0.00
-2.15
-0.86
-1.56
0.00
-0.12
2.62
0.00
0.26
1.64
0.27
0.00
-6.91
0.00
-1.96
-1.07
-6.91
0.00
0.00
-1.07
0.00
-0.70
0.00
0.00
6.91
-3.52
0.00
0.00
-3.30
-1.00
-2.86
2.56
0.59
-1.10
1.96
-0.73
-1.32
-1.51
-0.44
0.00
-3.59
0.03
0.00
-1.02
-1.68
0.00
1.31
-0.95
0.00
3.33
-0.88
-1.03
-0.17
1.38
-1.44
0.00
0.00
-0.53
-0.88
-0.42
-0.01
-2.14
-6.91
0.00
0.00
1.41
6.91
-0.26
-2.46
6.91
-0.92
-0.96
-0.93
-4.66
-1.26
0.00
-4.68
-1.52
-0.13
0.00
0.00
0.00
0.00
0.00
0.00
0.00
0.00
0.00
0.00
0.00
0.00
0.00
0.00
0.00
0.00
0.00
0.00
0.00
0.00
0.00
0.00
-5.18
0.00
1.18
-0.81
-6.91
0.00
0.00
6.91
-2.07
6.91
-2.22
-1.15
-0.62
-1.29
0.43
-6.91
0.00
-2.12
0.00
6.91
0.00
-0.22
-6.91
1.23
-6.91
1.42
-6.91
-2.70
-0.20
6.91
-0.96
0.05
3.90
0.56
0.87
-6.91
-6.91
0.82
-2.22
-0.67
1.88
6.91
0.16
0.23
1.00
-0.04
-0.82
1.16
1.64
0.02
-6.91
0.98
0.59
-2.00
-0.06
2.36
0.02
-1.55
1.15
0.01
0.09
-1.11
0.00
0.43
0.15
6.91
2.73
-0.87
0.38
-1.96
-6.91
0.53
0.59
-2.10
1.10
0.00
-0.18
2.41
0.65
-0.87
1.66
0.30
0.76
0.00
0.00
0.00
0.00
0.00
0.00
0.00
0.00
0.00
0.00
0.00
0.00
0.00
0.00
0.00
0.00
0.00
0.00
0.00
0.00
0.00
0.00
3.11
-1.05
-1.25
1.17
1.94
-0.02
-0.85
-6.91
1.69
-2.44
0.26
2.24
-0.12
0.59
0.09
0.00
-1.47
1.50
-1.14
-7.93
0.22
0.00
0.51
-2.16
5.43
-1.25
0.00
3.30
0.70
-1.03
0.00
0.00
-1.52
-1.72
-6.91
0.41
0.22
-1.11
2.50
-0.73
-1.33
-0.39
-0.42
0.00
-0.74
-2.20
0.00
-1.28
-0.63
0.00
0.49
-6.91
0.00
-0.05
-3.20
-1.29
-0.42
0.33
-4.84
0.00
0.00
-0.37
-0.38
-3.81
-0.08
-1.02
-1.11
0.00
0.00
0.57
0.92
-2.17
-0.78
2.37
-1.53
-0.13
-0.19
-0.90
-6.91
0.00
-0.96
-6.91
-2.30
0.00
0.00
0.00
0.00
0.00
0.00
0.00
0.00
0.00
0.00
0.00
0.00
0.00
0.00
0.00
0.00
0.00
0.00
0.00
0.00
0.00
0.00
-0.13
0.00
1.00
-2.09
-2.27
0.00
0.00
1.51
-1.18
0.88
-1.38
-1.16
-1.54
-1.04
-0.75
0.04
0.00
-2.25
0.00
0.49
0.00
0.18
-6.91
1.03
-1.17
0.47
-1.97
-0.80
-6.91
0.00
-2.41
-1.57
0.00
0.00
0.00
-0.14
-0.18
0.00
-1.06
4.16
0.00
0.00
2.53
-0.49
0.00
1.28
-3.29
0.00
0.00
-1.12
-0.37
0.00
-6.91
-0.44
0.00
0.00
1.62
-1.53
0.00
-1.31
-1.12
1.80
0.00
2.35
1.48
0.00
0.00
-1.10
-1.41
0.17
-0.78
0.00
0.00
-0.28
0.00
0.00
6.91
0.00
0.00
-2.13
0.00
0.00
5.79
0.00
0.00
0.00
0.00
0.00
0.00
0.00
0.00
0.00
0.00
0.00
0.00
0.00
0.00
0.00
0.00
0.00
0.00
0.00
0.00
0.00
0.00
0.00
-0.91
0.03
0.00
0.00
-6.91
-0.82
-0.34
0.00
-1.11
0.00
0.00
2.46
1.55
1.04
0.00
-1.84
0.00
-6.91
-0.67
-1.77
0.00
0.00
-0.43
0.00
0.38
0.00
0.00
0.00
-7.31
0.00
0.00
-1.72
-6.91
-2.35
0.50
0.65
-0.84
0.81
-2.26
-6.91
-1.34
-0.83
0.00
-3.60
-1.54
0.00
-0.43
-1.99
0.00
0.46
-2.09
0.00
0.26
-3.13
-1.95
-0.98
3.72
-0.90
0.00
0.00
-1.48
-0.87
-1.03
0.37
-0.81
-1.83
0.00
0.00
0.55
1.53
-2.01
-6.91
6.91
-6.91
-0.66
-0.18
-2.06
-6.91
0.00
-0.62
-1.24
-1.68
0.00
0.00
0.00
0.00
0.00
0.00
0.00
0.00
0.00
0.00
0.00
0.00
0.00
0.00
0.00
0.00
0.00
0.00
0.00
0.00
0.00
0.00
-0.86
0.00
0.87
-1.30
-0.88
0.00
0.00
1.62
-3.33
0.73
-2.33
-3.69
-0.78
-0.81
0.15
-1.02
0.00
-2.30
0.00
1.54
0.00
-0.08
-2.43
1.08
-1.91
-0.01
-2.18
-0.98
-1.09
0.99
-0.15
0.97
0.99
1.17
0.19
-1.77
-3.07
-0.36
-1.22
-0.87
0.70
5.21
-0.50
0.79
2.30
-1.02
0.57
5.24
0.46
-0.25
-1.01
0.44
-0.08
-6.91
0.61
0.57
0.06
-2.80
1.88
0.51
1.00
-0.21
0.00
-0.25
-0.73
1.10
1.59
-0.72
-0.33
-2.82
-4.02
-0.23
0.74
-2.28
1.00
0.00
-1.49
1.52
1.60
-0.35
2.45
-0.09
-0.09
0.00
0.00
0.00
0.00
0.00
0.00
0.00
0.00
0.00
0.00
0.00
0.00
0.00
0.00
0.00
0.00
0.00
0.00
0.00
0.00
0.00
0.00
6.91
-1.24
-6.91
1.06
0.45
-0.54
-0.47
-2.48
0.03
-1.97
1.38
2.12
-1.09
-1.17
-0.74
1.21
0.30
0.16
0.51
-1.62
0.79
0.00
1.46
-1.11
2.69
-6.91
2.47
0.55
0.99
-1.50
1.33
0.00
-1.36
-6.91
-6.91
0.07
0.18
-2.96
2.78
-1.32
-2.83
0.00
-0.58
0.00
-2.22
-0.53
1.92
-0.86
-0.71
6.91
1.04
-2.39
0.00
-0.28
-6.91
-0.64
-1.00
0.67
-0.70
6.91
0.00
-1.85
0.03
-1.43
-2.19
0.05
-1.20
1.47
0.00
0.47
1.83
-1.62
-5.37
0.43
-1.98
-0.50
-1.49
-0.85
-0.41
0.00
-3.51
-1.34
-0.75
0.00
0.00
0.00
0.00
0.00
0.00
0.00
0.00
0.00
0.00
0.00
0.00
0.00
0.00
0.00
0.00
0.00
0.00
0.00
0.00
0.00
0.00
-0.09
6.91
1.11
-2.96
-0.80
0.00
0.00
0.36
-0.65
1.82
-2.41
-0.59
-1.05
-1.47
-0.47
-1.37
1.47
-1.45
0.00
0.49
0.00
-0.29
-0.78
0.50
-1.00
1.05
-0.06
-0.62
-1.59
0.00
-1.85
-0.54
0.00
0.00
0.00
-0.01
-0.59
2.44
-1.83
6.91
0.00
0.00
0.56
-3.64
0.00
0.93
-6.91
0.00
0.00
-1.38
-1.15
0.00
-1.47
0.07
6.91
0.00
0.63
-1.33
0.00
-6.91
-3.35
2.51
0.00
2.44
-0.03
0.00
0.00
-6.91
-0.80
0.05
-0.01
1.49
0.00
-0.23
0.00
0.00
3.11
0.00
0.00
-1.40
0.00
0.00
6.91
0.00
0.00
0.00
0.00
0.00
0.00
0.00
0.00
0.00
0.00
0.00
0.00
0.00
0.00
0.00
0.00
0.00
0.00
0.00
0.00
0.00
0.00
0.00
-6.91
0.35
0.00
0.00
-0.54
-1.79
-0.15
0.00
-0.87
6.91
0.00
0.91
0.96
1.21
0.00
-2.28
0.00
-4.31
-0.16
-2.12
0.00
0.00
0.08
0.00
0.11
0.00
0.00
6.91
0.00
-0.59
-0.43
3.06
1.21
1.56
-3.30
-1.11
0.64
-4.25
0.17
2.98
0.00
-0.65
-0.40
6.91
-0.44
-1.51
0.00
6.91
-1.08
-2.71
1.16
-0.29
-2.53
1.25
2.42
-0.63
-6.91
6.91
-1.65
0.67
0.21
0.00
0.51
0.33
0.00
6.91
-1.64
-0.13
-1.83
-1.30
1.12
0.87
-2.06
2.41
0.00
-0.01
0.00
6.91
-0.70
1.46
1.29
0.48
0.00
0.00
0.00
0.00
0.00
0.00
0.00
0.00
0.00
0.00
0.00
0.00
0.00
0.00
0.00
0.00
0.00
0.00
0.00
0.00
0.00
0.00
0.00
-1.02
-0.72
0.79
1.61
-0.14
-0.94
-0.96
3.41
-6.91
2.18
6.91
0.87
1.13
-0.34
0.00
-1.33
1.46
0.10
-6.91
0.33
0.00
6.91
-1.72
2.28
-2.43
0.00
6.91
0.92
-2.09
0.00
0.00
-6.91
-0.96
-2.03
1.57
1.42
-0.83
6.91
-2.17
-1.23
-1.45
-1.57
0.00
-2.05
-0.28
0.00
-6.91
-1.02
0.00
2.27
-3.48
0.00
0.15
-2.69
-6.91
-0.88
0.75
-6.91
0.00
0.00
0.13
-0.73
-0.24
0.26
-0.42
-1.53
0.00
0.00
0.43
0.81
-5.73
-6.91
1.69
-1.43
-1.68
-1.48
-1.49
-6.91
0.00
-6.91
-0.60
-1.37
0.00
0.00
0.00
0.00
0.00
0.00
0.00
0.00
0.00
0.00
0.00
0.00
0.00
0.00
0.00
0.00
0.00
0.00
0.00
0.00
0.00
0.00
-2.19
0.00
-0.07
-2.07
-2.36
0.00
0.00
0.99
-6.91
1.93
-0.87
-1.09
0.10
-0.98
-0.17
-0.38
0.00
-6.91
0.00
0.98
0.00
0.20
-6.91
1.12
-1.48
0.04
-0.62
-1.58
-3.72
0.00
-6.91
-2.61
0.00
0.00
0.00
-0.19
0.94
0.00
-0.78
2.85
0.00
0.00
6.91
-1.82
0.00
1.27
-2.08
0.00
0.00
-1.32
-0.83
0.00
-6.91
1.06
0.00
0.00
6.91
-0.33
0.00
-0.67
-2.69
6.91
0.00
2.39
0.91
0.00
0.00
-1.66
-6.91
0.41
-1.01
0.00
0.00
0.01
0.00
0.00
2.83
0.00
0.00
-4.99
0.00
0.00
6.91
0.00
0.00
0.00
0.00
0.00
0.00
0.00
0.00
0.00
0.00
0.00
0.00
0.00
0.00
0.00
0.00
0.00
0.00
0.00
0.00
0.00
0.00
0.00
-1.60
1.20
0.00
0.00
-3.25
-2.51
-0.31
0.00
0.14
0.00
0.00
1.40
5.44
1.67
0.00
-1.23
0.00
-6.91
-1.17
-6.91
0.00
0.00
-0.40
0.00
0.38
0.00
0.00
0.00
-0.29
0.54
3.87
0.08
-1.31
-0.57
0.64
-1.36
-0.78
-0.30
-2.71
-0.99
0.45
-1.13
1.76
-0.97
-1.10
1.49
-0.74
-1.11
2.51
0.21
-1.11
6.91
-1.02
-1.26
-1.57
-3.31
0.08
-0.09
1.03
1.69
-1.42
0.05
-4.16
-0.83
0.22
-0.37
2.61
6.91
0.30
0.33
-1.29
-1.15
-0.61
-0.18
1.12
-6.91
-0.28
-0.92
1.13
-0.37
-1.22
-3.15
0.00
0.00
0.00
0.00
0.00
0.00
0.00
0.00
0.00
0.00
0.00
0.00
0.00
0.00
0.00
0.00
0.00
0.00
0.00
0.00
0.00
0.00
-0.64
1.63
-0.92
-1.22
-0.40
6.91
1.07
-0.81
-0.31
-0.45
-1.93
0.56
-1.85
-6.91
-4.17
-0.41
5.55
-0.26
6.91
-0.36
6.91
1.45
-0.06
-0.04
-0.74
-0.64
0.55
-0.33
-0.99
-0.58
0.00
0.00
-1.38
-0.54
-0.69
0.00
0.00
0.18
0.00
0.25
-0.96
-1.39
0.07
0.00
-0.24
0.87
0.00
-0.63
-2.14
0.00
0.00
0.61
0.00
0.00
-0.19
-0.57
1.77
0.00
-1.27
0.00
0.00
0.81
-1.56
0.08
2.01
-1.38
-0.32
0.00
0.00
0.00
0.00
-0.34
-0.35
0.00
-0.40
-1.99
0.56
-0.54
-1.06
0.00
-0.16
0.57
-0.13
0.00
0.00
0.00
0.00
0.00
0.00
0.00
0.00
0.00
0.00
0.00
0.00
0.00
0.00
0.00
0.00
0.00
0.00
0.00
0.00
0.00
0.00
-2.46
0.00
0.00
0.17
-0.35
0.00
0.00
0.00
-0.71
0.00
0.09
-0.24
2.17
0.70
1.09
-0.76
0.00
0.58
0.00
0.00
0.00
-2.20
-1.22
0.00
-0.73
0.00
-3.05
-0.80
0.86
-6.91
0.00
0.00
-1.17
-1.08
-0.17
0.00
1.37
-0.46
0.00
0.32
-2.25
-1.19
1.01
0.00
-3.12
-0.17
0.00
-2.21
-1.18
0.00
0.00
-0.72
0.00
1.57
-1.35
-0.50
0.12
0.00
-3.57
0.00
0.00
0.54
-0.94
-0.21
0.66
-0.97
-1.18
0.00
0.00
1.45
6.91
-0.04
-0.49
0.00
-3.18
-2.27
0.75
-1.90
-1.03
0.00
-1.01
-0.71
-0.25
0.00
0.00
0.00
0.00
0.00
0.00
0.00
0.00
0.00
0.00
0.00
0.00
0.00
0.00
0.00
0.00
0.00
0.00
0.00
0.00
0.00
0.00
-6.91
0.00
3.32
-0.85
-0.85
0.00
0.00
1.96
-1.64
0.00
-0.55
-2.08
0.92
-0.67
1.35
-0.85
0.00
-0.38
0.00
0.00
0.00
-1.46
-0.83
2.23
-0.92
4.16
-1.36
-1.31
-1.15
-0.95
0.00
0.00
-0.57
-0.38
-1.06
0.00
0.00
0.56
0.00
0.40
-0.76
-0.71
0.04
0.00
-0.90
0.58
0.00
-6.91
-0.84
0.00
0.00
0.19
0.00
0.00
-0.29
-0.92
0.60
0.00
-0.11
0.00
0.00
0.60
-2.91
1.01
1.51
-2.91
-1.63
0.00
0.00
0.00
0.00
0.57
-0.18
0.00
-1.15
-2.26
1.18
-1.50
-0.26
0.00
-1.22
0.17
0.64
0.00
0.00
0.00
0.00
0.00
0.00
0.00
0.00
0.00
0.00
0.00
0.00
0.00
0.00
0.00
0.00
0.00
0.00
0.00
0.00
0.00
0.00
-1.07
0.00
0.00
0.02
-0.25
0.00
0.00
0.00
-0.16
0.00
-1.01
-0.61
1.77
0.80
1.17
-1.60
0.00
-0.62
0.00
0.00
0.00
-1.37
-0.87
0.00
-0.57
0.00
-6.91
-0.73
-0.17
-0.67
0.00
0.00
-0.65
-1.38
-0.62
3.09
2.05
-1.27
1.37
-0.06
-1.27
-0.92
-0.07
0.00
-1.20
-0.17
0.00
-1.97
-1.02
0.00
2.84
-0.76
0.00
1.55
-1.20
-1.49
-0.81
6.91
-1.22
0.00
0.00
-0.86
-0.95
-0.03
0.39
-2.03
-0.98
0.00
0.00
2.10
1.53
-2.61
-0.86
2.62
-1.74
-1.07
-0.67
-0.83
-2.20
0.00
-3.00
-6.91
-0.60
0.00
0.00
0.00
0.00
0.00
0.00
0.00
0.00
0.00
0.00
0.00
0.00
0.00
0.00
0.00
0.00
0.00
0.00
0.00
0.00
0.00
0.00
-0.77
0.00
0.59
-3.81
-2.42
0.00
0.00
1.81
-0.89
1.36
-6.91
-6.91
-0.84
-0.13
-0.12
-1.00
0.00
-6.91
0.00
3.49
0.00
0.41
-6.91
3.73
-1.86
1.12
-0.72
-6.91
-1.81
0.60
0.36
1.04
-0.92
-1.12
-1.17
-0.92
-0.81
-1.89
-0.33
-0.82
0.09
-0.55
-2.40
6.91
-0.36
-1.35
0.91
-0.08
-0.08
0.91
-1.05
-1.15
1.04
-0.42
-0.40
-1.72
-1.47
-0.10
-0.82
1.54
6.91
-3.48
1.51
-1.11
-1.77
0.14
0.50
0.74
2.17
-0.43
0.54
-1.43
-0.16
0.50
-0.74
1.58
-1.32
-0.02
0.03
0.86
-0.01
-0.52
-6.91
0.00
0.00
0.00
0.00
0.00
0.00
0.00
0.00
0.00
0.00
0.00
0.00
0.00
0.00
0.00
0.00
0.00
0.00
0.00
0.00
0.00
0.00
0.63
0.67
-1.07
-0.13
-0.85
1.08
3.18
-0.01
-0.02
-0.15
-0.52
-0.02
-6.91
-3.10
-1.26
1.26
2.47
-0.72
6.91
0.70
1.45
1.72
-0.42
-0.41
0.74
-0.11
0.30
0.29
-0.81
-0.48
1.46
0.00
-0.93
-1.41
-1.60
0.44
-0.36
-0.73
0.29
-6.91
-0.41
-0.55
-1.50
0.00
-1.79
-2.14
0.90
-0.20
-0.73
1.18
-0.19
-1.08
0.00
0.61
-1.86
-1.45
-1.17
0.14
-1.46
4.75
0.00
-6.91
0.92
-6.91
-2.24
-0.99
-1.32
2.41
0.00
-0.53
0.42
-2.43
-0.54
0.10
-1.01
0.56
-1.89
-0.81
-0.61
0.00
-1.22
-1.69
-1.98
0.00
0.00
0.00
0.00
0.00
0.00
0.00
0.00
0.00
0.00
0.00
0.00
0.00
0.00
0.00
0.00
0.00
0.00
0.00
0.00
0.00
0.00
0.43
6.91
-0.76
-2.29
-0.26
6.91
0.00
0.85
-0.17
-0.33
-0.30
0.45
-4.15
-1.17
-0.95
-0.02
2.58
-0.39
2.72
-0.37
0.00
1.40
-0.76
0.92
-0.27
0.36
-0.45
-0.23
-0.49
-0.27
1.28
1.20
0.11
-1.05
-1.05
-0.88
0.06
-2.13
0.11
-0.61
-0.61
1.04
-0.65
0.78
0.14
-1.69
1.07
0.30
0.26
0.96
0.24
-1.54
1.91
-1.67
-0.37
-0.42
-2.08
0.22
-0.98
0.72
1.32
-1.39
1.94
-0.62
-6.91
0.30
0.50
0.95
6.91
-1.15
-1.24
-1.22
-0.36
-0.43
-0.24
0.93
-6.91
-0.15
0.13
1.10
0.13
-0.32
-1.49
0.00
0.00
0.00
0.00
0.00
0.00
0.00
0.00
0.00
0.00
0.00
0.00
0.00
0.00
0.00
0.00
0.00
0.00
0.00
0.00
0.00
0.00
0.40
1.63
-1.75
-0.61
0.07
1.27
3.52
-0.29
-1.08
0.02
-0.24
0.16
-2.43
-0.73
-1.44
0.58
0.55
-0.61
0.46
-1.17
2.85
0.55
-0.13
-0.95
0.21
-2.19
1.39
-0.04
-1.25
0.01
1.93
2.26
-0.51
-2.43
-2.43
0.77
-0.82
-6.76
0.40
-6.91
-0.73
0.36
-6.91
1.76
-0.73
-1.72
1.60
0.63
0.19
2.59
0.34
-0.69
1.96
0.12
-0.50
-1.19
-6.91
0.81
-0.40
2.65
1.37
-2.59
0.38
-1.23
-2.66
0.01
-0.52
0.69
6.91
0.24
0.50
-0.60
-0.46
-0.51
-0.93
0.11
-6.91
-0.04
0.04
1.49
-0.62
-0.04
-6.91
0.00
0.00
0.00
0.00
0.00
0.00
0.00
0.00
0.00
0.00
0.00
0.00
0.00
0.00
0.00
0.00
0.00
0.00
0.00
0.00
0.00
0.00
0.65
0.85
-0.17
-1.52
0.28
6.91
6.91
-0.78
-1.00
0.13
-2.05
0.05
-3.39
-1.15
-0.71
0.15
0.51
-2.47
3.97
0.13
6.91
0.78
-0.40
-0.29
0.13
-0.14
0.17
0.09
-0.43
0.00
0.00
0.00
0.00
0.00
0.00
0.00
0.00
0.00
0.00
0.00
0.00
0.00
0.00
0.00
0.00
0.00
0.00
-6.91
-0.93
0.00
0.00
-1.46
0.00
6.91
-0.91
-2.22
1.00
0.00
-2.61
0.00
0.00
0.75
-6.91
0.36
1.22
-2.28
-1.46
0.00
0.00
1.84
0.00
-0.82
-2.87
0.00
-3.13
-4.10
0.87
-6.19
-1.00
0.00
-0.86
-0.60
0.74
-6.91
0.00
-2.56
6.91
-0.17
0.00
-0.38
2.38
-0.03
0.00
0.00
-1.99
0.00
-0.50
-0.88
-2.24
-0.84
-1.04
0.96
0.69
-0.15
0.72
0.00
0.00
0.00
0.00
0.00
0.00
0.00
0.00
0.00
0.00
0.00
0.00
0.00
0.00
0.00
-6.91
0.00
-2.00
0.00
0.00
0.00
-6.91
-0.97
2.65
-2.36
6.91
-6.91
-2.50
-1.19
0.00
0.00
0.00
0.00
0.00
0.00
0.00
0.00
0.00
0.00
0.00
0.00
0.00
0.00
0.00
0.00
0.00
0.00
0.00
0.00
-6.91
-0.45
3.25
-2.23
-0.59
1.83
0.00
1.02
-1.11
0.00
-4.10
-0.64
2.45
0.00
1.91
0.92
0.00
0.00
-2.52
-2.30
-1.16
-1.12
6.91
0.00
-1.93
0.00
0.00
2.54
0.00
0.00
-1.01
0.00
0.00
0.85
0.00
-6.91
0.00
-0.23
0.00
-6.91
0.00
0.36
3.01
-3.86
-1.10
0.00
-6.91
0.87
0.00
0.00
0.00
0.00
1.53
0.75
0.24
0.76
0.00
0.00
0.00
0.00
0.00
0.00
0.00
0.00
0.00
0.00
0.00
0.00
0.00
0.00
0.00
0.00
-6.91
0.00
-1.36
-1.75
-0.70
0.00
0.00
-0.34
0.00
0.13
0.00
0.00
1.65
0.00
0.00
0.00
0.00
0.00
0.00
0.00
0.00
0.00
0.00
0.00
0.00
0.00
0.00
0.00
0.00
0.00
0.00
1.98
1.69
-0.10
-1.42
0.98
0.53
-2.07
0.11
0.45
0.17
-0.89
0.20
-0.44
-0.14
-0.55
2.37
-0.01
-1.44
1.37
0.45
-0.93
-0.26
-6.91
-0.84
0.20
-0.03
-1.76
1.79
0.00
-1.61
6.91
1.12
1.28
0.52
1.30
-0.01
1.07
0.02
2.27
-2.17
-0.14
0.45
1.32
-6.91
0.16
-0.71
-0.48
0.10
0.17
-0.21
0.00
1.25
0.00
1.62
-0.86
0.07
-0.38
-1.39
0.00
0.00
0.00
0.00
0.00
0.00
0.00
0.00
0.00
0.00
0.00
0.00
0.00
0.00
0.00
4.73
-0.25
0.40
-0.19
-0.98
-0.21
0.00
0.95
-6.91
2.08
-6.91
2.23
2.54
-0.02
0.00
0.00
0.00
0.00
0.00
0.00
0.00
0.00
0.00
0.00
0.00
0.00
0.00
0.00
0.00
0.00
0.00
0.00
-0.87
-1.94
0.00
0.85
-6.91
0.00
-0.15
-6.91
-6.91
-1.80
2.27
-6.91
0.00
0.00
-0.15
-1.00
-3.02
-0.03
-1.74
-6.91
0.00
0.00
0.68
0.14
-2.65
-6.91
2.02
-1.40
-0.65
-0.70
-1.24
-0.74
0.00
-1.72
-3.28
-1.34
-0.21
0.00
-1.77
0.28
-1.56
0.00
-6.91
1.27
-3.32
0.00
1.13
-2.44
0.00
-0.51
0.37
-0.79
-1.25
-0.94
-1.91
-3.30
-0.23
-0.84
0.00
0.00
0.00
0.00
0.00
0.00
0.00
0.00
0.00
0.00
0.00
0.00
0.00
0.00
0.00
-2.02
0.00
-2.41
0.00
0.81
0.00
0.60
-1.61
0.38
-2.22
-0.22
-1.04
-3.64
-6.91
0.00
0.00
0.00
0.00
0.00
0.00
0.00
0.00
0.00
0.00
0.00
0.00
0.00
0.00
0.00
0.00
0.00
0.00
-1.78
-2.06
0.00
3.70
-0.91
0.00
6.91
-1.14
-3.56
0.45
6.91
-6.91
0.00
0.00
-0.68
-0.85
-1.39
0.20
-6.91
-6.91
0.00
0.00
0.77
3.66
-0.97
-1.63
6.91
-1.44
-0.49
0.09
-0.63
-1.55
0.00
-1.96
-0.24
-0.53
-1.01
0.00
-2.03
1.00
-0.32
0.00
-2.61
4.09
-0.15
0.00
1.48
-2.13
0.00
-0.65
-1.02
-2.89
-1.79
-0.89
-0.88
-0.98
-0.16
-0.33
0.00
0.00
0.00
0.00
0.00
0.00
0.00
0.00
0.00
0.00
0.00
0.00
0.00
0.00
0.00
-6.91
0.00
-1.39
0.00
6.91
0.00
-1.41
-2.31
1.75
-5.23
0.67
-3.18
-1.46
-0.76
0.00
0.00
0.00
0.00
0.00
0.00
0.00
0.00
0.00
0.00
0.00
0.00
0.00
0.00
0.00
0.00
0.00
0.00
0.00
0.00
-2.28
-0.15
0.00
-6.91
-0.28
0.00
0.00
1.05
0.15
0.00
-1.47
-1.17
2.24
0.00
1.71
3.55
0.00
0.00
-6.91
-2.52
0.45
0.22
0.00
0.00
-1.10
0.00
0.00
1.20
0.00
0.00
-6.91
0.00
0.00
1.28
0.00
-6.91
0.00
-0.56
0.00
-6.91
0.00
0.15
0.00
-1.93
-0.56
0.00
-1.19
1.30
0.00
0.00
0.00
0.00
1.63
6.91
1.01
2.43
0.00
0.00
0.00
0.00
0.00
0.00
0.00
0.00
0.00
0.00
0.00
0.00
0.00
0.00
0.00
0.00
-1.34
0.00
-2.59
0.06
-1.13
0.00
0.00
0.35
0.00
0.43
0.00
0.00
0.00
0.00
0.00
0.00
0.00
0.00
0.00
0.00
0.00
0.00
0.00
0.00
0.00
0.00
0.00
0.00
0.00
0.00
0.00
0.00
0.00
-3.21
0.40
0.00
-1.48
0.39
0.00
0.00
1.12
-1.01
0.00
-1.20
-1.17
1.27
0.00
6.91
0.35
0.00
0.00
-1.15
-2.25
-0.33
0.36
0.00
0.00
-1.00
0.00
0.00
2.71
0.00
0.00
-1.55
0.00
0.00
6.91
0.00
-2.53
0.00
0.01
0.00
-2.03
0.00
1.08
0.00
-1.58
-0.30
0.00
-2.11
6.91
0.00
0.00
0.00
0.00
1.33
0.00
1.96
1.91
0.00
0.00
0.00
0.00
0.00
0.00
0.00
0.00
0.00
0.00
0.00
0.00
0.00
0.00
0.00
0.00
-1.86
0.00
-1.18
-0.92
-1.70
0.00
0.00
-0.71
0.00
0.65
0.00
0.00
0.00
0.00
0.00
0.00
0.00
0.00
0.00
0.00
0.00
0.00
0.00
0.00
0.00
0.00
0.00
0.00
0.00
0.00
0.00
2.58
3.88
-1.24
-1.23
0.48
-0.21
-2.09
0.53
1.01
0.16
-3.78
0.52
-0.04
0.92
0.49
0.00
0.49
-0.56
2.26
6.91
-1.16
0.53
-0.97
-6.91
0.45
1.68
-6.91
1.36
0.00
-0.14
4.44
6.91
-0.45
1.79
0.06
0.04
6.91
-1.32
2.10
-6.91
0.45
-0.45
0.69
-6.91
0.54
-1.09
-3.52
0.78
-0.61
0.18
0.00
2.32
0.00
1.59
-1.31
0.22
-0.53
-0.19
0.00
0.00
0.00
0.00
0.00
0.00
0.00
0.00
0.00
0.00
0.00
0.00
0.00
0.00
0.00
6.91
-1.17
0.79
-0.19
-1.84
-0.66
0.00
0.77
-1.36
1.30
-1.76
1.47
1.11
0.06
0.00
0.00
0.00
0.00
0.00
0.00
0.00
0.00
0.00
0.00
0.00
0.00
0.00
0.00
0.00
0.00
0.00
0.00
-2.21
-2.69
0.00
0.97
-2.96
0.00
0.66
-0.68
-6.91
-0.39
2.03
-1.79
0.00
0.00
-0.94
-1.71
-1.46
-0.49
-6.91
-1.99
0.00
0.00
0.06
1.03
-1.49
-3.65
0.96
-1.27
-0.76
0.03
-1.27
-1.13
0.00
-1.48
-0.55
-0.23
-2.19
0.00
-1.30
2.56
-1.26
0.00
-6.91
0.53
-0.82
0.00
8.05
-3.19
0.00
-1.04
-0.44
-1.00
-0.43
-1.37
-1.01
-0.71
0.46
-0.31
0.00
0.00
0.00
0.00
0.00
0.00
0.00
0.00
0.00
0.00
0.00
0.00
0.00
0.00
0.00
-1.10
0.00
-1.48
0.00
0.83
0.00
-1.15
-6.91
2.04
-2.86
1.04
-2.42
-2.25
-1.22
0.00
0.00
0.00
0.00
0.00
0.00
0.00
0.00
0.00
0.00
0.00
0.00
0.00
0.00
0.00
0.00
0.00
0.00
0.00
2.63
-0.58
-6.91
1.66
0.07
-1.89
0.76
1.32
0.60
-1.80
1.48
-0.93
-0.62
-0.51
0.00
0.53
-0.57
0.00
2.39
-0.24
0.22
-1.75
-6.91
0.68
0.59
-1.58
0.93
0.00
-0.16
0.00
1.03
-0.83
1.06
0.82
-0.40
0.00
-0.44
1.79
-4.94
0.42
-0.72
1.53
-6.91
0.44
-0.06
-1.59
1.38
0.17
0.41
0.00
0.00
0.00
1.34
-0.30
0.42
0.04
-0.36
0.00
0.00
0.00
0.00
0.00
0.00
0.00
0.00
0.00
0.00
0.00
0.00
0.00
0.00
0.00
0.00
-2.41
0.47
0.03
-6.91
-0.03
0.00
2.51
-3.21
6.91
-1.24
0.00
1.93
1.82
0.00
0.00
0.00
0.00
0.00
0.00
0.00
0.00
0.00
0.00
0.00
0.00
0.00
0.00
0.00
0.00
0.00
0.00
-0.84
-0.42
6.91
1.95
-5.32
0.00
0.90
-2.58
-2.43
-1.98
0.80
-0.81
6.91
0.00
-2.18
-0.62
-2.61
-1.50
-0.65
-0.32
2.22
0.00
0.62
1.16
-1.60
-1.21
1.05
-6.91
-0.77
-0.20
-1.21
-1.35
0.00
-2.10
-6.91
-1.80
-0.28
2.58
-1.23
0.17
-6.02
0.00
-0.67
-0.18
-2.24
2.04
1.57
-1.07
0.00
-0.34
-0.03
-0.28
0.45
-2.18
-0.77
-2.65
-1.55
-0.33
0.00
0.00
0.00
0.00
0.00
0.00
0.00
0.00
0.00
0.00
0.00
0.00
0.00
0.00
0.00
-1.34
6.91
-2.61
0.00
1.25
0.00
0.19
-1.51
0.81
-0.24
0.21
-1.70
-0.75
-6.91
0.00
0.00
0.00
0.00
0.00
0.00
0.00
0.00
0.00
0.00
0.00
0.00
0.00
0.00
0.00
0.00
0.00
0.00
-3.20
-2.34
0.00
6.91
-1.77
0.00
3.21
-1.83
-2.70
0.28
6.91
-1.49
0.00
0.00
-0.38
-1.46
0.06
-0.01
-2.62
-2.72
0.00
0.00
1.35
1.58
-1.18
-0.89
2.86
-1.00
-1.13
-0.62
-1.91
-0.52
0.00
-2.07
-3.39
-1.04
-0.43
0.00
-0.45
6.91
-2.16
0.00
-1.23
1.22
-1.17
0.00
4.52
-1.85
0.00
-0.31
-1.22
-1.67
-1.97
-3.24
-0.63
-0.31
-0.57
0.52
0.00
0.00
0.00
0.00
0.00
0.00
0.00
0.00
0.00
0.00
0.00
0.00
0.00
0.00
0.00
-1.81
0.00
-3.45
0.00
1.08
0.00
-1.05
-1.83
1.06
-2.04
1.86
-1.60
-2.11
-0.48
0.00
0.00
0.00
0.00
0.00
0.00
0.00
0.00
0.00
0.00
0.00
0.00
0.00
0.00
0.00
0.00
0.00
0.00
0.96
-0.97
2.82
-1.03
-1.63
0.97
-0.24
-1.83
-0.38
-6.91
0.36
-0.78
0.50
2.60
-6.91
0.27
-2.42
-1.19
0.26
-0.40
0.67
1.57
-0.89
-0.87
-0.96
-0.75
0.49
-0.40
0.28
-1.77
1.02
-1.15
1.98
0.15
-1.92
-0.92
0.46
1.29
-0.74
0.17
-1.25
1.90
0.10
-0.02
-1.03
3.09
-0.71
-0.33
0.87
-1.22
1.37
-0.02
-0.06
-0.38
-6.91
-1.61
-3.48
-3.03
0.00
0.00
0.00
0.00
0.00
0.00
0.00
0.00
0.00
0.00
0.00
0.00
0.00
0.00
0.00
0.30
1.97
-0.13
1.74
0.20
1.28
0.77
-0.45
-1.19
0.21
-1.02
0.71
-0.22
-0.77
0.00
0.00
0.00
0.00
0.00
0.00
0.00
0.00
0.00
0.00
0.00
0.00
0.00
0.00
0.00
0.00
0.00
0.00
0.03
0.16
1.01
-0.61
-0.44
4.98
-1.01
-1.68
-1.92
-1.24
-0.05
-0.55
0.88
0.00
-4.59
1.04
-6.91
-0.33
-0.64
-1.23
0.80
1.96
0.15
0.34
-0.73
-1.60
1.17
-1.94
0.03
-1.32
-0.45
-0.10
6.91
-0.69
-0.49
-6.91
-0.30
1.74
-0.11
0.60
-2.42
6.91
-1.77
-0.23
-0.16
1.97
-0.36
-1.45
6.91
-6.91
1.40
0.14
1.14
-1.03
-2.24
-1.47
-0.32
-2.01
0.00
0.00
0.00
0.00
0.00
0.00
0.00
0.00
0.00
0.00
0.00
0.00
0.00
0.00
0.00
-0.64
4.34
-1.97
3.10
0.23
6.91
0.66
-0.72
-0.11
-0.69
-0.27
0.67
-0.32
-1.95
0.00
0.00
0.00
0.00
0.00
0.00
0.00
0.00
0.00
0.00
0.00
0.00
0.00
0.00
0.00
0.00
0.00
0.00
1.52
0.08
0.05
-0.88
-0.96
1.12
-0.98
-0.01
-0.04
-1.11
-0.52
-0.84
1.76
3.23
-1.46
0.66
-1.45
-2.74
1.57
0.44
0.36
3.04
-2.28
-0.42
-1.79
-0.72
-0.25
0.06
0.58
-0.71
0.04
0.52
2.06
-0.63
0.20
-2.87
1.72
1.49
1.15
-0.48
-0.28
2.57
-0.62
-0.60
0.01
1.06
0.06
-0.63
1.83
-4.10
0.74
1.25
1.12
0.12
-1.15
-0.61
-6.91
-1.10
0.00
0.00
0.00
0.00
0.00
0.00
0.00
0.00
0.00
0.00
0.00
0.00
0.00
0.00
0.00
0.15
0.71
-0.73
0.38
-1.25
1.32
1.36
0.41
-0.47
0.06
-0.92
0.56
0.11
-0.02
0.00
0.00
0.00
0.00
0.00
0.00
0.00
0.00
0.00
0.00
0.00
0.00
0.00
0.00
0.00
0.00
0.00
0.00
0.00
0.00
0.00
0.00
0.00
0.00
0.00
0.00
0.00
0.00
0.00
0.00
0.00
0.00
0.00
0.00
0.00
0.00
-6.91
-2.73
0.00
0.00
6.91
0.00
-0.98
-1.45
0.00
-1.88
-1.09
-0.14
-3.79
-1.76
0.00
-0.64
-1.31
0.15
-1.32
0.00
-1.69
0.00
-1.11
0.00
-1.73
1.93
-1.14
0.00
0.00
-1.48
0.00
0.43
-1.80
-6.91
-6.91
-0.61
-0.19
-0.10
0.91
-0.11
-6.91
0.00
2.19
-1.26
-0.89
0.00
0.00
6.91
-0.91
0.00
0.06
-2.45
0.78
0.86
1.08
0.00
0.00
0.00
0.00
0.00
0.00
0.00
0.00
0.00
0.00
0.00
0.00
0.00
0.00
0.00
0.00
0.00
0.00
0.00
0.00
0.00
0.00
0.00
0.00
0.00
0.00
0.00
0.00
0.00
0.00
0.00
0.00
0.00
0.00
0.00
0.00
0.00
0.00
0.00
0.00
0.00
0.00
0.00
0.00
0.00
0.00
0.00
0.00
0.00
0.00
0.00
0.00
-2.16
-6.91
-0.84
-1.26
6.91
0.00
-0.79
0.00
0.00
1.62
0.00
0.00
-1.45
0.00
0.00
1.61
0.00
-3.15
0.00
-0.52
0.00
-6.91
0.00
0.25
1.79
-3.32
-1.93
0.00
-3.97
2.13
0.00
0.00
0.00
0.00
2.25
1.39
1.14
1.23
0.00
-2.55
-0.66
0.00
0.00
-0.99
-3.36
0.06
0.00
-1.58
6.91
0.00
1.30
2.80
-0.16
0.00
0.00
0.00
0.00
0.00
0.00
0.00
0.00
0.00
0.00
0.00
0.00
0.00
0.00
0.00
0.00
0.00
0.00
0.00
0.00
0.00
0.00
0.00
0.00
0.00
0.00
0.00
0.00
0.00
0.00
0.00
0.00
0.00
0.00
0.00
0.00
0.00
0.00
0.00
0.00
0.00
0.00
0.00
0.00
0.00
0.00
0.00
0.00
0.00
0.00
-1.36
-0.54
0.00
0.00
0.39
0.22
-6.91
-0.87
0.36
-1.00
0.29
-0.53
-2.12
-1.22
0.00
-1.77
-6.91
-2.60
-0.15
0.00
-1.22
0.44
-6.91
0.00
-6.91
0.55
-1.21
0.00
1.55
-2.44
0.00
-0.59
-0.18
-1.14
-0.25
-3.73
-1.50
-0.98
0.12
-1.02
-0.30
0.00
0.43
-6.91
-0.55
0.00
0.00
0.70
-1.61
1.13
-1.03
-1.16
-0.36
-0.60
0.07
0.00
0.00
0.00
0.00
0.00
0.00
0.00
0.00
0.00
0.00
0.00
0.00
0.00
0.00
0.00
0.00
0.00
0.00
0.00
0.00
0.00
0.00
0.00
0.00
0.00
0.00
0.00
0.00
0.00
0.00
0.00
0.00
0.00
0.00
0.00
0.00
0.00
0.00
0.00
0.00
0.00
0.00
0.00
0.00
0.00
0.00
0.00
0.00
0.00
0.00
0.00
0.00
-2.27
-2.56
0.18
-0.95
0.00
0.00
-0.16
0.00
0.00
0.83
0.00
0.00
-6.91
0.00
0.00
1.26
0.00
-0.91
0.00
0.07
0.00
-1.33
0.00
0.72
0.00
-1.13
-1.22
0.00
-1.55
1.14
0.00
0.00
0.00
0.00
2.75
3.42
1.79
6.25
0.00
-6.91
0.89
0.00
0.00
-6.91
-1.75
-0.12
0.00
-0.75
0.00
0.00
6.91
1.75
1.37
0.00
0.00
0.00
0.00
0.00
0.00
0.00
0.00
0.00
0.00
0.00
0.00
0.00
0.00
0.00
0.00
0.00
0.00
0.00
0.00
0.00
0.00
0.00
0.00
0.00
0.00
0.00
0.00
0.00
0.00
0.00
0.00
0.00
0.00
0.00
0.00
0.00
0.00
0.00
0.00
0.00
0.00
0.00
0.00
0.00
0.00
0.00
0.00
0.00
0.00
0.00
1.10
-1.17
-0.52
-1.03
-3.75
0.61
6.91
-6.91
0.74
0.00
0.67
0.00
1.02
-0.97
1.32
0.93
0.25
0.00
-0.88
3.86
-1.44
0.94
-0.32
1.37
-0.81
0.10
-0.55
-6.91
0.87
-0.23
0.09
0.00
0.00
0.00
2.06
0.16
0.31
-0.92
-0.50
0.00
-1.36
-3.63
1.35
1.77
0.19
-0.52
-1.10
1.31
-1.81
0.75
6.91
-0.02
0.90
-0.98
0.00
0.00
0.00
0.00
0.00
0.00
0.00
0.00
0.00
0.00
0.00
0.00
0.00
0.00
0.00
0.00
0.00
0.00
0.00
0.00
0.00
0.00
0.00
0.00
0.00
0.00
0.00
0.00
0.00
0.00
0.00
0.00
0.00
0.00
0.00
0.00
0.00
0.00
0.00
0.00
0.00
0.00
0.00
0.00
0.00
0.00
0.00
0.00
0.00
0.00
0.00
0.00
-1.03
-1.41
0.13
0.00
0.00
0.00
-1.14
0.00
0.00
5.66
0.00
0.00
-1.76
0.00
0.00
6.91
0.00
-2.79
0.00
-0.65
0.00
-1.48
0.00
0.91
0.00
-1.41
-0.97
0.00
-2.47
1.22
0.00
0.00
0.00
0.00
1.12
0.00
2.29
1.77
0.00
-1.19
1.25
0.00
0.00
-0.74
-6.91
0.76
0.00
-0.84
0.00
0.00
1.08
2.02
0.57
0.00
0.00
0.00
0.00
0.00
0.00
0.00
0.00
0.00
0.00
0.00
0.00
0.00
0.00
0.00
0.00
0.00
0.00
0.00
0.00
0.00
0.00
0.00
0.00
0.00
0.00
0.00
0.00
0.00
0.00
0.00
0.00
0.00
0.00
0.00
0.00
0.00
0.00
0.00
0.00
0.00
0.00
0.00
0.00
0.00
0.00
0.00
0.00
0.00
0.00
-3.34
-0.38
0.00
0.00
0.00
0.00
0.73
-0.15
0.00
-0.67
-1.63
1.04
-0.46
-1.07
0.00
-0.12
-0.11
1.36
-2.02
0.00
-1.50
0.00
0.00
0.00
0.07
0.00
0.83
0.00
0.00
-1.35
0.00
0.12
-6.91
-0.91
-3.67
-1.01
1.38
0.89
0.55
1.93
-2.34
0.00
0.00
-0.76
-2.62
0.00
0.00
0.00
0.32
0.00
0.18
-0.03
0.31
0.52
1.95
0.00
0.00
0.00
0.00
0.00
0.00
0.00
0.00
0.00
0.00
0.00
0.00
0.00
0.00
0.00
0.00
0.00
0.00
0.00
0.00
0.00
0.00
0.00
0.00
0.00
0.00
0.00
0.00
0.00
0.00
0.00
0.00
0.00
0.00
0.00
0.00
0.00
0.00
0.00
0.00
0.00
0.00
0.00
0.00
0.00
0.00
0.00
0.00
0.00
0.00
-0.55
-6.91
0.00
0.00
0.24
1.09
-2.94
-6.91
0.90
-1.56
-0.09
-1.03
-3.18
-6.91
0.00
-1.06
-1.36
-1.25
-1.81
0.00
-1.12
0.79
-1.57
0.00
-1.26
1.71
-2.73
0.00
1.33
-6.91
0.00
-0.95
-1.47
-0.52
-1.92
-1.89
-0.25
-0.05
-0.60
-0.35
-0.83
0.00
1.78
-1.87
-1.86
0.00
0.00
1.13
-2.51
1.83
-0.83
-0.72
-0.82
0.08
-0.65
0.00
0.00
0.00
0.00
0.00
0.00
0.00
0.00
0.00
0.00
0.00
0.00
0.00
0.00
0.00
0.00
0.00
0.00
0.00
0.00
0.00
0.00
0.00
0.00
0.00
0.00
0.00
0.00
0.00
0.00
0.00
0.00
0.00
0.00
0.00
0.00
0.00
0.00
0.00
0.00
0.00
0.00
0.00
0.00
0.00
0.00
0.00
0.00
0.00
0.00
6.91
1.06
-1.17
0.74
-6.91
-6.91
0.33
1.44
-2.68
0.77
0.00
0.30
2.27
6.91
0.29
4.04
1.04
0.03
6.91
-0.36
7.58
-6.91
0.90
-0.22
0.20
-5.42
1.54
0.10
-6.91
0.71
0.28
0.13
0.00
6.91
0.00
0.56
-1.25
0.31
-0.40
-0.95
1.34
-0.54
-6.91
0.22
2.21
-0.35
-0.26
-3.83
2.67
-1.89
-0.03
4.98
-0.23
0.11
-0.09
0.00
0.00
0.00
0.00
0.00
0.00
0.00
0.00
0.00
0.00
0.00
0.00
0.00
0.00
0.00
0.00
0.00
0.00
0.00
0.00
0.00
0.00
0.00
0.00
0.00
0.00
0.00
0.00
0.00
0.00
0.00
0.00
0.00
0.00
0.00
0.00
0.00
0.00
0.00
0.00
0.00
0.00
0.00
0.00
0.00
0.00
0.00
0.00
0.00
0.00
-6.91
-1.20
0.00
0.00
0.61
3.02
-0.16
-0.77
1.72
-1.19
-0.46
0.32
-2.96
-6.91
0.00
-1.48
-0.12
0.02
-5.05
0.00
-6.91
1.12
-0.36
0.00
-2.33
1.62
-1.68
0.00
6.91
-1.30
0.00
0.50
-0.28
-1.27
-0.97
-0.70
-0.34
-1.55
-0.08
-1.25
-6.91
0.00
1.43
-0.73
-6.91
0.00
0.00
1.15
-1.75
1.71
-1.48
-2.71
-0.65
0.03
-0.43
0.00
0.00
0.00
0.00
0.00
0.00
0.00
0.00
0.00
0.00
0.00
0.00
0.00
0.00
0.00
0.00
0.00
0.00
0.00
0.00
0.00
0.00
0.00
0.00
0.00
0.00
0.00
0.00
0.00
0.00
0.00
0.00
0.00
0.00
0.00
0.00
0.00
0.00
0.00
0.00
0.00
0.00
0.00
0.00
0.00
0.00
0.00
0.00
0.00
0.00
1.00
0.77
-1.02
0.17
-5.83
-2.29
-0.28
-0.00
-1.99
0.11
0.00
-0.10
6.91
1.30
-0.03
2.31
0.31
-0.78
1.25
-1.08
2.07
-2.50
0.78
0.60
0.46
-6.91
-0.44
-0.21
-0.73
0.81
1.06
-0.49
0.00
1.26
0.00
2.65
-1.02
-0.28
-1.27
-0.62
1.12
-0.38
-6.91
1.35
2.16
-0.47
0.40
-1.35
0.17
-0.62
0.32
1.95
-0.77
-0.72
-1.15
0.00
0.00
0.00
0.00
0.00
0.00
0.00
0.00
0.00
0.00
0.00
0.00
0.00
0.00
0.00
0.00
0.00
0.00
0.00
0.00
0.00
0.00
0.00
0.00
0.00
0.00
0.00
0.00
0.00
0.00
0.00
0.00
0.00
0.00
0.00
0.00
0.00
0.00
0.00
0.00
0.00
0.00
0.00
0.00
0.00
0.00
0.00
0.00
0.00
0.00
-6.91
-1.27
0.00
0.00
1.24
0.00
-0.08
-0.85
0.00
-0.67
-2.08
0.16
-2.35
-2.42
0.00
-2.36
-1.24
-0.19
-1.09
0.00
-1.66
0.00
-1.13
0.00
-2.68
1.53
0.05
0.00
0.00
-1.60
0.00
0.70
-0.90
-4.89
-1.79
-0.97
-0.26
0.50
0.72
-0.00
-1.92
0.00
1.78
-0.02
-6.91
0.00
0.00
1.67
-1.15
0.00
-1.26
-3.46
0.97
-0.16
0.72
0.00
0.00
0.00
0.00
0.00
0.00
0.00
0.00
0.00
0.00
0.00
0.00
0.00
0.00
0.00
0.00
0.00
0.00
0.00
0.00
0.00
0.00
0.00
0.00
0.00
0.00
0.00
0.00
0.00
0.00
0.00
0.00
0.00
0.00
0.00
0.00
0.00
0.00
0.00
0.00
0.00
0.00
0.00
0.00
0.00
0.00
0.00
0.00
0.00
0.00
-0.59
-2.05
0.00
0.00
1.69
1.09
-1.12
-0.55
2.24
-1.93
-1.14
-0.96
-6.91
-3.57
0.00
-6.91
-2.33
-0.19
-0.48
0.00
-1.46
1.03
-2.09
0.00
-1.89
1.54
-0.71
0.00
2.12
-6.91
0.00
-0.10
-1.11
-0.73
-0.17
-1.61
-0.60
-0.35
-0.51
-1.17
-0.71
0.00
0.63
-1.56
-2.78
0.00
0.00
2.57
-1.52
1.31
-1.80
-3.15
-0.21
-0.77
-0.41
0.00
0.00
0.00
0.00
0.00
0.00
0.00
0.00
0.00
0.00
0.00
0.00
0.00
0.00
0.00
0.00
0.00
0.00
0.00
0.00
0.00
0.00
0.00
0.00
0.00
0.00
0.00
0.00
0.00
0.00
0.00
0.00
0.00
0.00
0.00
0.00
0.00
0.00
0.00
0.00
0.00
0.00
0.00
0.00
0.00
0.00
0.00
0.00
0.00
0.00
-0.24
-0.20
1.60
0.00
1.05
1.32
-6.91
-0.88
2.18
-3.44
-0.83
-2.10
-1.34
-1.28
0.00
-0.57
-1.68
-0.61
-1.09
6.91
-0.99
-0.05
-1.29
0.00
-2.30
0.85
-2.91
1.42
1.54
-1.18
0.00
-0.88
-0.51
-0.52
-0.65
-0.57
-1.40
-0.43
-1.53
-0.84
-1.61
6.91
0.80
-1.10
-0.56
0.00
0.00
0.15
-1.67
2.15
-2.85
-0.91
-2.13
-0.59
-1.10
0.00
0.00
0.00
0.00
0.00
0.00
0.00
0.00
0.00
0.00
0.00
0.00
0.00
0.00
