0.00
0.00
0.00
0.00
0.00
0.00
0.00
0.00
0.00
0.00
0.00
0.00
0.00
0.00
0.00
0.00
0.00
0.00
-6.91
-1.36
0.00
1.73
-2.16
0.00
0.81
-0.52
-1.66
-0.40
0.00
-2.14
0.00
0.00
-0.25
-0.70
0.11
1.38
-6.91
-1.87
0.00
0.00
1.39
6.91
-0.39
-0.44
0.00
-1.14
-6.91
0.50
-1.42
-6.91
0.00
-0.49
-0.03
-0.45
-6.91
0.00
-0.95
1.79
-1.70
0.00
-0.55
1.44
-0.66
0.00
0.00
-1.42
0.00
-0.76
-0.43
-1.24
-2.37
-1.03
0.51
-0.60
-0.23
0.34
-2.70
0.00
3.03
-0.82
-3.45
0.00
0.00
1.63
-0.63
0.00
-1.11
-1.48
0.69
0.54
1.05
0.00
0.00
0.00
0.00
0.00
0.00
0.00
0.00
0.00
0.00
0.00
0.00
0.00
0.00
0.00
0.00
0.00
0.00
0.00
0.00
0.00
0.00
0.00
0.00
0.00
0.00
0.00
0.00
0.00
0.00
0.00
0.00
0.00
0.00
-1.82
-1.70
2.48
-1.00
-0.44
2.73
0.00
3.22
-2.04
0.00
-1.96
-0.55
1.99
0.00
1.80
0.33
0.00
0.00
-6.91
-6.13
-0.29
-0.05
1.36
0.00
-0.78
0.00
0.00
2.15
0.00
0.00
-6.91
0.00
0.00
6.91
0.00
-2.14
0.00
-0.84
0.00
-2.01
0.00
-1.10
3.89
-1.19
-1.68
0.00
-1.06
2.66
0.00
0.00
0.00
0.00
1.22
2.68
-0.04
2.97
0.00
-6.91
-0.49
0.00
0.00
-0.94
-0.83
-1.62
0.00
-0.37
6.91
0.00
1.76
1.24
0.51
0.00
0.00
0.00
0.00
0.00
0.00
0.00
0.00
0.00
0.00
0.00
0.00
0.00
0.00
0.00
0.00
0.00
0.00
0.00
0.00
0.00
0.00
0.00
0.00
0.00
0.00
0.00
0.00
0.00
0.00
0.00
0.00
0.00
0.00
-2.30
-0.91
0.00
-2.24
0.73
0.00
0.00
1.43
0.04
0.00
-1.95
-0.61
6.91
0.00
0.00
6.91
0.00
0.00
-2.43
-1.76
0.98
0.36
0.00
0.00
-0.00
0.00
0.00
6.91
0.00
0.00
-1.54
0.00
0.00
0.00
0.00
-2.17
0.00
-0.46
0.00
-1.71
0.00
0.15
0.00
-3.32
-0.43
0.00
-2.08
6.91
0.00
0.00
0.00
0.00
1.24
0.00
0.92
6.91
0.00
-0.83
-0.15
0.00
0.00
-3.28
-1.41
0.60
0.00
0.39
0.00
0.00
2.18
2.27
0.51
0.00
0.00
0.00
0.00
0.00
0.00
0.00
0.00
0.00
0.00
0.00
0.00
0.00
0.00
0.00
0.00
0.00
0.00
0.00
0.00
0.00
0.00
0.00
0.00
0.00
0.00
0.00
0.00
0.00
0.00
0.00
0.00
-3.61
-2.46
0.00
1.21
-0.50
0.00
0.98
-1.38
-0.90
-0.22
6.91
-1.32
0.00
0.00
0.15
-0.68
-0.06
-0.18
-0.81
-6.03
0.00
0.00
2.15
1.83
-0.57
-1.79
2.60
-1.01
-0.30
-1.02
-1.10
-1.52
0.00
-2.58
-2.11
-1.39
-2.77
0.00
-1.42
0.79
-1.60
0.00
-6.91
1.05
-0.12
0.00
1.02
-1.04
0.00
-0.78
-0.65
-0.69
-0.30
-1.96
0.06
-0.95
-0.64
-0.01
-0.80
0.00
1.34
-2.33
-6.91
0.00
0.00
3.69
-2.09
6.26
-0.52
-0.87
-0.83
0.10
-0.43
0.00
0.00
0.00
0.00
0.00
0.00
0.00
0.00
0.00
0.00
0.00
0.00
0.00
0.00
0.00
0.00
0.00
0.00
0.00
0.00
0.00
0.00
0.00
0.00
0.00
0.00
0.00
0.00
0.00
0.00
0.00
0.00
-1.67
-1.93
6.91
1.60
-6.91
0.00
1.22
-2.05
-1.68
-0.44
0.31
-1.08
0.00
0.00
-1.69
-0.96
-1.89
-0.10
-1.45
-0.71
1.48
0.00
1.15
0.53
-3.28
-1.90
2.06
-1.36
-0.60
-2.72
-1.78
-2.49
0.00
-0.88
-3.81
-0.97
-0.36
2.07
-1.81
1.18
-1.72
0.00
-0.95
0.39
-6.91
0.00
1.54
-2.64
0.00
-0.50
0.20
-1.17
-0.21
-3.21
-1.96
-0.96
0.04
-1.66
-1.51
1.73
1.22
-1.52
-0.52
0.00
0.00
1.10
-1.45
2.18
-1.93
-2.82
-0.45
-2.04
0.12
0.00
0.00
0.00
0.00
0.00
0.00
0.00
0.00
0.00
0.00
0.00
0.00
0.00
0.00
0.00
0.00
0.00
0.00
0.00
0.00
0.00
0.00
0.00
0.00
0.00
0.00
0.00
0.00
0.00
0.00
0.00
0.00
-0.42
-1.75
0.00
0.30
-1.37
0.00
-0.06
-0.53
-6.91
-0.98
0.85
-2.07
0.00
0.00
-0.36
-1.24
-0.86
-0.75
-2.90
-6.91
0.00
0.00
0.62
1.77
-2.92
-1.30
0.66
-3.34
0.30
-0.92
-0.98
-1.32
0.00
-1.88
-0.45
-0.69
-1.15
0.00
-1.07
1.67
-2.04
0.00
-1.33
1.21
-0.67
0.00
0.84
-2.76
0.00
-0.48
-0.96
-0.37
-1.17
-1.42
-0.87
-0.86
0.01
-0.59
-0.77
0.00
0.45
-1.17
-1.33
0.00
0.00
1.33
-6.91
0.61
-3.07
-4.08
-0.67
-0.51
-1.07
0.00
0.00
0.00
0.00
0.00
0.00
0.00
0.00
0.00
0.00
0.00
0.00
0.00
0.00
0.00
0.00
0.00
0.00
0.00
0.00
0.00
0.00
0.00
0.00
0.00
0.00
0.00
0.00
0.00
0.00
0.00
0.00
1.79
0.92
-0.28
-3.24
1.19
-0.08
-4.43
0.35
0.95
0.17
-1.52
1.73
-1.05
0.60
0.60
0.00
0.85
0.13
6.91
3.05
-1.67
0.27
-1.67
-1.34
1.72
0.62
-6.91
3.22
0.00
-0.58
0.00
2.18
0.40
0.73
2.10
0.81
0.00
-1.56
1.42
-1.40
0.67
-0.18
0.53
-2.58
0.44
-0.53
-1.07
1.70
0.13
-0.11
0.00
0.00
0.00
1.95
-0.91
0.85
0.25
0.03
0.00
-0.17
-3.10
1.64
6.91
-0.56
-0.69
-6.91
1.34
-2.74
-0.00
1.68
-0.89
0.68
-1.23
0.00
0.00
0.00
0.00
0.00
0.00
0.00
0.00
0.00
0.00
0.00
0.00
0.00
0.00
0.00
0.00
0.00
0.00
0.00
0.00
0.00
0.00
0.00
0.00
0.00
0.00
0.00
0.00
0.00
0.00
0.00
0.00
1.41
2.64
-1.14
-6.91
0.99
0.73
-1.39
0.45
0.28
-0.74
-0.81
0.31
0.08
0.51
-0.30
0.00
-0.22
-0.91
1.83
0.70
-1.14
-0.33
-6.91
-1.78
0.71
0.18
-6.91
1.18
0.00
-0.04
6.91
0.85
-0.08
0.78
0.76
-0.45
1.29
0.14
6.91
-6.91
0.94
-0.71
0.38
-3.00
1.29
-0.64
-1.34
0.80
-0.63
-0.56
0.00
2.44
0.00
1.83
-0.79
-0.99
-0.86
-1.02
1.32
-1.33
-1.98
1.20
2.28
0.80
0.66
-3.58
0.61
-2.64
-0.08
1.03
-1.13
0.51
-0.31
0.00
0.00
0.00
0.00
0.00
0.00
0.00
0.00
0.00
0.00
0.00
0.00
0.00
0.00
0.00
0.00
0.00
0.00
0.00
0.00
0.00
0.00
0.00
0.00
0.00
0.00
0.00
0.00
0.00
0.00
0.00
0.00
-0.09
-2.09
6.91
1.13
-1.22
0.00
0.21
-1.22
-2.15
-0.79
0.64
-2.53
2.43
0.00
-0.49
0.44
-1.08
-1.83
-0.06
-2.40
2.62
0.00
-0.37
0.63
-6.91
-1.69
1.25
-3.74
-0.30
-1.99
-0.11
-0.63
0.00
-0.87
-2.17
-0.75
-0.93
3.23
-1.53
0.19
-6.91
0.00
-1.21
0.84
-6.91
6.91
0.93
-1.51
0.00
-0.75
-0.66
-1.36
-0.22
-1.60
-1.48
-0.97
-0.52
-2.23
0.26
2.52
-0.54
-6.91
0.01
0.00
0.00
0.95
-1.14
1.80
-3.11
-0.26
-0.49
-0.49
-0.88
0.00
0.00
0.00
0.00
0.00
0.00
0.00
0.00
0.00
0.00
0.00
0.00
0.00
0.00
0.00
0.00
0.00
0.00
0.00
0.00
0.00
0.00
0.00
0.00
0.00
0.00
0.00
0.00
0.00
0.00
0.00
0.00
0.00
3.67
-0.76
-3.73
3.08
0.13
-4.74
1.46
3.31
0.70
-6.91
2.60
-0.99
0.29
0.59
0.00
0.32
-0.65
0.00
3.32
-0.19
-0.51
-1.20
-6.91
0.51
1.99
-2.77
1.52
0.00
-0.49
0.00
6.91
-0.67
1.57
0.81
0.95
0.00
-1.17
6.91
-6.91
0.94
-1.48
0.94
-0.83
0.93
-0.19
-6.91
3.00
-1.14
-0.23
0.00
0.00
0.00
5.85
-0.17
-0.24
-0.20
0.37
0.00
-1.84
-2.05
0.54
0.00
-0.55
-0.79
-6.91
1.78
-1.73
3.52
2.06
-0.47
0.25
-0.75
0.00
0.00
0.00
0.00
0.00
0.00
0.00
0.00
0.00
0.00
0.00
0.00
0.00
0.00
0.00
0.00
0.00
0.00
0.00
0.00
0.00
0.00
0.00
0.00
0.00
0.00
0.00
0.00
0.00
0.00
0.00
0.00
-0.81
-0.27
6.91
0.57
-1.44
5.11
0.05
-2.66
-2.48
-1.31
0.94
-1.13
6.91
0.00
-6.91
-0.38
-2.60
-0.61
-0.11
-1.40
1.17
6.91
-1.12
0.61
-0.50
-1.24
0.13
-0.15
1.27
-1.59
0.16
-0.64
2.02
-1.18
-0.43
-3.54
0.02
6.91
-0.15
0.75
-1.34
6.91
-1.86
-0.82
-1.31
1.03
0.61
-0.05
6.91
-6.91
0.81
-0.64
0.70
-0.94
-1.16
-1.81
-0.57
-6.91
-0.39
0.93
-1.38
-1.27
-0.74
3.25
6.91
-0.29
-0.48
-0.05
-2.49
-0.62
-1.09
-2.00
-2.95
0.00
0.00
0.00
0.00
0.00
0.00
0.00
0.00
0.00
0.00
0.00
0.00
0.00
0.00
0.00
0.00
0.00
0.00
0.00
0.00
0.00
0.00
0.00
0.00
0.00
0.00
0.00
0.00
0.00
0.00
0.00
0.00
-2.36
-6.91
0.00
1.08
-1.88
0.00
1.64
-1.56
-1.18
-1.38
6.91
-2.29
0.00
0.00
-0.19
-0.51
-0.27
0.20
-0.61
-6.91
0.00
0.00
1.77
2.73
-2.04
-1.78
1.20
-4.15
-0.05
-0.07
-0.83
-1.39
0.00
-2.34
-1.22
-1.03
-2.01
0.00
-1.27
1.21
-6.91
0.00
-0.96
2.22
-1.41
0.00
3.26
-1.86
0.00
-0.16
-0.77
-0.53
-0.76
-6.91
-0.41
-0.20
-1.04
-0.75
-0.80
0.00
1.50
-1.42
-1.29
0.00
0.00
2.97
-5.22
1.08
-3.64
-3.57
0.14
-0.76
0.66
0.00
0.00
0.00
0.00
0.00
0.00
0.00
0.00
0.00
0.00
0.00
0.00
0.00
0.00
0.00
0.00
0.00
0.00
0.00
0.00
0.00
0.00
0.00
0.00
0.00
0.00
0.00
0.00
0.00
0.00
0.00
0.00
-6.91
-1.43
0.00
1.88
-0.50
0.00
1.52
-1.73
-0.77
0.52
0.00
-1.94
0.00
0.00
0.99
-1.89
0.13
-0.35
-0.70
-0.55
0.00
0.00
1.55
6.91
-1.13
-1.02
0.00
-1.00
-1.35
0.91
-1.84
-1.52
0.00
-3.75
-0.56
-0.02
-3.56
0.00
-6.91
2.34
-1.12
0.00
-1.08
2.44
-1.19
0.00
0.00
-0.64
0.00
-0.47
-1.67
-2.62
-2.91
-0.90
-0.29
-0.38
0.93
-0.33
-1.42
0.00
2.55
-0.30
-2.87
0.00
0.00
1.83
-0.60
0.00
-1.20
-1.96
0.21
0.51
0.37
0.00
0.00
0.00
0.00
0.00
0.00
0.00
0.00
0.00
0.00
0.00
0.00
0.00
0.00
0.00
0.00
0.00
0.00
0.00
0.00
0.00
0.00
0.00
0.00
0.00
0.00
0.00
0.00
0.00
0.00
0.00
0.00
-0.10
-0.61
2.67
0.17
-1.38
2.21
-1.29
-2.17
-0.60
-1.16
0.10
-0.36
0.88
5.01
-3.14
0.81
-6.91
-2.73
-0.59
-0.01
0.79
6.91
-0.14
-0.16
-3.16
-1.68
-0.32
-1.28
1.67
-2.87
0.57
-1.34
1.61
-0.42
-0.99
-1.96
-0.34
0.95
-0.45
0.41
-0.66
3.15
-0.54
0.12
-3.03
1.72
-0.03
-1.69
2.65
-1.77
-0.05
-0.48
0.21
-1.06
-2.97
-6.91
-6.91
-2.72
0.67
1.86
-0.59
-2.66
0.28
0.87
6.91
-1.02
-0.18
0.20
-0.33
-0.11
-6.91
-1.76
-3.16
0.00
0.00
0.00
0.00
0.00
0.00
0.00
0.00
0.00
0.00
0.00
0.00
0.00
0.00
0.00
0.00
0.00
0.00
0.00
0.00
0.00
0.00
0.00
0.00
0.00
0.00
0.00
0.00
0.00
0.00
0.00
0.00
0.00
0.00
-1.33
-0.33
0.00
-1.75
0.38
0.00
0.00
1.37
0.36
0.00
-2.58
-5.74
6.91
0.00
0.00
4.33
0.00
0.00
-2.18
-0.94
0.58
-0.64
0.00
0.00
-0.05
0.00
0.00
1.16
0.00
0.00
-1.22
0.00
0.00
0.00
0.00
-1.74
0.00
0.61
0.00
-1.22
0.00
0.29
0.00
-1.20
-0.48
0.00
-1.05
2.92
0.00
0.00
0.00
0.00
1.83
0.00
2.20
6.91
0.00
-1.42
1.45
0.00
0.00
-0.82
-1.13
0.00
0.00
-0.25
0.00
0.00
6.91
0.00
1.73
0.00
0.00
0.00
0.00
0.00
0.00
0.00
0.00
0.00
0.00
0.00
0.00
0.00
0.00
0.00
0.00
0.00
0.00
0.00
0.00
0.00
0.00
0.00
0.00
0.00
0.00
0.00
0.00
0.00
0.00
0.00
0.00
-6.91
-6.91
0.00
2.09
-1.76
0.00
1.41
-1.23
-6.91
-1.24
6.91
-2.06
0.00
0.00
-0.91
-1.86
-0.97
-0.03
-0.79
-1.93
0.00
0.00
1.03
1.63
-0.99
-1.08
1.37
-1.31
-0.47
-0.99
-0.65
-3.04
0.00
-4.17
-3.55
-1.16
-0.59
0.00
-1.45
0.81
-1.17
0.00
-6.91
0.31
-2.33
0.00
6.91
-2.91
0.00
-1.52
-0.44
-6.91
-0.07
-1.19
0.23
-0.16
-0.18
-1.22
-1.18
0.00
1.89
-3.47
-0.94
0.00
0.00
1.54
-1.29
6.91
-0.63
-3.24
-1.17
-1.61
0.61
0.00
0.00
0.00
0.00
0.00
0.00
0.00
0.00
0.00
0.00
0.00
0.00
0.00
0.00
0.00
0.00
0.00
0.00
0.00
0.00
0.00
0.00
0.00
0.00
0.00
0.00
0.00
0.00
0.00
0.00
0.00
0.00
1.14
-0.93
1.84
-0.41
-0.25
1.63
-0.35
-0.23
-0.06
-3.91
-0.44
-0.28
1.91
1.77
-6.91
0.47
-6.91
-6.91
0.96
0.02
0.24
1.69
-0.34
-0.45
-1.28
-1.18
-0.80
-0.76
0.86
-1.40
0.74
-0.89
3.46
-0.30
-0.90
-3.17
0.39
2.23
0.60
-1.02
-1.65
6.91
-0.45
-0.11
-0.88
1.20
0.13
-0.41
1.05
-0.80
0.40
0.30
1.71
-0.17
-6.91
-1.67
-2.78
-2.42
0.72
0.86
-1.12
-1.10
0.55
2.94
6.91
-0.26
-0.67
-0.91
-1.39
0.07
-6.91
-0.65
-6.91
0.00
0.00
0.00
0.00
0.00
0.00
0.00
0.00
0.00
0.00
0.00
0.00
0.00
0.00
0.00
0.00
0.00
0.00
0.00
0.00
0.00
0.00
0.00
0.00
0.00
0.00
0.00
0.00
0.00
0.00
0.00
0.00
0.00
0.00
-6.91
-0.07
0.00
-1.52
-0.99
6.91
0.00
6.91
-1.26
0.00
-6.91
-4.08
1.63
0.00
1.62
0.80
0.00
0.00
-6.91
-1.33
-0.35
-1.08
1.61
0.00
-0.77
0.00
0.00
3.86
0.00
0.00
-2.21
0.00
0.00
0.92
0.00
-3.84
0.00
0.30
0.00
-2.28
0.00
-0.75
6.91
-6.91
-0.54
0.00
-4.92
6.91
0.00
0.00
0.00
0.00
1.14
4.37
-0.03
6.91
0.00
-1.43
-0.03
0.00
0.00
-0.71
-1.90
0.16
0.00
-1.16
1.55
0.00
2.91
0.90
0.24
0.00
0.00
0.00
0.00
0.00
0.00
0.00
0.00
0.00
0.00
0.00
0.00
0.00
0.00
-2.27
0.00
0.00
-3.53
-2.04
-2.66
6.91
1.97
-0.38
0.00
0.38
-1.33
-1.70
0.38
0.00
-2.03
-0.14
0.00
0.00
0.00
0.00
0.00
0.00
0.00
0.00
0.00
0.00
0.00
0.00
0.00
0.00
0.00
0.00
0.00
0.00
0.00
-1.91
-1.83
0.00
0.00
1.07
1.82
-1.17
-0.88
0.00
-3.59
-1.18
0.28
-6.91
-6.91
0.00
-1.81
-1.38
0.49
-6.91
0.00
-1.42
6.91
-1.57
0.00
-2.06
6.91
-0.61
0.00
0.00
-1.01
0.00
-0.55
-1.71
-1.69
-1.76
-2.21
1.04
-0.91
-0.21
-0.79
-1.26
0.00
2.70
-0.32
-6.91
0.00
0.00
6.91
-0.91
0.00
-1.98
-1.93
0.81
-0.71
1.05
-1.74
0.00
-0.79
0.00
0.00
0.00
-0.41
-6.91
2.44
-3.56
4.11
-1.04
-0.77
-0.40
-1.52
0.00
0.00
-2.09
-1.50
-0.87
1.23
1.85
-1.00
1.67
-0.08
-1.31
-1.99
-0.12
0.00
-1.21
-0.42
0.00
0.00
0.00
0.00
0.00
0.00
0.00
0.00
0.00
0.00
0.00
0.00
0.00
0.00
0.00
0.00
0.00
0.00
0.00
-1.62
-1.59
0.00
0.00
2.40
1.11
-1.19
-2.83
4.27
-6.91
-2.34
-1.11
-0.81
-1.70
0.00
-1.88
-1.85
-0.67
-1.11
0.00
-6.91
1.49
-1.09
0.00
-1.11
1.61
-0.43
0.00
6.91
-1.98
0.00
0.05
-0.46
-1.62
-0.61
-2.63
-0.95
-0.92
-0.28
-0.69
-1.60
0.00
1.25
-1.41
-1.88
0.00
0.00
3.60
-3.06
3.66
-0.57
-1.86
-0.23
-0.78
0.33
-6.91
0.00
-7.53
0.00
6.91
0.00
-0.24
-2.30
1.29
-1.60
2.32
-0.98
-0.82
-1.28
0.00
-2.02
-0.70
0.00
1.65
0.00
-0.34
-0.78
6.91
-2.08
1.60
0.00
0.00
3.11
-2.27
0.00
1.08
-1.15
0.00
0.00
0.00
0.00
0.00
0.00
0.00
0.00
0.00
0.00
0.00
0.00
0.00
0.00
0.00
0.00
0.00
0.00
0.00
0.00
-6.91
-2.28
-0.55
-0.31
2.29
0.00
-0.16
0.00
0.00
1.16
0.00
0.00
-1.46
0.00
0.00
6.91
0.00
-3.32
0.00
-1.00
0.00
-1.46
0.00
-0.38
6.91
-1.23
-1.51
0.00
-2.93
3.23
0.00
0.00
0.00
0.00
2.09
0.79
0.54
3.62
0.00
-1.60
-0.04
0.00
0.00
-1.67
-2.00
-0.65
0.00
-0.65
1.75
0.00
1.64
1.48
1.44
0.00
-2.10
0.00
-6.91
-2.28
-2.07
0.00
0.00
-1.13
0.00
0.10
0.00
0.00
2.53
6.91
-0.51
-0.33
0.95
0.20
0.43
-2.25
-2.41
0.65
-6.91
-0.62
2.52
3.03
-0.09
-0.38
6.91
-0.39
-1.02
0.00
0.00
0.00
0.00
0.00
0.00
0.00
0.00
0.00
0.00
0.00
0.00
0.00
0.00
0.00
0.00
0.00
0.00
6.91
1.66
-1.20
0.23
-1.45
-1.51
0.95
1.98
-1.60
2.59
0.00
-0.09
0.00
1.20
0.52
0.86
0.41
0.14
0.00
-0.04
0.84
-6.91
1.27
-0.22
1.85
-1.15
0.33
-0.09
-6.91
0.76
-0.44
0.52
0.00
0.00
0.00
2.20
-0.27
0.90
-0.01
0.00
0.00
-1.73
-6.91
0.58
1.75
-1.29
-0.15
-1.48
1.15
-6.91
0.95
6.91
-0.10
0.25
-0.25
0.00
-1.70
0.23
0.08
-1.84
-0.12
0.00
1.94
-1.18
1.62
-1.46
0.00
6.91
0.69
-0.41
1.79
0.00
-2.81
-6.91
-2.10
0.43
1.02
-1.14
0.75
-0.50
-2.84
-0.17
-1.27
0.00
-6.91
-1.48
0.00
0.00
0.00
0.00
0.00
0.00
0.00
0.00
0.00
0.00
0.00
0.00
0.00
0.00
0.00
0.00
0.00
0.00
0.00
-0.36
-0.48
2.16
0.00
-0.39
0.25
-1.18
-1.17
0.83
-6.91
-0.81
-0.88
-0.81
-1.92
0.00
-1.31
-6.91
-6.91
-0.60
1.50
-1.22
0.59
-1.34
0.00
-3.11
0.96
-2.05
0.00
2.24
-2.92
0.00
-0.99
0.03
-1.22
0.32
-3.58
-1.53
-0.52
-0.33
-0.48
-0.94
6.91
0.01
-1.34
-0.59
0.00
0.00
1.26
-0.87
2.05
-4.83
-0.74
-0.48
-1.72
-0.16
-1.41
1.39
-1.40
0.00
0.41
0.00
-0.66
-1.71
0.42
-1.90
-0.47
-1.71
-3.37
-1.19
0.00
-0.58
-6.91
0.00
0.00
0.00
-0.96
0.04
0.00
-0.80
6.91
0.00
0.00
3.12
-1.35
0.00
3.09
-1.59
0.00
0.00
0.00
0.00
0.00
0.00
0.00
0.00
0.00
0.00
0.00
0.00
0.00
0.00
0.00
0.00
0.00
0.00
0.00
0.00
-6.81
-6.91
1.03
0.54
0.00
0.00
0.23
0.00
0.00
3.04
0.00
0.00
-3.89
0.00
0.00
0.00
0.00
-1.82
0.00
0.39
0.00
-1.36
0.00
0.52
0.00
-1.69
-0.26
0.00
-6.91
3.13
0.00
0.00
0.00
0.00
1.29
0.00
0.99
2.39
0.00
-2.30
0.63
0.00
0.00
-6.91
-1.78
0.69
0.00
0.49
0.00
0.00
6.91
6.91
1.54
0.00
-0.93
0.00
-1.67
-0.65
-2.34
0.00
0.00
-0.41
0.00
0.39
0.00
0.00
0.00
5.13
-1.26
0.82
1.83
-0.28
0.07
-2.97
-6.91
0.74
-0.72
-0.15
1.85
1.34
-1.25
0.69
1.05
-0.48
-0.34
0.00
0.00
0.00
0.00
0.00
0.00
0.00
0.00
0.00
0.00
0.00
0.00
0.00
0.00
0.00
0.00
0.00
0.00
0.88
0.49
0.25
-0.13
-6.91
-1.49
0.25
0.54
-0.68
0.66
0.00
0.27
6.91
0.41
-0.04
1.48
-0.11
-0.20
7.60
-0.91
2.43
-1.82
-0.02
-0.03
1.29
-6.91
0.00
-0.47
-1.07
0.79
0.31
-0.20
0.00
6.91
0.00
2.51
-0.73
0.24
-1.13
-0.66
1.59
-0.72
-5.18
-0.07
1.15
0.14
0.73
-1.11
0.99
-2.03
0.30
0.75
-1.00
-0.19
-0.90
6.91
-0.93
0.54
-0.30
-0.87
-0.30
0.00
1.75
-4.25
1.20
-6.91
1.36
1.06
0.65
-1.09
2.72
0.00
-2.07
-6.91
-2.28
0.07
0.98
-2.55
0.71
-1.64
-3.27
-0.33
-0.44
0.00
-1.96
-0.46
6.91
0.00
0.00
0.00
0.00
0.00
0.00
0.00
0.00
0.00
0.00
0.00
0.00
0.00
0.00
0.00
0.00
0.00
0.00
-0.97
-0.61
2.50
0.00
-0.28
0.55
-6.91
-0.72
2.32
-4.29
0.25
-0.18
-0.27
-0.54
0.00
-2.01
-1.25
-0.22
-0.64
1.81
-1.73
1.00
-1.56
0.00
-0.96
-0.34
-2.10
1.46
0.38
-0.84
0.00
-0.60
0.14
-0.91
0.10
-0.60
-1.12
-2.13
-1.04
-1.04
-0.32
2.29
0.88
-0.85
-1.16
0.00
0.00
0.18
-3.86
2.24
-2.57
-0.44
-2.10
-0.47
-0.74
-0.71
1.85
-2.00
0.00
2.07
0.00
0.15
-0.90
1.42
-1.24
-0.03
-0.81
-1.80
-6.91
-2.26
0.00
0.00
-2.76
-1.44
-6.91
2.33
1.70
-2.65
6.91
-0.69
-1.31
-0.43
-1.49
0.00
-6.91
-0.66
0.00
0.00
0.00
0.00
0.00
0.00
0.00
0.00
0.00
0.00
0.00
0.00
0.00
0.00
0.00
0.00
0.00
0.00
0.00
-1.75
-3.84
0.00
0.00
0.17
0.26
-0.94
-1.30
3.17
-1.30
0.14
-1.66
-1.09
-6.91
0.00
-0.79
-1.24
-0.30
-0.94
0.00
-1.53
0.82
-6.91
0.00
-3.05
-0.00
-2.58
0.00
2.80
-1.97
0.00
-1.35
-0.43
-0.75
-0.08
-1.57
-0.95
-0.63
-0.57
-1.15
-2.40
0.00
1.03
-1.25
-1.66
0.00
0.00
0.42
-1.93
2.04
-0.93
-2.77
-1.83
-0.19
-0.23
-0.87
0.00
-1.24
0.00
1.26
0.00
-0.93
-1.07
1.70
-2.30
1.40
-1.94
-0.74
-2.86
-0.69
2.56
2.77
-0.67
-0.30
-0.19
-0.56
0.11
-1.64
0.62
-1.33
-0.57
0.43
-6.91
6.91
0.21
-6.91
1.67
0.00
0.00
0.00
0.00
0.00
0.00
0.00
0.00
0.00
0.00
0.00
0.00
0.00
0.00
0.00
0.00
0.00
0.00
0.86
-0.60
2.28
6.91
-0.22
0.10
-1.68
-0.97
0.34
-1.70
1.68
-1.69
0.52
-1.00
3.38
0.34
-0.94
-3.52
0.18
0.85
-0.56
-0.73
-2.23
3.33
-0.01
-0.52
-1.31
0.79
-0.16
-0.53
1.15
-6.91
-0.08
0.48
0.16
-0.48
-1.24
-1.02
-1.69
-1.50
0.23
0.50
-1.65
-1.79
-0.40
2.41
4.12
0.24
-0.39
-0.41
-0.98
0.31
-6.91
-6.91
-3.21
-0.23
1.21
-2.04
1.53
-0.47
6.91
0.47
-0.32
0.07
0.18
0.03
0.06
0.63
-2.25
0.00
-1.86
-0.96
1.17
0.34
2.50
-2.78
-6.91
1.43
-1.33
0.46
3.67
0.00
0.80
-1.08
6.91
-0.57
-1.61
0.00
0.00
0.00
0.00
0.00
0.00
0.00
0.00
0.00
0.00
0.00
0.00
0.00
0.00
0.00
0.00
0.00
0.00
0.00
1.71
-0.47
-0.83
-2.12
-3.59
1.05
1.47
-2.11
2.47
0.00
-0.61
0.00
0.99
-0.66
6.91
1.54
1.17
0.00
-1.99
6.91
-1.12
0.54
-0.22
1.83
-2.89
0.59
-0.95
-6.91
4.31
-1.11
0.76
0.00
0.00
0.00
1.77
-0.76
1.51
-0.81
-0.09
0.00
-1.40
-2.55
1.96
1.75
-0.57
-1.08
-0.87
6.91
-6.91
0.78
6.91
0.01
0.28
-0.40
0.00
-2.12
0.72
-0.34
-1.88
-0.62
0.00
1.55
-1.21
1.40
-0.93
0.00
6.91
1.17
-1.19
0.00
0.00
-1.13
-3.37
-5.60
1.49
0.32
-0.75
1.15
-0.54
-6.91
-2.71
-0.93
0.00
-1.97
-0.37
0.00
0.00
0.00
0.00
0.00
0.00
0.00
0.00
0.00
0.00
0.00
0.00
0.00
0.00
0.00
0.00
0.00
0.00
0.00
-2.02
-6.91
0.00
0.00
1.56
3.07
-3.67
-1.39
1.37
-1.46
-1.05
-0.37
-3.42
-1.01
0.00
-2.33
-0.99
-0.42
-0.99
0.00
-6.91
1.27
-2.78
0.00
-1.05
0.42
-0.96
0.00
0.90
-1.26
0.00
-0.51
-0.45
-0.95
-0.14
-1.52
0.28
-0.30
-0.92
-1.09
-6.91
0.00
0.10
-1.17
-1.19
0.00
0.00
1.56
-6.91
0.94
-6.91
-0.93
-0.20
-0.03
0.25
-1.24
0.00
-6.91
0.00
2.10
0.00
0.31
-2.66
1.63
-1.26
1.11
-0.98
-6.91
-1.26
0.00
-2.77
-1.39
0.00
0.00
0.00
-0.34
0.60
6.91
-0.27
2.89
0.00
0.00
0.81
-6.91
0.00
1.16
-6.91
0.00
0.00
0.00
0.00
0.00
0.00
0.00
0.00
0.00
0.00
0.00
0.00
0.00
0.00
0.00
0.00
0.00
0.00
0.00
0.00
-2.55
-1.89
0.60
-0.35
1.80
0.00
-0.00
0.00
0.00
0.71
0.00
0.00
-1.83
0.00
0.00
2.36
0.00
-2.50
0.00
-1.32
0.00
-1.61
0.00
-0.75
2.84
-6.91
-1.67
0.00
-0.76
0.90
0.00
0.00
0.00
0.00
1.09
1.09
1.23
2.43
0.00
-4.91
0.25
0.00
0.00
-1.62
-1.56
-0.18
0.00
-0.25
2.25
0.00
1.57
1.35
1.24
0.00
-1.77
0.00
-3.10
0.00
-0.91
0.00
0.00
-0.50
0.00
-0.82
0.00
0.00
6.91
0.00
-0.41
-1.25
0.00
0.00
0.00
0.03
1.12
0.00
0.58
0.00
0.00
0.00
1.47
-4.00
0.00
1.73
-0.68
0.00
0.00
0.00
0.00
0.00
0.00
0.00
0.00
0.00
0.00
0.00
0.00
0.00
0.00
0.00
0.00
0.00
0.00
0.00
0.00
-1.73
-1.59
-0.09
0.59
0.00
0.00
0.45
0.00
0.00
6.91
0.00
0.00
-1.33
0.00
0.00
0.00
0.00
-0.39
0.00
0.38
0.00
-2.89
0.00
0.13
0.00
-0.67
-0.40
0.00
-1.81
6.91
0.00
0.00
0.00
0.00
3.07
0.00
1.33
6.91
0.00
-1.66
1.70
0.00
0.00
-1.55
-2.73
0.21
0.00
0.20
0.00
0.00
1.49
0.00
6.91
0.00
-1.69
0.00
-0.69
0.54
-1.50
0.00
0.00
-0.33
0.00
0.42
0.00
0.00
0.00
0.70
1.23
3.53
-0.07
-0.26
-0.65
-0.64
0.12
-1.35
0.49
-1.48
0.18
0.75
-1.89
3.59
0.28
-1.72
1.26
0.00
0.00
0.00
0.00
0.00
0.00
0.00
0.00
0.00
0.00
0.00
0.00
0.00
0.00
0.00
0.00
0.00
0.00
0.27
-0.55
1.71
1.27
-1.15
-0.50
-1.65
-1.65
-0.45
-0.11
-0.02
-6.91
0.36
-0.47
1.62
-0.24
-0.29
-0.75
0.13
0.74
-0.02
0.38
-0.55
5.32
-1.15
-0.63
-1.71
2.12
-0.08
-1.30
3.65
-1.13
0.19
-0.44
1.27
-0.47
-2.71
-2.48
-4.11
-6.91
0.16
1.01
-0.28
-2.22
-0.74
7.10
0.95
-0.25
-1.08
0.27
-0.94
-0.74
-1.82
-1.52
-1.64
0.75
0.76
-0.10
1.07
0.71
1.31
1.58
-1.03
0.34
-0.10
-0.54
-0.20
-0.11
-1.59
-3.54
0.00
0.00
-1.02
-1.19
-0.18
0.00
0.00
-0.66
0.00
0.06
-0.53
-0.54
-0.22
0.00
-1.73
0.65
0.00
0.00
0.00
0.00
0.00
0.00
0.00
0.00
0.00
0.00
0.00
0.00
0.00
0.00
0.00
0.00
0.00
0.00
0.00
-0.80
-1.78
0.00
0.00
0.00
0.00
-0.39
-0.32
0.00
-0.88
-6.91
0.22
-0.76
-0.56
0.00
-0.81
-0.11
0.03
-2.53
0.00
-0.65
0.00
-1.24
0.00
0.02
0.00
-0.15
0.00
0.00
-0.35
0.00
1.56
-6.91
-1.07
-3.46
-0.26
0.19
0.08
1.94
0.78
-0.90
0.00
6.91
0.24
-0.88
0.00
0.00
0.00
-0.02
0.00
-0.26
-0.62
-0.04
0.14
1.48
-2.50
0.00
-1.33
0.00
0.00
0.00
-0.81
-1.44
0.00
-3.88
6.91
-1.60
-0.83
-0.77
-0.65
1.32
0.00
-0.01
-1.60
-0.37
0.87
-0.42
-3.03
1.02
-2.17
-0.63
-0.01
-1.60
0.00
-0.77
-2.92
1.16
0.00
0.00
0.00
0.00
0.00
0.00
0.00
0.00
0.00
0.00
0.00
0.00
0.00
0.00
0.00
0.00
0.00
0.00
-0.47
-1.12
1.75
5.04
0.09
0.01
-2.00
-1.48
0.16
-0.41
0.41
-6.91
0.59
-1.11
1.43
-0.50
-1.08
-4.69
0.18
0.64
-0.48
0.11
-1.29
3.18
-1.23
-0.64
-2.26
2.29
1.12
-1.03
2.71
-3.21
-0.24
-0.63
1.39
-1.31
-1.28
-1.97
-0.32
-6.91
-0.27
2.48
-0.71
-4.07
-0.12
2.57
6.91
-0.37
-0.45
0.16
-1.07
-0.86
-6.91
-6.91
-3.06
0.13
6.91
-2.22
6.91
0.47
2.79
0.04
-0.63
-0.01
-0.35
-0.71
0.40
-0.07
-0.89
0.11
0.78
1.29
0.91
-1.62
0.36
0.18
-0.93
-0.57
0.55
-1.18
-1.03
1.43
-6.91
2.40
0.04
-2.02
0.44
0.00
0.00
0.00
0.00
0.00
0.00
0.00
0.00
0.00
0.00
0.00
0.00
0.00
0.00
0.00
0.00
0.00
0.00
-0.10
0.35
0.64
0.93
-0.26
-0.75
-2.01
-0.53
-0.76
0.19
0.95
-1.17
0.31
0.33
0.94
0.46
-0.40
-1.28
1.67
0.22
-0.19
0.17
-0.43
2.33
0.03
-1.18
-0.41
0.90
-0.42
0.27
1.94
-1.57
0.84
0.02
1.18
0.24
-1.48
-0.72
-2.46
-0.96
-0.08
1.31
-1.99
-0.21
-0.15
3.49
1.78
-0.81
0.35
-1.07
-0.59
-0.22
-2.06
-0.75
-1.24
0.02
1.41
0.25
0.61
-0.56
0.45
0.65
0.48
-1.27
-0.09
-1.31
0.97
0.63
-1.14
-1.53
0.00
0.00
-3.74
-0.60
-2.23
2.14
0.98
-1.15
0.00
0.43
-0.77
-1.72
0.90
0.00
-1.66
0.46
0.00
-6.91
-6.91
0.00
3.04
-1.89
0.00
3.13
-1.41
-1.35
0.88
0.00
-3.66
0.00
0.00
1.05
-4.43
0.34
-0.20
0.00
0.00
0.00
0.00
0.00
0.00
0.00
0.00
0.00
0.00
0.00
0.00
0.00
0.00
0.00
0.00
0.00
0.00
-2.51
0.00
-1.17
2.04
-0.22
0.00
-2.56
3.97
-0.06
0.00
0.00
-3.35
0.00
-0.41
-2.93
-1.78
-0.90
-0.72
-0.14
-0.45
-0.04
-0.21
-6.91
0.00
1.88
-2.12
-2.43
0.00
0.00
2.17
-6.03
0.00
-0.29
-0.82
1.00
0.09
0.90
-6.91
0.00
-0.74
0.00
0.00
0.00
-3.69
-1.04
6.91
-3.13
6.91
-4.43
-0.86
-1.29
-6.91
0.00
0.00
-6.91
-1.48
-1.28
1.95
1.02
-0.81
2.25
-1.50
-3.43
-0.77
-0.57
0.00
-6.91
0.70
0.00
-1.36
-6.91
0.00
2.06
-1.09
0.00
1.73
-1.08
-2.71
-0.63
4.65
-6.91
0.00
0.00
-0.90
-0.45
-0.04
0.61
0.00
0.00
0.00
0.00
0.00
0.00
0.00
0.00
0.00
0.00
0.00
0.00
0.00
0.00
0.00
0.00
0.00
0.00
-1.27
0.00
-1.46
1.97
-0.49
0.00
-2.04
1.74
-0.33
0.00
6.91
-3.57
0.00
-0.63
-0.48
-2.19
-1.02
-1.43
-0.44
-0.52
0.29
0.25
-2.51
0.00
1.78
-2.05
-3.94
0.00
0.00
6.91
-1.71
1.80
-0.98
-6.19
0.48
-0.72
0.27
-0.73
0.00
-0.74
0.00
2.44
0.00
-1.74
-1.14
2.60
-6.91
1.43
-1.95
-1.20
-0.71
0.00
-6.91
-1.41
0.00
1.85
0.00
-1.39
0.21
1.10
-0.38
1.62
0.00
0.00
1.15
-2.12
0.00
1.14
-1.21
0.00
0.00
-6.91
-0.65
2.14
-2.50
-0.99
6.91
0.00
0.53
-0.45
0.00
-6.91
-1.03
2.51
0.00
1.28
-0.01
0.00
0.00
0.00
0.00
0.00
0.00
0.00
0.00
0.00
0.00
0.00
0.00
0.00
0.00
0.00
0.00
0.00
0.00
0.00
-1.77
0.00
-0.05
0.00
-3.79
0.00
-1.03
6.91
-4.79
-0.90
0.00
-2.78
0.67
0.00
0.00
0.00
0.00
1.15
0.98
0.85
1.39
0.00
-1.34
-0.43
0.00
0.00
-2.20
-1.49
-0.39
0.00
-1.64
6.91
0.00
2.36
1.44
0.50
0.00
-6.91
0.00
-1.06
-0.08
-0.76
0.00
0.00
0.06
0.00
-0.40
0.00
0.00
2.25
0.00
-0.98
-6.91
0.00
0.00
0.00
0.60
0.25
0.00
-0.24
1.46
0.00
0.00
1.55
-0.75
0.00
6.91
-0.54
0.00
0.00
-3.16
-0.07
0.00
-1.48
0.95
0.00
0.00
1.29
-0.81
0.00
-3.19
-1.89
1.37
0.00
6.91
1.07
0.00
0.00
0.00
0.00
0.00
0.00
0.00
0.00
0.00
0.00
0.00
0.00
0.00
0.00
0.00
0.00
0.00
0.00
0.00
-0.93
0.00
0.47
0.00
-1.24
0.00
-0.53
0.00
-0.89
-1.00
0.00
-2.28
6.91
0.00
0.00
0.00
0.00
2.31
0.00
2.47
3.68
0.00
-1.95
0.51
0.00
0.00
-6.91
-1.72
0.64
0.00
-1.18
0.00
0.00
6.91
6.91
2.79
0.00
-3.46
0.00
-6.91
-0.57
-6.91
0.00
0.00
0.09
0.00
-0.05
0.00
0.00
0.00
0.72
-0.22
-0.44
0.47
0.57
0.77
-1.06
-2.63
0.37
-1.40
-0.98
0.08
1.39
-0.89
-0.19
0.67
-0.89
0.31
6.91
1.06
-1.16
-1.18
0.67
-0.08
-6.91
0.60
1.85
-0.92
-3.85
1.33
0.47
0.59
-0.09
0.00
-0.03
-0.62
0.00
0.00
0.00
0.00
0.00
0.00
0.00
0.00
0.00
0.00
0.00
0.00
0.00
0.00
0.00
0.00
0.00
0.00
6.91
-0.91
0.94
-2.12
1.01
0.78
1.83
-6.91
0.39
-0.24
-6.91
0.08
0.88
-0.45
0.00
6.91
0.00
1.66
-0.43
0.27
-1.53
-0.88
6.91
-0.44
-3.80
0.34
1.11
0.86
0.33
-6.91
0.05
-1.77
0.19
4.67
0.18
-0.35
-0.76
1.09
-0.60
0.44
0.14
-6.91
-0.03
0.00
0.28
-6.91
1.04
-6.91
1.99
0.68
0.47
2.00
-0.28
0.41
1.19
0.39
1.88
-1.99
-6.91
0.79
-6.91
-0.71
0.55
6.91
-0.55
0.10
1.55
0.39
-0.73
6.91
2.10
-1.82
-1.61
0.73
0.07
-6.91
1.69
1.72
-0.51
-5.01
0.54
-0.83
0.65
-0.71
0.00
0.50
-1.12
0.00
0.00
0.00
0.00
0.00
0.00
0.00
0.00
0.00
0.00
0.00
0.00
0.00
0.00
0.00
0.00
0.00
0.00
0.00
-1.65
6.91
-1.62
0.96
0.33
0.45
-6.91
0.90
0.26
-2.59
1.36
-0.69
0.36
0.00
3.16
0.00
2.19
-0.13
0.55
-0.50
-0.52
0.00
-0.97
-0.81
1.99
6.91
-0.78
0.35
-6.91
1.23
-6.91
1.74
6.91
-0.02
-0.64
-0.93
0.00
-1.07
0.26
-0.24
-1.92
-0.89
0.00
1.42
-1.39
1.80
-1.60
0.00
1.54
0.87
-0.51
4.48
0.00
-1.16
-1.85
-2.20
1.11
1.17
-6.91
2.00
-2.92
-6.91
-1.36
-0.30
0.00
-1.77
-1.62
6.91
0.06
-0.85
1.28
0.65
-1.98
0.00
1.28
-6.91
-1.96
-1.63
1.39
-3.36
1.99
0.00
-1.34
-0.60
-1.79
-1.11
0.00
0.00
0.00
0.00
0.00
0.00
0.00
0.00
0.00
0.00
0.00
0.00
0.00
0.00
0.00
0.00
0.00
0.00
-0.35
6.91
-0.77
0.74
-1.92
0.00
-0.43
-0.22
-4.38
1.57
2.54
-6.91
0.00
-0.49
0.60
-1.40
-0.29
-1.88
-1.25
-1.30
-0.32
-2.23
-1.26
3.24
0.29
-1.53
-0.49
0.00
0.00
0.00
-1.30
2.12
-1.86
-1.03
-2.44
-0.48
-1.62
-1.19
6.91
-6.91
0.00
0.08
0.00
1.06
-6.91
-0.14
-1.02
0.10
0.15
-1.83
-6.91
-1.18
0.00
0.00
-6.91
-6.91
-6.91
1.20
0.49
-3.30
6.91
-0.36
-6.91
-0.63
-0.47
0.00
-3.45
-1.27
0.00
-2.30
-2.11
0.00
0.99
-2.11
0.00
1.87
-0.47
-6.91
-0.31
1.31
-3.52
0.00
0.00
-1.30
-0.50
-0.92
-0.27
0.00
0.00
0.00
0.00
0.00
0.00
0.00
0.00
0.00
0.00
0.00
0.00
0.00
0.00
0.00
0.00
0.00
0.00
-2.25
0.00
-6.91
2.28
-1.87
0.00
-6.91
0.81
-0.94
0.00
1.05
-1.44
0.00
-0.44
-0.49
-0.97
-0.15
-1.50
-1.14
-0.95
-0.38
-1.51
-2.48
0.00
0.82
-6.91
-0.86
0.00
0.00
0.50
-2.73
1.78
-3.68
-0.97
-1.80
-1.00
-0.69
-0.53
0.00
-6.91
0.00
0.84
0.00
0.20
-6.91
1.97
-6.91
0.28
-0.27
-2.00
-3.51
0.00
-1.03
-0.30
1.06
0.58
0.96
-6.91
-6.91
0.29
-6.91
0.95
1.12
0.00
0.69
-0.41
6.91
-0.08
-0.14
0.00
1.25
-1.75
-6.91
1.01
-1.07
-1.07
0.31
2.18
0.71
-6.91
1.49
-1.70
-0.91
0.61
0.00
1.03
0.31
0.00
0.00
0.00
0.00
0.00
0.00
0.00
0.00
0.00
0.00
0.00
0.00
0.00
0.00
0.00
0.00
0.00
0.00
0.00
-1.09
1.52
-6.91
1.32
-1.26
1.10
-1.03
0.74
-1.57
-6.91
0.96
-0.73
-0.12
0.00
0.00
0.00
2.07
-0.24
-0.30
-0.24
0.29
0.00
-1.04
-2.56
0.55
6.91
-0.40
0.06
-3.00
2.14
-1.74
0.74
2.42
-0.62
1.19
-0.75
0.00
-2.49
2.79
-0.88
-4.22
-0.65
0.00
2.07
-1.26
6.91
-1.02
0.00
1.13
1.25
-0.79
0.00
0.00
-0.89
-2.42
-6.91
1.78
0.29
-0.96
0.80
-0.78
-1.38
-1.59
-1.54
0.00
-6.91
-1.21
0.00
-1.98
-6.30
0.00
1.27
-1.65
0.00
0.65
-1.42
-2.71
0.15
1.18
-3.41
0.00
0.00
-0.09
-1.53
-0.22
0.46
0.00
0.00
0.00
0.00
0.00
0.00
0.00
0.00
0.00
0.00
0.00
0.00
0.00
0.00
0.00
0.00
0.00
0.00
-0.40
0.00
-6.91
0.56
-1.80
0.00
-2.12
0.42
-1.10
0.00
2.19
-1.60
0.00
-0.27
-0.96
-0.81
-0.31
-3.15
-1.10
-0.42
-0.87
-1.13
-2.78
0.00
0.64
-2.40
-4.42
0.00
0.00
0.58
-6.91
0.91
-1.51
-3.34
-0.09
-1.83
0.27
-1.53
0.00
-6.56
0.00
1.57
0.00
-0.62
-6.91
2.18
-1.14
1.34
-1.42
-4.92
-2.60
-6.91
0.00
0.00
-0.67
-0.59
0.12
0.00
0.00
-0.68
0.00
0.25
-0.49
-1.19
0.75
0.00
-0.38
0.27
0.00
-1.54
-2.43
0.00
0.00
0.37
0.00
0.00
-0.71
-1.24
1.73
0.00
-0.44
0.00
0.00
-0.03
-6.91
0.59
0.99
0.00
0.00
0.00
0.00
0.00
0.00
0.00
0.00
0.00
0.00
0.00
0.00
0.00
0.00
0.00
0.00
0.00
0.00
-4.18
0.00
-0.42
0.00
-0.80
0.00
-0.97
0.00
0.18
0.00
0.00
-1.64
0.00
0.31
-1.58
-0.67
-1.64
-1.68
0.92
0.69
1.94
0.37
-1.96
0.00
0.00
-0.56
-1.63
0.00
0.00
0.00
-0.85
0.00
0.09
-0.11
0.20
-0.21
1.21
-1.31
0.00
-0.74
0.00
0.00
0.00
-0.70
-0.93
0.00
-1.03
0.00
-1.01
-0.29
-0.22
-0.48
1.88
6.91
-1.32
-2.46
-0.57
-0.35
-1.31
-2.50
-0.34
-6.91
-0.52
0.79
-4.00
6.91
-0.36
-1.11
1.73
0.46
-0.45
2.53
0.61
-0.86
1.42
-1.51
-0.16
-0.95
-2.76
0.86
-0.28
1.91
3.58
-1.21
1.05
-6.91
-1.13
0.00
0.00
0.00
0.00
0.00
0.00
0.00
0.00
0.00
0.00
0.00
0.00
0.00
0.00
0.00
0.00
0.00
0.00
0.09
1.22
-0.86
-0.92
-0.61
6.91
-0.99
0.15
-0.44
0.95
0.13
-0.96
6.91
-6.37
0.23
-0.48
0.19
-0.82
-6.91
-1.87
-0.89
-3.29
0.18
2.22
-0.55
-2.63
-0.52
1.33
3.13
-0.59
-0.93
0.08
-0.24
-0.30
-6.91
-2.64
-2.72
0.74
1.31
-0.46
2.81
0.67
1.39
2.12
-0.67
0.46
-0.20
-0.05
-0.30
0.33
-1.13
-2.12
0.00
0.00
-1.08
-0.12
-0.91
0.00
6.91
0.02
0.00
0.20
-2.83
-6.91
-0.04
0.00
-0.84
0.42
0.00
-4.49
-1.17
0.00
0.00
-0.50
0.00
1.28
-0.94
-0.21
1.07
0.00
-6.91
0.00
0.00
0.54
-4.48
-0.55
-0.07
0.00
0.00
0.00
0.00
0.00
0.00
0.00
0.00
0.00
0.00
0.00
0.00
0.00
0.00
0.00
0.00
0.00
0.00
-4.64
0.00
-2.36
6.91
-0.87
0.00
-1.12
1.14
-0.26
0.00
0.00
-1.20
0.00
1.00
-0.58
-1.54
-1.95
-4.63
0.08
0.80
0.80
0.04
-3.12
0.00
3.58
-0.75
-1.51
0.00
0.00
3.68
-2.01
0.00
-1.26
-1.55
0.50
-0.26
0.43
-1.50
0.00
-1.58
0.00
0.00
0.00
-1.43
-4.93
1.26
-0.58
2.03
-2.13
-1.18
-1.13
-2.74
0.00
0.00
-1.42
-1.46
-2.65
1.93
1.98
-1.24
1.45
-0.84
-0.97
-3.05
-1.07
0.00
-1.42
0.23
0.00
-1.34
-6.91
0.00
1.75
-0.89
0.00
1.04
-0.38
-6.91
0.31
1.93
-6.91
0.00
0.00
-0.38
-1.46
-1.05
0.00
0.00
0.00
0.00
0.00
0.00
0.00
0.00
0.00
0.00
0.00
0.00
0.00
0.00
0.00
0.00
0.00
0.00
0.00
-1.94
0.00
-6.91
0.97
-2.94
0.00
-0.97
0.83
-1.18
0.00
3.42
-6.91
0.00
-0.35
-1.83
-1.68
-1.47
-2.25
0.03
-0.77
-0.15
-0.68
-1.44
0.00
2.27
-0.96
-6.91
0.00
0.00
2.07
-1.26
2.14
-0.59
-1.37
-1.19
-0.25
-0.23
-1.16
0.00
-1.54
0.00
1.69
0.00
-0.68
-6.91
1.61
-1.31
2.12
-1.76
-1.01
-0.47
0.00
-1.59
-6.91
0.00
0.00
0.00
-0.87
1.00
0.00
-1.26
2.16
0.00
0.00
6.91
-6.91
0.00
1.79
-1.00
0.00
0.00
-2.81
0.48
0.00
-2.26
0.78
0.00
0.00
1.23
-0.24
0.00
-2.99
-6.91
2.83
0.00
1.70
0.98
0.00
0.00
0.00
0.00
0.00
0.00
0.00
0.00
0.00
0.00
0.00
0.00
0.00
0.00
0.00
0.00
0.00
0.00
0.00
-0.75
0.00
0.57
0.00
-6.91
0.00
-0.03
0.00
-2.87
-0.26
0.00
-6.91
1.50
0.00
0.00
0.00
0.00
6.91
0.00
1.96
2.07
0.00
-1.57
0.93
0.00
0.00
-2.68
-3.71
-0.77
0.00
-0.90
0.00
0.00
3.87
3.61
0.49
0.00
-1.25
0.00
-1.71
0.05
-2.30
0.00
0.00
-0.38
0.00
0.76
0.00
0.00
0.00
-2.05
0.00
0.00
-6.91
-1.61
-0.65
0.87
1.71
-0.44
4.42
-1.29
-1.11
-1.55
-0.03
0.00
-2.42
0.30
0.00
-1.68
-6.91
0.00
3.20
-0.58
0.00
3.27
-1.04
-2.03
0.25
3.58
-6.91
0.00
0.00
-0.44
-1.57
-0.35
-0.15
0.00
0.00
0.00
0.00
0.00
0.00
0.00
0.00
0.00
0.00
0.00
0.00
0.00
0.00
0.00
0.00
0.00
0.00
-1.26
0.00
-2.22
0.71
-6.91
0.00
-1.52
0.51
-0.60
0.00
2.02
-3.03
0.00
0.21
-0.23
-1.94
-0.55
-6.91
-0.75
-0.24
0.02
-0.88
-1.15
0.00
1.32
-0.73
-0.41
0.00
0.00
0.80
-1.13
0.92
-2.03
-2.05
-1.12
-0.05
0.50
-0.63
0.00
-1.13
0.00
2.17
0.00
-0.46
-2.28
3.50
-2.42
0.60
-2.09
-1.34
-0.81
-0.32
0.00
0.00
-0.51
-1.10
-0.64
2.28
-0.10
-2.56
3.56
-1.30
-2.56
-1.85
-1.13
0.00
-0.70
-0.14
0.00
-2.04
-1.85
0.00
2.19
-2.02
0.00
-0.17
-1.39
-1.63
-0.43
1.63
-1.56
0.00
0.00
-0.75
0.50
-0.18
-0.24
0.00
0.00
0.00
0.00
0.00
0.00
0.00
0.00
0.00
0.00
0.00
0.00
0.00
0.00
0.00
0.00
0.00
0.00
-0.48
0.00
-0.18
0.89
-6.91
0.00
-0.74
-0.08
-6.91
0.00
2.83
-0.87
0.00
-0.34
-0.55
-0.27
0.28
-2.17
-0.18
-0.63
-0.98
-0.74
-0.86
0.00
1.47
-1.22
-1.55
0.00
0.00
1.16
-3.06
1.64
-2.76
-1.51
-2.10
-0.22
-0.79
-0.84
0.00
-1.13
0.00
1.46
0.00
-0.12
-2.48
1.04
-0.75
1.57
-1.02
-5.82
-1.63
-0.34
0.79
0.00
-1.43
-1.96
-3.06
0.28
-0.13
-1.76
0.28
-3.25
-0.43
0.63
-2.29
0.00
-1.44
-1.32
6.91
-0.17
-0.57
6.91
-0.02
-2.98
0.00
0.42
-1.37
-2.27
-2.10
-0.04
-0.88
2.02
0.00
-6.91
0.12
-5.64
-1.52
0.00
0.00
0.00
0.00
0.00
0.00
0.00
0.00
0.00
0.00
0.00
0.00
0.00
0.00
0.00
0.00
0.00
0.00
0.05
0.69
-0.33
-0.67
-1.00
1.47
-1.36
0.23
-2.82
0.96
-0.18
-1.22
5.18
-4.56
-0.36
0.78
0.54
-1.33
-1.98
-6.91
-2.69
-1.66
-0.23
3.72
0.41
-2.92
-0.71
3.43
6.91
0.44
-0.84
0.16
-0.90
-0.70
-2.46
-1.22
-2.06
-0.12
5.39
-2.44
1.31
1.07
5.43
0.16
-0.61
0.20
0.04
0.32
0.35
-0.42
-2.22
-6.91
0.00
0.00
-6.91
-0.81
-0.93
0.00
6.91
-0.39
0.00
-0.09
-1.28
-1.18
0.16
0.00
-1.63
0.36
0.00
-6.91
-6.91
0.00
0.00
-0.50
0.00
4.03
-1.13
-1.01
0.80
0.00
-1.68
0.00
0.00
1.00
-4.92
0.04
0.75
-6.91
-1.73
0.00
0.00
1.29
0.00
-0.70
-0.68
0.00
-1.22
-1.35
0.88
-2.55
-0.76
0.00
-0.68
-1.47
-0.08
0.00
0.00
0.00
0.00
0.00
0.00
0.00
0.00
0.00
0.00
0.00
0.00
0.00
0.00
0.00
0.00
0.00
0.00
0.00
0.00
0.00
0.00
-1.52
0.00
2.25
-1.42
-6.91
0.00
0.00
6.91
-1.52
0.00
0.02
-2.20
0.80
0.64
1.21
-2.09
0.00
-0.84
0.00
0.00
0.00
-1.33
-2.69
6.91
-6.91
1.07
-2.05
-1.82
-1.27
0.00
-5.99
-2.31
0.00
6.91
0.00
-1.84
-0.73
6.91
-2.48
4.55
0.00
0.00
0.47
-1.20
0.00
1.86
-6.91
0.00
0.00
-6.91
-0.21
1.36
-4.44
-1.18
3.10
0.00
0.40
-1.24
0.00
-0.92
-0.76
0.64
0.00
0.76
1.05
0.00
0.00
-6.91
-0.84
-0.67
-0.27
3.81
0.00
-0.48
0.00
0.00
2.04
0.00
0.00
-0.75
0.00
0.00
4.27
0.00
0.00
0.00
0.00
0.00
0.00
0.00
0.00
0.00
0.00
0.00
0.00
0.00
0.00
0.00
0.00
0.00
0.00
0.00
0.00
0.00
0.00
0.00
-6.91
-0.22
0.00
0.00
-6.91
-1.01
-1.45
0.00
-2.03
2.38
0.00
0.63
0.62
-0.05
0.00
-6.91
0.00
-2.03
-0.09
-2.01
0.00
0.00
-1.06
0.00
0.53
0.00
0.00
6.91
-6.91
0.00
0.00
-1.82
-2.04
-2.29
3.25
1.89
-0.67
3.89
-1.25
-5.36
-0.62
-0.36
0.00
-6.91
0.53
0.00
-1.42
-6.91
0.00
2.65
-1.55
0.00
0.43
-0.23
-2.49
-0.93
6.91
-0.82
0.00
0.00
0.46
-3.35
-1.15
0.02
-6.91
-6.91
0.00
0.00
1.08
6.91
-2.09
-1.13
6.91
-1.28
-0.50
0.47
-2.19
-3.10
0.00
-2.04
-0.29
0.04
0.00
0.00
0.00
0.00
0.00
0.00
0.00
0.00
0.00
0.00
0.00
0.00
0.00
0.00
0.00
0.00
0.00
0.00
0.00
0.00
0.00
0.00
-1.47
0.00
2.32
-1.34
-6.91
0.00
0.00
2.42
-6.91
1.32
-0.60
-2.14
-0.81
0.10
0.16
-2.29
0.00
-0.55
0.00
6.91
0.00
-0.33
-1.12
2.29
-1.36
2.34
-2.83
-1.65
-2.15
6.91
-1.62
-0.52
1.54
0.24
1.77
-6.91
-2.75
0.73
-1.28
-0.70
0.86
2.56
-0.71
0.71
1.86
-1.33
-1.01
6.91
2.24
-0.15
-6.91
1.42
0.51
-1.85
1.45
0.30
0.20
-0.94
1.79
-0.19
0.01
0.16
0.00
-0.21
-1.26
6.91
1.93
-1.48
0.40
-2.30
-1.99
0.81
1.21
-1.55
1.15
0.00
-0.11
6.91
1.68
-0.16
2.84
0.75
0.06
0.00
0.00
0.00
0.00
0.00
0.00
0.00
0.00
0.00
0.00
0.00
0.00
0.00
0.00
0.00
0.00
0.00
0.00
0.00
0.00
0.00
0.00
3.08
-0.36
-6.91
0.64
6.91
-0.63
-0.64
-1.41
1.24
-2.82
0.77
2.15
-0.61
0.17
-0.37
0.00
-1.76
0.35
0.42
-6.91
0.69
0.00
1.63
-2.84
6.91
-0.95
0.00
1.16
1.10
-1.10
0.00
0.00
-0.64
-3.10
-6.91
1.54
0.81
-3.19
2.98
-1.73
-6.91
-0.98
-1.08
0.00
-1.61
-0.26
0.00
-1.48
-3.02
0.00
1.57
-6.91
0.00
1.39
-1.36
-6.91
-0.32
1.71
-0.77
0.00
0.00
-0.28
-0.28
-1.57
-0.54
-0.12
-2.19
0.00
0.00
1.34
1.74
-1.93
-2.93
0.67
-1.21
-0.41
-1.47
-2.11
-0.68
0.00
-1.24
-1.79
-0.85
0.00
0.00
0.00
0.00
0.00
0.00
0.00
0.00
0.00
0.00
0.00
0.00
0.00
0.00
0.00
0.00
0.00
0.00
0.00
0.00
0.00
0.00
-0.19
0.00
1.09
-6.91
-0.27
0.00
0.00
0.67
-6.91
1.36
-2.04
-6.38
-0.33
-0.61
-0.88
-1.63
0.00
-6.91
0.00
0.20
0.00
-0.24
-6.91
0.06
-0.29
0.38
-0.10
-0.72
-1.05
0.00
-1.35
-6.91
0.00
0.00
0.00
-0.69
-0.57
0.00
-1.10
2.83
0.00
0.00
6.91
-6.91
0.00
0.81
-1.69
0.00
0.00
-6.91
-1.01
0.00
-1.20
-0.19
0.00
0.00
1.28
-1.62
0.00
-1.23
-1.57
1.70
0.00
1.36
1.64
0.00
0.00
-0.78
-1.92
0.95
-0.39
0.00
0.00
-0.52
0.00
0.00
6.91
0.00
0.00
-6.91
0.00
0.00
1.90
0.00
0.00
0.00
0.00
0.00
0.00
0.00
0.00
0.00
0.00
0.00
0.00
0.00
0.00
0.00
0.00
0.00
0.00
0.00
0.00
0.00
0.00
0.00
-0.87
0.04
0.00
0.00
-4.31
-1.49
-0.87
0.00
0.07
0.00
0.00
2.23
1.60
0.51
0.00
-1.71
0.00
-3.72
0.28
-2.30
0.00
0.00
-0.24
0.00
0.76
0.00
0.00
0.00
-1.21
0.00
0.00
-4.42
-2.38
-2.16
0.53
0.09
-0.53
6.91
-0.87
-0.88
-1.63
-0.35
0.00
-6.18
-0.95
0.00
-1.24
-6.91
0.00
1.54
-6.91
0.00
1.35
-1.16
-4.67
-0.32
1.97
-0.87
0.00
0.00
-0.89
-0.66
-1.46
0.22
-2.04
-1.85
0.00
0.00
1.04
1.78
-2.08
-6.91
1.03
-6.91
-0.51
-1.15
-2.34
-2.21
0.00
-0.77
-1.52
-0.76
0.00
0.00
0.00
0.00
0.00
0.00
0.00
0.00
0.00
0.00
0.00
0.00
0.00
0.00
0.00
0.00
0.00
0.00
0.00
0.00
0.00
0.00
-0.39
0.00
-0.14
-1.53
-6.91
0.00
0.00
1.19
-6.91
2.06
-0.59
-2.26
-1.23
-0.37
-0.29
-2.74
0.00
-6.91
0.00
2.74
0.00
-0.16
-2.53
1.73
-4.39
0.36
-1.90
-1.15
-1.77
3.39
-0.70
-0.27
1.61
-0.17
0.47
-1.43
-2.77
0.12
-0.78
0.44
2.27
4.99
-0.78
0.21
0.19
-0.27
0.25
0.78
0.60
-0.69
-6.91
0.26
-0.18
-6.91
-0.47
0.88
-0.91
-1.74
0.84
0.68
-0.21
-1.34
0.00
0.06
-1.59
0.98
3.15
-0.11
0.06
-6.91
-6.91
1.24
1.55
-0.73
0.33
0.00
-0.08
6.91
1.99
0.48
0.65
0.53
0.03
0.00
0.00
0.00
0.00
0.00
0.00
0.00
0.00
0.00
0.00
0.00
0.00
0.00
0.00
0.00
0.00
0.00
0.00
0.00
0.00
0.00
0.00
1.85
-0.38
-1.50
0.17
0.85
-0.16
0.29
-3.93
0.42
-2.86
-0.23
2.47
-0.75
0.22
-2.51
6.91
-0.70
0.44
0.85
-4.47
0.21
0.00
1.14
-6.91
2.03
-3.21
6.91
0.73
0.59
-0.54
2.94
0.00
-1.19
-1.45
-2.00
1.11
0.98
-6.91
0.66
-0.69
-0.65
-0.91
-1.18
0.00
-0.93
-0.14
6.91
-0.99
-0.27
6.91
1.11
-6.91
0.00
0.73
-6.91
-2.17
-0.14
0.26
-1.31
2.33
0.00
-0.36
-0.67
-1.10
-0.57
-1.04
-0.10
6.91
0.00
-0.27
0.12
-6.91
-1.08
1.05
-2.51
-0.62
-0.50
-0.82
-2.36
0.00
-0.97
-1.33
-1.56
0.00
0.00
0.00
0.00
0.00
0.00
0.00
0.00
0.00
0.00
0.00
0.00
0.00
0.00
0.00
0.00
0.00
0.00
0.00
0.00
0.00
0.00
-0.40
6.91
0.51
-3.72
-0.71
0.00
0.00
1.32
-0.86
0.12
-6.91
-0.65
-0.58
-0.67
-0.21
-0.28
2.17
-6.91
0.00
1.27
0.00
0.27
-0.87
0.17
-1.08
0.44
-0.66
-0.49
-6.91
0.00
-1.30
-0.52
0.00
0.00
0.00
-0.05
-0.55
6.91
-1.26
3.57
0.00
0.00
2.25
-0.88
0.00
1.52
-6.91
0.00
0.00
-1.43
-0.19
0.00
-1.69
-0.70
6.91
0.00
1.36
-0.88
0.00
-1.81
-5.54
1.24
0.00
1.40
0.07
0.00
0.00
-2.33
-0.92
-0.39
-0.89
2.69
0.00
-0.10
0.00
0.00
1.24
0.00
0.00
-1.62
0.00
0.00
6.91
0.00
0.00
0.00
0.00
0.00
0.00
0.00
0.00
0.00
0.00
0.00
0.00
0.00
0.00
0.00
0.00
0.00
0.00
0.00
0.00
0.00
0.00
0.00
-1.84
-0.46
0.00
0.00
-2.31
-1.09
-0.06
0.00
-1.20
6.91
0.00
1.92
2.15
1.46
0.00
-3.90
0.00
-0.96
-0.48
-1.19
0.00
0.00
-0.01
0.00
0.78
0.00
0.00
6.91
0.00
-2.68
-0.13
6.91
1.39
1.27
-2.17
-2.35
1.07
-6.91
0.88
0.83
0.00
0.26
-0.25
6.91
0.52
-0.73
0.00
6.91
-0.62
-1.68
1.04
-1.07
-1.08
1.85
5.37
0.44
-2.13
2.12
-1.08
0.28
0.34
0.00
0.99
-0.05
0.00
4.60
-0.92
-1.06
-0.79
-1.27
0.45
1.60
-2.12
3.25
0.00
-0.23
0.00
6.91
0.10
2.06
0.69
0.91
0.00
0.00
0.00
0.00
0.00
0.00
0.00
0.00
0.00
0.00
0.00
0.00
0.00
0.00
0.00
0.00
0.00
0.00
0.00
0.00
0.00
0.00
0.00
-1.04
-1.28
0.99
2.03
0.02
-0.61
-1.82
0.72
-7.83
1.81
1.62
-0.59
-0.16
-0.31
0.00
-0.38
0.75
-1.65
-6.91
-0.95
0.00
2.56
-2.99
6.91
-3.73
0.00
6.91
2.92
-2.56
0.00
0.00
-1.07
-3.22
-2.77
2.75
0.52
-1.87
4.34
-1.87
-6.91
-2.83
-0.78
0.00
-6.91
-1.24
0.00
-1.87
-3.41
0.00
0.83
-0.85
0.00
1.74
-6.91
-2.29
0.18
1.90
-1.23
0.00
0.00
-0.92
-1.03
-0.74
-0.39
-3.99
-2.18
0.00
0.00
0.13
1.65
-0.82
-6.91
2.92
-6.91
-1.08
-0.44
-0.47
-2.54
0.00
-1.05
-0.95
-0.86
0.00
0.00
0.00
0.00
0.00
0.00
0.00
0.00
0.00
0.00
0.00
0.00
0.00
0.00
0.00
0.00
0.00
0.00
0.00
0.00
0.00
0.00
-1.36
0.00
1.70
-6.03
-1.68
0.00
0.00
1.53
-1.25
1.28
-1.06
-0.97
-0.81
-0.23
0.39
-1.64
0.00
-1.62
0.00
0.61
0.00
-0.14
-2.57
0.48
-1.24
0.40
-1.65
-0.67
-6.91
0.00
-3.31
-1.73
0.00
0.00
0.00
0.15
0.74
0.00
-0.58
6.91
0.00
0.00
3.09
-3.76
0.00
1.24
-1.04
0.00
0.00
-0.72
0.57
0.00
-2.21
1.00
0.00
0.00
6.91
-0.74
0.00
-1.06
-1.52
2.07
0.00
6.91
3.03
0.00
0.00
-1.92
-1.61
0.42
-0.35
0.00
0.00
-0.69
0.00
0.00
2.01
0.00
0.00
-3.88
0.00
0.00
2.82
0.00
0.00
0.00
0.00
0.00
0.00
0.00
0.00
0.00
0.00
0.00
0.00
0.00
0.00
0.00
0.00
0.00
0.00
0.00
0.00
0.00
0.00
0.00
-1.43
0.09
0.00
0.00
-1.20
-4.83
-0.72
0.00
0.07
0.00
0.00
1.28
6.91
0.45
0.00
-2.42
0.00
-6.91
-0.29
-2.62
0.00
0.00
-0.44
0.00
-0.09
0.00
0.00
0.00
0.23
5.17
1.64
-0.63
-0.39
-1.41
-0.57
-0.05
-2.90
0.88
-6.91
-1.47
-0.56
-6.91
6.91
-0.85
-1.55
0.77
0.57
-0.80
1.37
0.10
-0.88
1.20
-0.30
-1.81
-1.74
-1.99
0.78
0.26
0.97
2.04
-1.43
1.13
-1.20
-0.34
-0.64
0.40
6.91
1.48
0.32
0.03
-0.92
-0.54
0.95
-0.81
-0.06
-1.28
0.33
0.33
6.91
0.38
-1.14
-2.30
0.00
0.00
0.00
0.00
0.00
0.00
0.00
0.00
0.00
0.00
0.00
0.00
0.00
0.00
0.00
0.00
0.00
0.00
0.00
0.00
0.00
0.00
0.75
0.49
-0.13
-1.47
-0.22
1.63
1.34
-0.58
0.11
-0.53
-0.62
0.41
-3.89
-1.60
-0.47
-0.40
1.73
-0.64
2.95
-0.06
3.99
1.02
0.07
-0.83
-0.11
-1.30
0.76
-0.20
-1.39
-0.89
0.00
0.00
-2.28
-0.17
-0.63
0.00
0.00
0.58
0.00
1.10
-0.05
-0.97
0.49
0.00
-0.39
1.28
0.00
-0.43
-1.27
0.00
0.00
-0.76
0.00
0.00
-0.04
-0.55
0.51
0.00
-0.53
0.00
0.00
0.64
-6.91
-0.21
1.73
-2.08
-0.79
0.00
0.00
0.00
0.00
0.43
-0.78
0.00
-0.73
-0.86
0.14
-1.06
-1.05
0.00
-0.52
0.79
0.71
0.00
0.00
0.00
0.00
0.00
0.00
0.00
0.00
0.00
0.00
0.00
0.00
0.00
0.00
0.00
0.00
0.00
0.00
0.00
0.00
0.00
0.00
-6.91
0.00
0.00
0.08
-0.55
0.00
0.00
0.00
-0.42
0.00
-0.08
-0.10
1.55
0.45
1.27
-1.76
0.00
-0.97
0.00
0.00
0.00
-6.91
0.04
0.00
-3.01
0.00
-1.21
-0.84
0.02
-6.91
0.00
0.00
-0.59
-0.84
-1.48
0.00
2.91
-0.26
0.00
-0.20
-1.44
-6.91
-0.60
0.00
-0.53
-0.04
0.00
-6.91
-1.37
0.00
0.00
-2.01
0.00
2.25
-0.33
-1.72
-0.25
0.00
-1.80
0.00
0.00
0.45
-1.79
0.68
1.37
-1.14
-1.05
0.00
0.00
6.91
2.39
-0.11
-0.44
0.00
-1.58
-2.49
0.76
-2.97
-0.93
0.00
-6.91
-0.99
-0.16
0.00
0.00
0.00
0.00
0.00
0.00
0.00
0.00
0.00
0.00
0.00
0.00
0.00
0.00
0.00
0.00
0.00
0.00
0.00
0.00
0.00
0.00
-0.96
0.00
1.13
-0.86
-1.70
0.00
0.00
1.57
-0.89
0.00
-0.05
-0.97
0.73
0.52
-0.06
-2.24
0.00
-1.68
0.00
0.00
0.00
-1.57
-1.65
6.91
-3.01
1.64
-1.18
-6.91
-0.20
-2.60
0.00
0.00
-0.54
-0.44
0.12
0.00
0.00
0.50
0.00
1.06
-1.52
-1.78
0.69
0.00
-1.68
1.40
0.00
-1.97
-0.18
0.00
0.00
0.40
0.00
0.00
-0.02
-1.43
0.02
0.00
-0.47
0.00
0.00
0.79
-1.68
0.50
1.73
-1.95
-0.56
0.00
0.00
0.00
0.00
0.33
-0.53
0.00
-0.27
-1.67
0.15
-0.87
-1.75
0.00
-0.32
-0.63
-0.16
0.00
0.00
0.00
0.00
0.00
0.00
0.00
0.00
0.00
0.00
0.00
0.00
0.00
0.00
0.00
0.00
0.00
0.00
0.00
0.00
0.00
0.00
-0.85
0.00
0.00
-0.88
-0.61
0.00
0.00
0.00
-1.49
0.00
0.25
-0.38
1.07
0.85
1.09
-2.90
0.00
-1.23
0.00
0.00
0.00
-6.91
-1.27
0.00
-0.44
0.00
-3.99
-0.41
0.22
-1.37
0.00
0.00
-0.48
-3.34
-1.97
6.91
2.66
-0.41
2.92
0.03
-6.91
-6.91
0.12
0.00
-1.89
0.55
0.00
-1.20
-0.80
0.00
6.91
-7.79
0.00
2.50
-2.37
-6.91
-1.10
6.91
-3.40
0.00
0.00
-0.48
-0.42
-1.12
-0.61
-2.39
-5.00
0.00
0.00
1.67
1.60
-1.94
-1.85
1.58
-2.58
-0.79
-0.60
-1.04
-0.77
0.00
-3.69
-1.42
-0.34
0.00
0.00
0.00
0.00
0.00
0.00
0.00
0.00
0.00
0.00
0.00
0.00
0.00
0.00
0.00
0.00
0.00
0.00
0.00
0.00
0.00
0.00
-1.78
0.00
0.31
-2.17
-0.99
0.00
0.00
0.90
-0.92
6.91
-3.84
-6.91
0.11
-1.07
0.79
-1.22
0.00
-2.47
0.00
2.20
0.00
-1.16
-3.96
2.40
-4.07
0.59
-2.66
-6.91
-1.09
-0.38
2.58
3.37
0.12
-2.05
-0.68
0.12
-0.45
-0.99
0.72
-1.73
-0.17
0.03
-5.84
6.91
0.01
-6.91
0.72
-0.59
-0.14
0.67
0.11
-1.69
1.55
-1.49
-2.40
-1.45
-6.91
0.82
-0.48
0.42
2.03
-1.34
-0.01
-1.17
-1.77
1.08
-0.72
2.24
3.37
-1.43
-0.04
-0.49
-0.66
-0.53
-0.36
1.57
-6.91
0.18
-1.06
6.91
-0.95
-0.95
-1.27
0.00
0.00
0.00
0.00
0.00
0.00
0.00
0.00
0.00
0.00
0.00
0.00
0.00
0.00
0.00
0.00
0.00
0.00
0.00
0.00
0.00
0.00
-0.14
1.51
-0.86
-0.54
0.39
0.74
3.04
-0.37
-0.62
-0.43
-0.51
-0.71
-3.17
-6.91
-1.38
-0.33
1.02
-0.26
1.16
0.05
1.61
0.91
-0.99
-1.15
-0.76
-1.84
-0.18
0.30
-1.82
0.51
1.07
0.00
-1.65
-0.75
-2.23
-0.49
0.06
-6.91
0.34
-6.91
-0.39
0.42
-3.54
0.00
-0.48
-2.22
6.91
-0.35
-1.28
1.96
0.91
-1.65
0.00
-0.73
-0.46
-2.33
-1.12
0.17
-0.87
2.28
0.00
-0.99
1.00
-3.23
-2.50
0.21
-1.40
0.91
0.00
0.14
0.46
-3.07
-0.94
0.19
-0.18
0.72
-6.91
-0.49
-1.68
0.00
-0.68
-1.98
-6.91
0.00
0.00
0.00
0.00
0.00
0.00
0.00
0.00
0.00
0.00
0.00
0.00
0.00
0.00
0.00
0.00
0.00
0.00
0.00
0.00
0.00
0.00
0.13
2.59
-0.05
-1.14
0.27
2.02
0.00
-0.40
-0.27
1.17
-2.60
-0.98
-1.24
-6.91
-1.24
-0.44
1.53
-2.21
6.91
0.22
0.00
0.60
-0.47
0.23
0.05
0.03
0.67
0.04
-1.60
1.10
0.71
6.91
0.40
-1.70
0.33
-0.75
-0.01
-0.36
-0.83
-1.55
-0.64
0.56
-3.88
1.04
0.30
-6.91
0.39
0.04
0.06
0.16
-0.50
-0.29
1.23
-1.03
-1.05
-0.33
-2.67
-0.66
-0.31
0.94
1.43
-1.74
0.72
-1.69
-6.91
1.55
0.17
0.73
1.87
-1.41
0.30
-2.34
-0.17
0.15
0.24
0.69
-2.66
-0.21
-0.76
0.49
-0.35
-0.85
-1.07
0.00
0.00
0.00
0.00
0.00
0.00
0.00
0.00
0.00
0.00
0.00
0.00
0.00
0.00
0.00
0.00
0.00
0.00
0.00
0.00
0.00
0.00
0.39
0.78
-0.24
-1.14
0.20
1.90
1.04
-0.52
0.07
-0.02
-0.20
0.41
-1.11
-0.82
-6.91
1.39
0.94
-0.41
0.49
-0.82
2.48
3.28
-0.63
-0.30
-0.54
-0.39
0.47
-0.56
-0.27
-0.59
1.60
6.91
-0.21
-1.72
-0.87
-0.14
0.36
-1.12
0.43
-2.62
-0.19
-0.26
-2.01
2.40
-0.64
-1.49
0.84
0.60
-1.30
2.06
-0.09
-0.62
1.60
0.36
-1.35
-1.20
-2.34
0.20
-0.64
2.67
2.31
-6.91
0.95
-1.32
-0.41
0.47
-0.37
1.14
6.91
-1.02
0.54
-0.27
-1.27
0.10
-0.39
-0.07
-2.78
0.22
-0.51
6.91
-0.85
-0.71
-6.91
0.00
0.00
0.00
0.00
0.00
0.00
0.00
0.00
0.00
0.00
0.00
0.00
0.00
0.00
0.00
0.00
0.00
0.00
0.00
0.00
0.00
0.00
0.09
1.76
-1.20
-1.03
-0.89
1.65
1.82
-0.49
-1.46
0.09
-2.14
-0.53
-6.91
-6.91
-1.01
-0.13
1.36
-2.82
2.72
0.16
2.49
0.87
-1.25
-0.22
-0.27
-0.24
-0.43
-0.70
-0.28
-6.91
0.00
0.00
-1.32
-1.76
-1.73
0.00
1.30
-0.79
0.00
-0.07
-1.89
-2.68
-0.03
0.00
-0.80
-0.33
0.00
-2.28
-1.71
0.00
0.00
-0.35
0.00
1.75
-1.25
-1.73
-0.05
0.00
-6.91
0.00
0.00
0.36
-6.91
-0.27
0.68
-5.52
-6.91
0.00
0.00
6.91
0.00
-0.58
-0.38
0.00
-1.25
-0.79
0.41
-0.92
-0.71
0.00
-2.19
-0.16
0.53
-1.85
0.00
-2.97
2.56
-0.24
0.00
-0.50
2.56
-0.85
0.00
0.00
-1.07
0.00
0.38
-1.22
-1.60
-3.56
-1.01
1.12
0.35
0.72
0.50
0.00
0.00
0.00
0.00
0.00
0.00
0.00
0.00
0.00
0.00
0.00
0.00
0.00
0.00
0.00
-6.91
0.00
-1.74
0.00
0.00
0.00
-1.86
-0.75
2.26
-1.56
1.12
-6.91
-0.95
-0.52
0.00
-2.43
-4.35
0.00
6.91
0.00
-0.42
-0.40
2.19
-1.32
3.39
0.00
0.00
2.04
-1.80
0.00
0.67
-6.91
0.00
0.00
-6.91
-0.53
2.58
-1.71
0.20
6.91
0.00
1.32
-1.49
0.00
-2.95
-2.80
2.15
0.00
1.00
0.46
0.00
0.00
-6.91
-3.47
-1.05
-1.15
1.24
0.00
-0.58
0.00
0.00
0.87
0.00
0.00
-2.20
0.00
0.00
0.90
0.00
-6.91
0.00
-0.68
0.00
-6.91
0.00
-0.73
6.91
-1.17
-1.28
0.00
-1.01
1.94
0.00
0.00
0.00
0.00
0.53
1.48
0.77
2.06
0.00
0.00
0.00
0.00
0.00
0.00
0.00
0.00
0.00
0.00
0.00
0.00
0.00
0.00
0.00
0.00
-6.91
0.00
-6.91
-1.92
-0.93
0.00
0.00
-1.34
0.00
0.04
0.00
0.00
6.91
1.49
0.13
0.66
0.83
0.88
0.50
-0.92
-2.05
0.84
-1.81
0.03
1.02
1.35
-1.49
0.23
1.97
-0.10
-0.63
1.17
0.33
-0.79
-1.90
1.06
0.03
-2.41
0.59
1.37
-0.44
-1.46
0.12
-0.66
1.54
-1.09
4.81
-0.62
-1.33
1.23
1.73
-0.40
0.20
-6.91
-2.86
0.94
0.07
-1.05
0.27
0.00
-0.31
6.91
1.84
0.27
1.88
1.26
-0.62
2.77
-1.01
0.58
-0.96
-0.28
0.71
0.63
-2.71
0.29
0.05
-1.29
1.57
0.20
-1.59
0.00
6.91
0.00
1.05
-1.57
-0.72
-0.10
-0.85
0.00
0.00
0.00
0.00
0.00
0.00
0.00
0.00
0.00
0.00
0.00
0.00
0.00
0.00
0.00
6.91
-0.57
-0.12
0.54
-0.57
0.63
0.00
0.68
-6.91
2.14
-6.91
1.16
0.62
0.34
-1.37
0.00
0.00
-1.50
-2.11
-2.99
1.66
0.34
-6.91
1.34
-0.35
-1.52
-1.69
-2.24
0.00
-0.86
0.01
0.00
-0.26
-2.65
0.00
1.00
-4.13
0.00
0.60
-1.50
-3.08
-1.22
0.56
-1.84
0.00
0.00
-2.24
-0.40
-2.24
-0.50
-1.89
-0.53
0.00
0.00
0.09
0.24
-6.91
-6.91
1.23
-6.91
-0.81
-0.63
-0.95
-1.13
0.00
-0.55
-0.62
-2.88
-0.11
0.00
-6.91
0.52
-6.91
0.00
-1.68
0.06
-1.35
0.00
0.77
-1.81
0.00
-1.41
-0.95
-0.90
-0.42
-2.41
-1.14
-0.83
-0.49
-1.42
0.00
0.00
0.00
0.00
0.00
0.00
0.00
0.00
0.00
0.00
0.00
0.00
0.00
0.00
0.00
-1.35
0.00
-6.91
0.00
0.83
0.00
-0.78
-1.80
0.74
-0.79
0.67
-1.45
-0.92
-0.89
-6.91
0.00
0.00
-3.87
-0.55
-6.91
6.91
2.09
-0.70
0.00
-0.96
-1.03
-1.62
-0.29
0.00
-0.94
0.60
0.00
-1.95
-1.27
0.00
1.01
-0.74
0.00
0.52
-0.21
-1.11
-0.44
1.33
-1.89
0.00
0.00
-0.95
-1.15
-0.85
0.20
-2.33
-1.67
0.00
0.00
6.91
2.15
-0.54
-3.30
2.69
-1.52
-2.99
0.14
-2.10
-1.53
0.00
-1.37
-0.54
-0.38
-1.00
0.00
-6.91
1.00
-0.39
0.00
-1.76
0.65
-1.47
0.00
1.61
-0.72
0.00
-0.69
-1.14
-3.83
-2.14
-0.74
-0.69
0.14
-0.33
-1.04
0.00
0.00
0.00
0.00
0.00
0.00
0.00
0.00
0.00
0.00
0.00
0.00
0.00
0.00
0.00
-6.91
0.00
-1.94
0.00
6.91
0.00
-0.70
-1.39
1.22
-1.49
0.45
-3.69
-0.50
-1.72
0.00
-1.11
-1.59
0.00
0.00
0.00
-0.71
0.17
0.00
-0.98
1.78
0.00
0.00
2.21
-0.99
0.00
3.55
-4.24
0.00
0.00
-1.35
-0.94
0.00
-2.32
0.89
0.00
0.00
2.12
-1.58
0.00
-2.81
-0.43
1.06
0.00
6.91
1.29
0.00
0.00
-1.04
-6.91
-0.06
0.27
0.00
0.00
0.15
0.00
0.00
2.88
0.00
0.00
-6.91
0.00
0.00
6.91
0.00
-6.91
0.00
-0.17
0.00
-3.78
0.00
0.76
0.00
-1.51
-0.62
0.00
-2.50
1.56
0.00
0.00
0.00
0.00
2.06
6.91
1.15
1.14
0.00
0.00
0.00
0.00
0.00
0.00
0.00
0.00
0.00
0.00
0.00
0.00
0.00
0.00
0.00
0.00
-0.83
0.00
-6.91
-1.12
-2.27
0.00
0.00
-0.51
0.00
-0.04
0.00
0.00
0.00
0.00
-1.67
-0.86
0.00
0.00
0.00
0.01
0.47
0.00
-0.68
1.23
0.00
0.00
6.91
-1.41
0.00
2.45
-6.91
0.00
0.00
-2.18
-0.21
0.00
-0.81
0.41
0.00
0.00
1.83
0.22
0.00
-6.91
-1.69
0.80
0.00
1.81
1.52
0.00
0.00
-1.51
-6.91
0.97
-0.81
0.00
0.00
0.02
0.00
0.00
6.91
0.00
0.00
-6.91
0.00
0.00
6.91
0.00
-6.91
0.00
0.61
0.00
-0.74
0.00
1.19
0.00
-1.65
-0.16
0.00
-1.17
1.61
0.00
0.00
0.00
0.00
3.74
0.00
3.30
6.91
0.00
0.00
0.00
0.00
0.00
0.00
0.00
0.00
0.00
0.00
0.00
0.00
0.00
0.00
0.00
0.00
-1.03
0.00
-3.24
0.01
-6.91
0.00
0.00
-0.58
0.00
0.80
0.00
0.00
0.00
2.17
-0.59
0.57
2.84
0.25
1.38
-6.91
-2.26
0.17
-6.91
-0.68
1.44
2.29
0.28
0.43
1.08
-0.25
-0.64
2.55
4.56
-1.41
-6.91
1.11
-0.50
-4.75
0.17
1.96
-0.64
-7.83
1.25
0.04
-0.39
-0.12
0.00
0.85
-0.50
1.98
1.19
-0.79
-0.69
-3.69
-2.48
0.55
0.36
-6.91
2.07
0.00
-0.84
3.40
1.94
-0.28
0.85
0.85
-0.30
6.91
-0.23
2.50
-1.69
0.08
0.31
2.61
-1.85
0.88
-1.32
-6.91
0.69
0.15
0.06
0.00
6.91
0.00
1.96
-0.45
0.22
-0.41
-1.00
0.00
0.00
0.00
0.00
0.00
0.00
0.00
0.00
0.00
0.00
0.00
0.00
0.00
0.00
0.00
6.91
-1.13
0.57
-0.77
-6.91
0.33
0.00
2.91
-6.91
3.59
-2.66
6.91
1.17
1.44
-2.76
0.00
0.00
-1.02
-4.72
-1.25
1.63
1.62
-5.83
1.48
-0.10
-3.89
-3.05
-1.34
0.00
-1.19
-1.46
0.00
-0.52
-1.14
0.00
2.15
-6.91
0.00
1.34
-1.44
-6.91
-1.46
6.91
-2.21
0.00
0.00
-1.10
-1.60
-1.62
-0.18
-0.71
-1.86
0.00
0.00
0.88
1.88
-1.47
-4.06
2.07
-6.91
-1.23
-0.46
-0.43
-2.63
0.00
-1.01
-1.56
-1.99
-0.60
0.00
-2.63
1.83
-2.21
0.00
-1.17
1.13
-0.77
0.00
3.03
-1.70
0.00
-0.91
-0.46
-1.11
-1.42
-1.12
-1.54
-1.98
-1.04
-0.10
0.00
0.00
0.00
0.00
0.00
0.00
0.00
0.00
0.00
0.00
0.00
0.00
0.00
0.00
0.00
-0.79
0.00
-0.95
0.00
4.72
0.00
-0.20
-6.91
1.82
-6.91
1.24
-1.23
-1.15
-1.07
0.00
-2.08
0.44
1.81
1.00
1.55
-6.91
-0.77
0.39
-2.23
-0.49
1.32
0.00
-0.13
0.37
1.85
-0.43
0.14
0.00
0.98
-1.91
-1.44
0.30
-0.97
-3.89
0.64
1.33
0.06
-2.39
6.91
-0.80
0.08
-0.12
0.00
1.02
-1.17
0.00
3.19
-1.82
-0.91
-1.62
-3.08
0.81
2.02
-4.45
0.82
0.00
-0.61
0.00
1.50
-0.89
2.76
0.73
1.12
0.00
-1.17
6.91
-5.39
2.06
-0.65
2.51
-1.73
1.84
-1.22
-1.62
2.19
-0.44
0.24
0.00
0.00
0.00
1.09
0.24
0.75
0.15
-0.20
0.00
0.00
0.00
0.00
0.00
0.00
0.00
0.00
0.00
0.00
0.00
0.00
0.00
0.00
0.00
0.00
-1.76
1.41
0.09
-2.26
-0.85
0.00
1.78
-6.91
1.65
-0.96
0.00
1.71
1.49
0.07
6.91
0.00
-1.22
-1.00
-3.43
0.23
0.15
-6.91
0.43
-0.56
-1.06
-0.56
-1.49
0.00
-1.23
-0.73
6.91
-1.14
-0.79
2.49
1.88
-5.55
0.00
0.00
-3.13
-0.93
-0.29
0.27
-5.86
1.70
0.00
-1.09
-0.76
-2.09
-0.50
-0.29
-2.58
6.91
0.00
-0.04
0.16
-6.91
-0.49
1.13
-1.22
-0.76
-1.11
-0.62
-0.42
0.00
-2.89
-6.91
-1.49
-1.23
1.85
-2.28
1.59
-1.27
0.00
-2.33
-0.25
-6.91
6.91
1.30
-2.60
0.00
-1.23
0.66
-1.32
0.10
-0.76
-0.41
-1.91
-1.24
-2.95
0.00
0.00
0.00
0.00
0.00
0.00
0.00
0.00
0.00
0.00
0.00
0.00
0.00
0.00
0.00
-0.87
1.44
-1.10
0.00
0.14
0.00
0.23
-1.26
1.83
-1.38
0.70
-0.22
-0.60
-3.17
-1.36
0.00
0.00
-1.45
-1.01
-1.25
6.91
7.56
-1.35
6.91
-0.90
-0.84
-6.91
-0.86
0.00
-0.62
-0.81
0.00
-1.75
-1.89
0.00
3.20
-1.53
0.00
0.97
-0.58
-1.83
0.71
6.91
-1.05
0.00
0.00
-0.12
-0.91
0.13
0.23
-0.59
-1.72
0.00
0.00
1.59
1.78
-3.65
-1.67
6.91
-1.02
-2.09
-0.54
-1.32
-1.05
0.00
-1.31
-6.91
-1.22
-0.91
0.00
-1.20
0.82
-4.48
0.00
-1.20
0.85
-2.34
0.00
3.42
-2.04
0.00
-0.40
-0.48
-0.81
-0.63
-6.91
0.38
-0.27
0.21
0.41
0.00
0.00
0.00
0.00
0.00
0.00
0.00
0.00
0.00
0.00
0.00
0.00
0.00
0.00
0.00
-2.96
0.00
-0.50
0.00
1.17
0.00
-0.20
-0.87
6.91
-2.26
1.85
-0.68
-1.89
-2.69
-0.53
1.07
6.91
0.20
-1.79
-1.64
-0.78
0.20
-1.83
0.25
-6.91
0.20
0.40
-1.25
6.91
-0.28
-2.53
2.38
-0.16
-1.19
0.75
-1.05
-2.51
2.55
-0.09
-1.59
-1.43
-2.05
-0.33
-0.98
0.50
1.46
-1.97
-0.11
-6.91
-3.15
-0.62
-0.38
1.09
1.99
-1.25
-0.91
-1.63
-1.51
0.58
-0.19
1.02
-6.91
0.89
-0.64
1.37
-0.82
-2.06
-1.15
0.11
1.78
0.13
-0.45
-1.23
0.92
-0.89
-0.02
-1.13
2.86
0.13
-1.22
6.91
-2.97
0.84
-0.06
0.67
-0.97
-6.91
-2.26
-0.82
-1.57
0.00
0.00
0.00
0.00
0.00
0.00
0.00
0.00
0.00
0.00
0.00
0.00
0.00
0.00
0.00
-0.31
1.24
-0.46
0.96
0.76
2.00
1.52
-0.67
-0.60
-0.10
-1.65
0.56
-0.86
-0.57
0.04
2.88
3.94
-0.68
-1.04
-1.66
-0.31
-0.72
-1.70
1.27
-3.30
-1.02
-0.74
-6.91
0.00
-0.03
-2.41
3.65
0.26
-0.73
1.83
0.43
-2.46
6.91
-0.23
-1.15
-0.62
-6.91
1.27
-1.56
0.93
0.00
-1.66
-0.03
-6.91
-0.37
-0.34
-0.51
4.26
2.12
-0.15
-0.51
-0.91
-0.33
0.14
-0.92
0.32
-6.91
-0.53
-1.35
1.74
-0.64
-0.50
-1.44
0.00
0.86
-0.85
-0.37
-0.98
6.91
-1.26
-1.25
-1.00
1.01
1.18
-0.11
6.91
-6.91
0.55
-0.40
-0.22
0.12
-6.91
-7.96
-2.60
-1.98
0.00
0.00
0.00
0.00
0.00
0.00
0.00
0.00
0.00
0.00
0.00
0.00
0.00
0.00
0.00
0.13
0.80
-1.34
3.51
0.24
1.64
0.03
-0.28
0.71
-1.07
0.15
0.56
-0.42
-0.49
1.31
0.13
0.59
-0.52
-1.15
-0.30
0.12
-0.56
-0.38
-0.76
-0.49
-0.05
-0.17
-0.86
0.93
0.46
-2.07
-0.10
0.92
0.56
0.61
-1.34
-0.37
0.74
-0.23
-1.01
0.35
-2.99
-0.14
-0.82
1.47
2.49
-1.08
1.76
-2.18
-2.60
1.53
0.46
1.02
0.59
-0.72
-1.20
-0.31
-0.94
0.15
-0.51
0.77
-1.14
0.67
-0.45
0.47
-0.33
-0.16
-1.37
0.08
0.08
-0.11
0.02
-0.12
1.27
-0.34
-0.28
-0.91
1.05
-0.04
0.27
3.71
-2.85
1.30
0.28
1.31
0.36
-6.91
-1.67
-3.51
-1.93
0.00
0.00
0.00
0.00
0.00
0.00
0.00
0.00
0.00
0.00
0.00
0.00
0.00
0.00
0.00
0.27
-0.09
-0.29
2.17
-0.43
2.42
2.41
-0.76
-1.53
0.06
-2.33
1.63
0.95
-1.06
0.00
0.00
0.00
0.00
0.00
0.00
0.00
0.00
0.00
0.00
0.00
0.00
0.00
0.00
0.00
0.00
0.00
0.00
-1.33
-1.23
0.00
0.00
0.05
0.00
1.16
-0.12
-0.42
1.14
0.00
-2.53
0.00
0.00
-0.06
-6.91
0.71
1.57
-3.42
-1.11
0.00
0.00
6.91
0.00
0.07
-1.15
0.00
-2.29
-3.74
0.28
-3.17
-0.99
0.00
-1.30
-0.14
-0.37
-2.21
0.00
-2.93
0.00
-0.58
0.00
-2.53
1.00
-0.69
0.00
0.00
-2.77
0.00
0.34
-6.91
-6.91
-3.56
-1.38
1.01
0.10
0.20
0.64
-6.91
0.00
1.82
-2.09
-6.91
0.00
0.00
6.91
-0.81
0.00
-0.25
-2.10
0.74
-0.40
1.81
0.00
0.00
0.00
0.00
0.00
0.00
0.00
0.00
0.00
0.00
0.00
0.00
0.00
0.00
0.00
0.00
0.00
0.00
0.00
0.00
0.00
0.00
0.00
0.00
0.00
0.00
0.00
0.00
0.00
0.00
0.00
0.00
0.00
0.00
-6.91
-1.00
1.51
-3.94
-0.18
6.91
0.00
0.67
-2.02
0.00
-1.28
-0.75
1.33
0.00
2.61
0.83
0.00
0.00
-2.00
-2.19
-0.14
-0.54
6.91
0.00
-0.60
0.00
0.00
1.98
0.00
0.00
-1.55
0.00
0.00
0.66
0.00
-3.90
0.00
-0.07
0.00
-3.36
0.00
-0.30
1.25
-1.27
-0.73
0.00
-7.28
0.93
0.00
0.00
0.00
0.00
0.61
0.91
0.56
1.74
0.00
-6.91
0.10
0.00
0.00
-2.71
-2.20
-0.53
0.00
-0.17
1.44
0.00
1.82
6.91
1.63
0.00
0.00
0.00
0.00
0.00
0.00
0.00
0.00
0.00
0.00
0.00
0.00
0.00
0.00
0.00
0.00
0.00
0.00
0.00
0.00
0.00
0.00
0.00
0.00
0.00
0.00
0.00
0.00
0.00
0.00
0.00
0.00
-1.34
-1.14
0.00
1.95
-3.28
0.00
0.51
-1.99
-0.93
-0.22
0.59
-2.04
0.00
0.00
-1.42
-0.75
-1.11
-0.12
-1.31
-2.43
0.00
0.00
0.77
2.32
-1.20
-1.98
0.69
-6.91
0.43
-1.36
-0.28
-1.85
0.00
-2.78
-3.46
-2.07
-0.53
0.00
-0.97
0.84
-6.91
0.00
-1.13
1.55
-1.59
0.00
1.42
-1.30
0.00
-0.21
-0.43
-0.70
0.12
-1.43
-2.22
-1.39
-1.56
-1.18
-0.13
0.00
0.37
-1.30
-1.21
0.00
0.00
1.06
-1.10
0.86
-6.91
-1.86
-0.18
-0.29
0.21
0.00
0.00
0.00
0.00
0.00
0.00
0.00
0.00
0.00
0.00
0.00
0.00
0.00
0.00
0.00
0.00
0.00
0.00
0.00
0.00
0.00
0.00
0.00
0.00
0.00
0.00
0.00
0.00
0.00
0.00
0.00
0.00
0.00
0.00
-0.96
0.26
0.00
-6.91
-0.17
0.00
0.00
6.91
-1.00
0.00
-0.76
-0.91
6.91
0.00
1.57
3.33
0.00
0.00
-1.67
-1.71
-0.26
-0.37
0.00
0.00
-0.32
0.00
0.00
1.05
0.00
0.00
-1.19
0.00
0.00
2.06
0.00
-2.44
0.00
-0.82
0.00
-6.91
0.00
-0.67
0.00
-6.91
-1.12
0.00
-6.40
1.36
0.00
0.00
0.00
0.00
1.30
6.91
0.51
1.66
0.00
-0.83
0.18
0.00
0.00
-1.40
-1.17
0.55
0.00
-1.18
0.00
0.00
2.72
3.01
1.02
0.00
0.00
0.00
0.00
0.00
0.00
0.00
0.00
0.00
0.00
0.00
0.00
0.00
0.00
0.00
0.00
0.00
0.00
0.00
0.00
0.00
0.00
0.00
0.00
0.00
0.00
0.00
0.00
0.00
0.00
0.00
0.00
0.00
2.39
-1.34
-6.91
1.97
0.07
-1.98
2.22
0.63
0.22
-1.22
0.80
-1.06
0.30
-0.37
0.00
-0.20
-1.21
0.00
1.04
-0.11
-0.69
-1.18
-1.35
0.22
0.59
-3.35
1.63
0.00
0.58
0.00
6.91
-0.71
1.54
2.08
0.85
0.00
-2.22
2.79
-1.45
0.61
-0.98
0.49
-2.40
1.00
-1.46
-6.91
6.91
-0.69
-0.44
0.00
0.00
0.00
1.63
-0.34
1.10
0.27
-0.59
0.00
-1.80
-2.34
1.18
1.29
-1.46
0.09
-6.91
3.72
-6.91
0.72
2.45
-0.13
0.27
0.06
0.00
0.00
0.00
0.00
0.00
0.00
0.00
0.00
0.00
0.00
0.00
0.00
0.00
0.00
0.00
0.00
0.00
0.00
0.00
0.00
0.00
0.00
0.00
0.00
0.00
0.00
0.00
0.00
0.00
0.00
0.00
0.00
0.00
0.00
-6.91
-0.94
0.00
-2.98
0.34
0.00
0.00
6.91
-0.46
0.00
-6.91
-5.47
6.91
0.00
6.91
0.88
0.00
0.00
-4.65
-0.83
0.82
-0.38
0.00
0.00
0.31
0.00
0.00
2.19
0.00
0.00
-6.91
0.00
0.00
4.09
0.00
-1.33
0.00
0.04
0.00
-1.91
0.00
0.47
0.00
-2.99
-1.22
0.00
-6.91
1.71
0.00
0.00
0.00
0.00
1.68
0.00
0.38
1.20
0.00
-1.08
-0.09
0.00
0.00
-1.15
-6.91
0.31
0.00
-1.02
0.00
0.00
2.34
1.38
1.46
0.00
0.00
0.00
0.00
0.00
0.00
0.00
0.00
0.00
0.00
0.00
0.00
0.00
0.00
0.00
0.00
0.00
0.00
0.00
0.00
0.00
0.00
0.00
0.00
0.00
0.00
0.00
0.00
0.00
0.00
0.00
0.00
-1.27
-0.89
0.00
0.00
0.13
0.00
0.00
0.18
-0.54
0.90
0.00
-1.15
0.00
0.00
1.19
-7.86
0.10
0.97
-1.00
-0.79
0.00
0.00
0.00
0.00
0.14
-0.31
0.00
-0.85
-6.91
1.46
-0.36
-0.77
0.00
-0.04
-0.01
0.50
-0.65
0.00
-0.15
0.00
0.28
0.00
-0.32
0.00
0.24
0.00
0.00
0.11
0.00
-0.04
-6.91
-1.05
-1.94
-0.13
0.28
0.88
0.57
1.55
-1.01
0.00
0.00
0.17
-2.64
0.00
0.00
0.00
-0.89
0.00
0.05
-0.78
1.56
1.37
6.91
0.00
0.00
0.00
0.00
0.00
0.00
0.00
0.00
0.00
0.00
0.00
0.00
0.00
0.00
0.00
0.00
0.00
0.00
0.00
0.00
0.00
0.00
0.00
0.00
0.00
0.00
0.00
0.00
0.00
0.00
0.00
0.00
-1.10
-1.77
0.00
1.58
-2.33
0.00
0.79
-3.39
-6.91
0.02
6.91
-6.91
0.00
0.00
-0.25
-0.93
-0.80
0.46
-0.78
-1.54
0.00
0.00
0.79
4.38
-1.99
-3.86
6.91
-3.38
-0.47
-0.97
-1.61
-2.58
0.00
-1.90
-0.68
-1.17
-1.40
0.00
-2.41
2.29
-1.72
0.00
-1.06
0.61
-0.58
0.00
1.15
-6.91
0.00
-1.63
-0.06
-1.66
-0.51
-0.80
-0.39
-0.38
-0.20
-0.28
-0.42
0.00
0.50
-1.64
-2.29
0.00
0.00
0.48
-6.91
3.01
-1.33
-2.27
-0.73
-1.90
-0.16
0.00
0.00
0.00
0.00
0.00
0.00
0.00
0.00
0.00
0.00
0.00
0.00
0.00
0.00
0.00
0.00
0.00
0.00
0.00
0.00
0.00
0.00
0.00
0.00
0.00
0.00
0.00
0.00
0.00
0.00
0.00
0.00
3.47
0.89
-0.34
-6.91
0.73
-0.62
-6.91
0.76
2.38
-0.68
-1.73
0.79
-0.50
-0.25
-1.04
0.00
0.19
-0.75
1.42
0.80
0.06
-0.03
-4.66
-1.24
0.42
1.01
-3.01
1.89
0.00
-1.06
6.91
0.74
0.14
0.78
0.31
-0.38
1.61
-1.20
2.76
-1.68
0.50
-0.64
1.41
-1.12
0.42
0.04
-6.91
2.96
0.31
-0.22
0.00
2.28
0.00
0.69
0.07
-0.15
-0.67
-0.98
6.91
-1.59
-6.91
0.09
2.68
-0.98
-0.45
-6.91
2.94
-6.91
1.32
0.86
-0.57
0.49
-0.97
0.00
0.00
0.00
0.00
0.00
0.00
0.00
0.00
0.00
0.00
0.00
0.00
0.00
0.00
0.00
0.00
0.00
0.00
0.00
0.00
0.00
0.00
0.00
0.00
0.00
0.00
0.00
0.00
0.00
0.00
0.00
0.00
-2.61
-1.17
0.00
6.91
-1.30
0.00
2.50
-0.70
-3.82
0.30
1.50
-1.22
0.00
0.00
-0.08
-0.76
-0.01
-0.48
-2.17
-1.19
0.00
0.00
0.97
3.67
-1.25
-1.79
6.91
-6.91
-1.22
-0.98
-1.67
-6.91
0.00
-1.08
-1.08
0.27
-5.88
0.00
-1.27
1.59
-0.53
0.00
-6.91
3.26
-1.19
0.00
6.91
-6.91
0.00
-0.59
-1.36
-1.40
-3.04
-2.69
0.68
0.06
0.56
0.42
-6.65
0.00
0.75
-2.05
-1.72
0.00
0.00
0.90
-1.48
3.49
-1.69
-1.51
0.52
0.21
0.84
0.00
0.00
0.00
0.00
0.00
0.00
0.00
0.00
0.00
0.00
0.00
0.00
0.00
0.00
0.00
0.00
0.00
0.00
0.00
0.00
0.00
0.00
0.00
0.00
0.00
0.00
0.00
0.00
0.00
0.00
0.00
0.00
1.39
0.80
-0.35
-3.19
0.81
0.88
-4.17
0.17
1.27
-0.37
-1.84
1.92
-0.10
0.57
-0.13
4.46
0.18
-0.83
1.22
0.90
-0.21
-0.33
-1.75
-1.07
0.82
0.14
-2.28
1.46
0.00
-0.51
6.91
0.87
0.41
2.74
1.54
0.11
1.04
-0.62
2.84
-4.23
1.31
0.81
1.31
-1.68
0.21
-0.87
-2.07
-0.03
0.46
-0.42
0.00
6.91
0.00
0.84
-0.94
-0.37
-0.69
-0.24
6.91
-0.07
-3.03
1.00
0.91
0.83
1.14
-1.16
0.38
-2.65
0.69
0.52
-1.20
-0.97
-2.18
0.00
0.00
0.00
0.00
0.00
0.00
0.00
0.00
0.00
0.00
0.00
0.00
0.00
0.00
0.00
0.00
0.00
0.00
0.00
0.00
0.00
0.00
0.00
0.00
0.00
0.00
0.00
0.00
0.00
0.00
0.00
0.00
-1.60
-1.28
0.00
0.00
0.00
0.00
1.94
-0.85
-0.67
-0.51
0.00
-4.23
0.00
0.00
-0.25
-0.87
0.20
0.07
-2.14
-6.91
0.00
0.00
6.91
0.00
-0.12
-1.04
0.00
-1.25
-2.20
-0.38
-6.91
-2.52
0.00
-1.04
-1.87
-0.61
-6.91
0.00
-3.49
0.00
-1.45
0.00
-1.92
6.91
-0.41
0.00
0.00
-2.21
0.00
0.47
-2.28
-6.91
-0.97
-0.86
0.14
0.50
1.30
-0.52
-1.23
0.00
2.00
-0.83
-1.44
0.00
0.00
6.91
-1.52
0.00
-0.47
-0.77
0.87
0.81
0.22
0.00
0.00
0.00
0.00
0.00
0.00
0.00
0.00
0.00
0.00
0.00
0.00
0.00
0.00
0.00
0.00
0.00
0.00
0.00
0.00
0.00
0.00
0.00
0.00
0.00
0.00
0.00
0.00
0.00
0.00
0.00
0.00
-2.33
-2.10
0.00
1.49
-0.68
0.00
2.17
-1.92
-1.00
-0.38
1.29
-1.40
0.00
0.00
0.33
-0.80
-0.09
-0.51
-0.71
-1.13
0.00
0.00
1.78
2.14
-0.34
-1.48
2.43
-6.91
-0.60
0.39
-6.91
-1.97
0.00
-6.91
-0.69
-0.60
-1.79
0.00
-0.96
2.12
-3.36
0.00
-1.69
1.89
-1.34
0.00
1.44
-0.86
0.00
0.15
-0.45
-0.72
-1.09
-6.91
0.25
-0.59
-0.51
-0.15
-1.64
0.00
0.82
-2.07
-0.79
0.00
0.00
1.84
-1.88
6.91
-0.51
-2.62
-0.05
0.24
-0.19
0.00
0.00
0.00
0.00
0.00
0.00
0.00
0.00
0.00
0.00
0.00
0.00
0.00
0.00
0.00
0.00
0.00
0.00
0.00
0.00
0.00
0.00
0.00
0.00
0.00
0.00
0.00
0.00
0.00
0.00
0.00
0.00
-1.45
-1.21
6.91
1.39
-2.02
0.00
-0.35
-1.89
-6.91
-0.43
0.89
-2.98
2.97
0.00
-0.60
0.58
-0.59
-0.04
-1.24
-2.18
2.02
0.00
0.98
0.57
-2.55
-0.81
1.21
-1.38
-0.84
-0.31
0.04
-1.42
0.00
-1.19
-6.91
-2.68
-1.35
2.48
-1.79
0.52
-2.81
0.00
-1.63
0.36
-1.41
3.42
0.82
-1.04
0.00
-2.18
-0.09
-0.55
0.15
-1.66
-0.90
-0.78
-1.35
-0.92
0.00
6.91
1.03
-0.81
-1.34
0.00
0.00
1.52
-3.26
0.47
-6.91
-1.23
-1.23
-0.20
-0.54
0.00
0.00
0.00
0.00
0.00
0.00
0.00
0.00
0.00
0.00
0.00
0.00
0.00
0.00
