0.00
0.00
0.00
0.00
0.00
0.00
0.00
0.00
0.00
0.00
0.00
0.00
0.00
0.00
0.00
0.00
0.00
0.00
-6.91
-1.36
0.00
1.73
-2.16
0.00
0.81
-0.52
-1.66
-0.40
0.00
-2.14
0.00
0.00
-0.25
-0.70
0.11
1.38
-6.91
-1.87
0.00
0.00
1.39
6.91
-0.39
-0.44
0.00
-1.14
-6.91
0.50
-1.42
-6.91
0.00
-0.49
-0.03
-0.45
-6.91
0.00
-0.95
1.79
-1.70
0.00
-0.55
1.44
-0.66
0.00
0.00
-1.42
0.00
-0.76
-0.43
-1.24
-2.37
-1.03
0.51
-0.60
-0.23
0.34
-2.70
0.00
3.03
-0.82
-3.45
0.00
0.00
1.63
-0.63
0.00
-1.11
-1.48
0.69
0.54
1.05
-1.44
0.00
-2.34
0.00
0.00
0.00
-1.77
-0.98
2.34
-2.95
6.91
-6.91
-1.14
-0.14
0.00
0.00
0.00
0.00
0.00
0.00
0.00
0.00
0.00
0.00
0.00
0.00
0.00
0.00
0.00
0.00
0.00
0.00
0.00
0.00
-1.96
-0.72
2.32
-6.91
-1.00
3.23
0.00
2.90
-2.37
0.00
-1.82
-0.70
0.44
0.00
7.36
1.23
0.00
0.00
-6.91
-1.93
-1.14
-0.63
6.91
0.00
-1.68
0.00
0.00
2.26
0.00
0.00
-0.98
0.00
0.00
2.05
0.00
-2.68
0.00
-1.71
0.00
-0.91
0.00
-0.87
2.13
-1.14
-0.30
0.00
-6.91
2.54
0.00
0.00
0.00
0.00
2.37
3.30
0.48
1.32
0.00
-6.91
-1.04
0.00
0.00
-1.30
-1.12
-1.30
0.00
-0.42
2.30
0.00
2.20
3.06
1.49
0.00
-6.91
0.00
-1.08
-0.25
-1.10
0.00
0.00
-0.19
0.00
0.54
0.00
0.00
6.91
0.00
0.00
0.00
0.00
0.00
0.00
0.00
0.00
0.00
0.00
0.00
0.00
0.00
0.00
0.00
0.00
0.00
0.00
0.00
0.00
-2.17
-0.54
0.00
-2.02
0.10
0.00
0.00
1.26
-0.48
0.00
-1.10
-0.37
1.31
0.00
0.00
0.88
0.00
0.00
-0.63
-1.74
-0.23
-0.18
0.00
0.00
-0.12
0.00
0.00
6.91
0.00
0.00
-1.16
0.00
0.00
0.00
0.00
-1.77
0.00
-0.37
0.00
-6.91
0.00
-0.07
0.00
-1.09
-0.81
0.00
-1.20
2.31
0.00
0.00
0.00
0.00
1.51
0.00
6.91
6.91
0.00
-0.81
0.78
0.00
0.00
-1.58
-1.30
0.61
0.00
-0.59
0.00
0.00
6.91
3.11
2.64
0.00
-1.58
0.00
-1.74
-0.05
-1.87
0.00
0.00
0.68
0.00
1.06
0.00
0.00
0.00
0.00
0.00
0.00
0.00
0.00
0.00
0.00
0.00
0.00
0.00
0.00
0.00
0.00
0.00
0.00
0.00
0.00
0.00
-6.91
-2.57
0.00
6.91
-2.38
0.00
0.46
-1.67
-3.89
0.26
1.26
-2.32
0.00
0.00
-1.00
-1.20
0.14
-0.69
-0.97
-6.91
0.00
0.00
1.61
4.80
-0.33
-3.72
6.91
-2.59
-2.16
0.09
-0.58
-2.31
0.00
-2.06
-2.26
-0.13
-1.65
0.00
-1.96
3.50
-0.96
0.00
-6.91
2.56
-1.93
0.00
1.38
-3.12
0.00
-0.11
-0.36
-3.21
-0.19
-1.38
-0.03
-0.16
-0.70
-0.04
-2.53
0.00
0.40
-2.21
-1.46
0.00
0.00
0.96
-1.34
0.98
-0.31
-1.64
-0.50
-0.53
0.73
-1.04
0.00
-2.32
0.00
0.98
0.00
-1.88
-4.79
2.78
-6.91
1.60
-0.97
-2.08
-1.50
0.00
0.00
0.00
0.00
0.00
0.00
0.00
0.00
0.00
0.00
0.00
0.00
0.00
0.00
0.00
0.00
0.00
0.00
-0.48
-0.69
6.91
0.86
-6.91
0.00
0.72
-2.66
-1.22
-0.72
0.78
-1.81
0.00
0.00
-2.29
-0.86
-0.94
0.08
-1.10
-2.63
1.78
0.00
1.30
1.55
-1.33
-1.33
1.56
-0.98
0.00
-2.39
-0.14
-2.77
0.00
-0.56
-0.84
-1.25
-1.83
6.91
-3.30
1.79
-6.91
0.00
-2.26
-0.14
-2.33
0.00
1.75
-6.91
0.00
-0.79
-0.47
-1.87
-0.94
-1.50
-0.58
-2.46
0.01
-2.80
-0.84
6.91
0.28
-3.10
-0.57
0.00
0.00
0.47
-0.77
1.64
-2.70
-0.67
-0.66
-1.08
0.12
-0.17
6.91
-6.91
0.00
0.99
0.00
0.40
-5.38
1.37
-2.20
0.37
-0.81
-0.88
-1.53
0.00
0.00
0.00
0.00
0.00
0.00
0.00
0.00
0.00
0.00
0.00
0.00
0.00
0.00
0.00
0.00
0.00
0.00
-0.79
-1.55
0.00
1.01
-0.96
0.00
0.89
-1.09
-6.91
-1.73
0.95
-6.91
0.00
0.00
-0.64
-0.10
-2.67
-0.91
-2.61
-1.09
0.00
0.00
0.70
1.52
-1.47
-6.91
0.99
-5.19
-0.22
-0.39
-0.93
-6.91
0.00
-0.82
-0.49
-0.47
-0.41
0.00
-1.73
1.36
-6.91
0.00
-1.75
0.85
-0.58
0.00
5.25
-6.91
0.00
-1.35
0.24
-1.70
-0.30
-0.75
-1.94
-0.51
0.17
-1.94
-1.59
0.00
1.45
-6.91
-1.45
0.00
0.00
0.29
-5.59
1.00
-1.63
-0.36
-0.61
-0.66
-0.39
-0.96
0.00
-6.91
0.00
2.70
0.00
0.38
-2.43
1.92
-2.52
1.11
-0.50
-1.60
-3.21
0.00
0.00
0.00
0.00
0.00
0.00
0.00
0.00
0.00
0.00
0.00
0.00
0.00
0.00
0.00
0.00
0.00
0.00
2.32
1.89
-0.66
-6.91
0.60
-0.88
-1.14
0.24
0.76
0.47
-6.91
0.57
-0.11
0.58
0.56
0.00
0.18
-1.02
2.63
6.91
-1.75
0.05
-1.99
-2.67
0.70
1.09
-4.76
0.64
0.00
-0.87
0.00
1.02
-0.81
2.59
1.46
-0.42
0.00
-1.77
2.85
-1.91
1.44
-0.59
0.90
-4.47
0.78
-0.89
-6.91
2.48
0.58
-0.59
0.00
0.00
0.00
3.10
-1.08
-0.18
-0.35
0.77
0.00
-1.41
-1.46
0.83
0.96
-0.53
-0.24
-2.14
1.14
-6.91
0.71
1.08
-0.80
-0.71
-0.29
0.00
-0.26
1.42
0.40
-1.75
-0.34
0.00
1.06
-6.91
1.26
-2.95
0.00
1.15
2.08
0.00
0.00
0.00
0.00
0.00
0.00
0.00
0.00
0.00
0.00
0.00
0.00
0.00
0.00
0.00
0.00
0.00
0.00
6.91
2.44
-1.05
-1.58
0.99
0.93
-3.66
1.12
0.54
-0.09
-2.10
0.53
-0.31
1.47
-0.01
0.00
0.13
-1.45
6.91
0.47
-0.33
-0.36
-2.96
-6.91
0.29
1.27
-4.94
0.55
0.00
-0.85
6.91
2.03
0.47
1.17
1.50
-0.59
3.05
-0.80
1.05
-6.91
0.75
0.75
0.20
-1.59
0.50
-0.12
-1.08
0.07
-0.49
-0.68
0.00
1.87
0.00
1.24
-0.17
0.33
-1.14
0.35
2.61
-1.11
-6.91
1.61
2.91
0.25
0.99
-3.39
2.17
-0.76
1.38
1.49
-0.44
0.04
-1.33
6.91
0.22
-0.09
0.22
-1.18
0.66
0.00
0.25
-2.71
1.47
-1.67
6.91
1.24
0.01
0.00
0.00
0.00
0.00
0.00
0.00
0.00
0.00
0.00
0.00
0.00
0.00
0.00
0.00
0.00
0.00
0.00
0.00
-0.66
-0.16
2.78
0.77
-6.91
0.00
-0.32
-2.24
-1.40
-1.64
0.13
-1.01
2.29
0.00
-2.67
-0.56
-1.01
-1.01
-0.30
-1.58
1.86
0.00
-0.52
-0.06
-1.60
-1.75
1.77
-3.35
0.33
-2.50
-1.13
-0.92
0.00
-1.60
-6.91
-1.70
-0.40
1.67
-1.50
-0.22
-2.09
0.00
-2.04
-0.53
-3.52
6.91
2.12
-2.39
0.00
-2.67
-0.00
-1.00
-0.62
-0.82
-0.43
-0.90
-1.12
-1.50
-0.10
1.07
-0.65
-1.05
-0.27
0.00
0.00
0.06
-0.75
0.11
-6.91
-0.78
-0.84
-1.38
-2.00
-0.75
6.91
-6.91
0.00
1.43
0.00
0.90
-1.76
0.21
-0.08
0.75
0.03
-0.90
-2.48
0.00
0.00
0.00
0.00
0.00
0.00
0.00
0.00
0.00
0.00
0.00
0.00
0.00
0.00
0.00
0.00
0.00
0.00
0.00
1.83
-2.38
-1.56
1.28
-0.43
-0.52
1.68
6.91
0.17
-2.71
1.32
-1.50
-0.27
-0.39
0.00
0.77
0.65
0.00
6.91
-1.45
-0.25
-3.62
-1.86
0.58
4.71
-1.92
6.91
0.00
-0.08
0.00
1.65
-1.02
1.08
1.51
0.23
0.00
-1.01
6.91
-3.19
1.98
-0.97
0.83
-1.96
2.17
-0.48
-6.91
1.31
-1.44
-0.00
0.00
0.00
0.00
3.13
0.57
0.57
0.47
-0.38
0.00
-0.48
-0.94
2.14
0.00
-0.43
0.00
-1.29
6.91
-6.91
2.36
6.91
-0.05
0.59
-0.76
0.00
-1.29
3.43
-0.21
-1.69
-0.02
0.00
2.18
-1.34
0.00
-1.61
0.00
1.95
1.92
0.00
0.00
0.00
0.00
0.00
0.00
0.00
0.00
0.00
0.00
0.00
0.00
0.00
0.00
0.00
0.00
0.00
0.00
-0.24
-1.39
6.91
0.91
-1.17
6.91
0.12
-0.62
-1.39
-1.20
0.35
-1.69
2.11
0.00
-0.98
-0.30
-6.33
-0.69
0.38
-0.13
2.26
6.91
-0.52
-0.36
-2.03
-1.60
1.15
-0.98
1.44
-6.91
0.06
-1.30
6.91
-0.78
-1.82
-2.36
0.27
1.40
0.28
-0.19
-1.03
1.15
-0.22
0.42
-1.59
6.91
0.04
-0.86
6.91
-2.82
1.35
0.46
0.48
-0.89
-1.31
-3.03
-2.25
-6.91
-0.22
1.37
-0.42
-1.11
-0.79
6.91
1.44
-0.58
-0.73
-0.31
-0.36
-0.85
-3.50
-1.78
-2.04
0.29
2.05
-0.48
1.34
-0.14
6.91
0.34
-0.73
0.00
0.01
-0.63
-0.05
-0.53
-0.43
0.00
0.00
0.00
0.00
0.00
0.00
0.00
0.00
0.00
0.00
0.00
0.00
0.00
0.00
0.00
0.00
0.00
0.00
-1.15
-2.36
0.00
1.28
-6.91
0.00
0.33
-1.21
-1.05
-0.62
2.62
-6.91
0.00
0.00
-0.45
-0.87
-0.58
-0.86
-2.31
-6.91
0.00
0.00
1.35
0.87
-0.69
-1.40
1.88
-6.91
-1.51
-1.11
-2.34
-1.05
0.00
-2.21
-1.13
-1.88
-2.01
0.00
-2.10
1.16
-1.80
0.00
-6.91
0.62
-1.87
0.00
6.91
-1.88
0.00
-0.34
-0.27
-0.61
-1.76
-1.96
-0.70
-1.87
-0.21
-0.37
-3.62
0.00
0.17
-6.91
-5.31
0.00
0.00
1.32
-6.91
0.80
-1.59
-1.15
-0.22
-0.67
-0.89
-0.59
0.00
-6.91
0.00
6.91
0.00
-1.28
-1.70
1.51
-0.71
1.01
-2.01
-1.51
-3.34
0.00
0.00
0.00
0.00
0.00
0.00
0.00
0.00
0.00
0.00
0.00
0.00
0.00
0.00
0.00
0.00
0.00
0.00
-1.78
-2.24
0.00
3.74
-0.88
0.00
0.99
-0.12
-1.52
0.01
0.00
-0.62
0.00
0.00
0.83
-2.08
0.45
0.60
-6.91
-1.27
0.00
0.00
0.80
6.91
-0.96
-0.47
0.00
-1.09
-1.72
0.54
-6.91
-0.66
0.00
-2.30
-1.32
0.20
-0.77
0.00
-1.55
6.91
-0.40
0.00
-0.20
1.78
-0.93
0.00
0.00
-0.76
0.00
0.34
-2.23
-6.91
-1.23
-2.14
0.41
-0.13
0.06
-0.63
-1.03
0.00
2.49
-1.59
-2.73
0.00
0.00
2.29
-1.33
0.00
-0.14
-1.50
0.10
0.05
0.81
-0.70
0.00
-1.73
0.00
0.00
0.00
-0.15
-0.92
1.66
-0.60
2.29
-6.91
-6.91
-1.30
0.00
0.00
0.00
0.00
0.00
0.00
0.00
0.00
0.00
0.00
0.00
0.00
0.00
0.00
0.00
0.00
0.00
0.00
0.85
0.16
0.61
0.24
-2.86
1.21
-1.13
-0.64
-0.91
-6.91
0.51
-1.60
6.91
6.91
-1.36
1.33
-2.85
-3.23
0.34
0.24
0.80
6.91
-0.50
0.56
-0.44
-0.20
-0.38
-1.62
-0.08
-1.54
1.00
-1.39
6.91
-0.46
-0.15
-2.98
0.52
2.96
0.18
-0.53
-1.77
2.42
-0.28
-0.73
-2.57
0.96
-0.56
-1.91
6.91
-2.23
0.03
0.07
1.19
-0.44
-6.91
-6.91
-6.91
-6.91
0.09
2.11
-0.24
-2.20
0.19
1.77
1.81
-0.70
-0.72
0.81
-0.35
-0.82
-6.91
-1.08
-1.60
0.90
1.43
-0.93
2.84
0.12
1.33
2.10
-1.36
-0.32
0.26
-0.59
0.03
-0.29
-1.32
0.00
0.00
0.00
0.00
0.00
0.00
0.00
0.00
0.00
0.00
0.00
0.00
0.00
0.00
0.00
0.00
0.00
0.00
0.00
0.00
-1.55
0.32
0.00
-1.74
0.19
0.00
0.00
2.31
0.26
0.00
-1.00
-1.25
3.54
0.00
0.00
1.23
0.00
0.00
-4.95
-2.57
0.58
-0.49
0.00
0.00
0.60
0.00
0.00
1.89
0.00
0.00
-6.91
0.00
0.00
0.00
0.00
-0.85
0.00
0.02
0.00
-6.91
0.00
1.47
0.00
-0.73
-0.55
0.00
-6.91
1.64
0.00
0.00
0.00
0.00
3.60
0.00
1.29
4.51
0.00
-2.46
0.63
0.00
0.00
-1.88
-6.91
-0.43
0.00
-0.09
0.00
0.00
6.91
0.00
1.20
0.00
-3.69
0.00
-1.96
0.67
-6.91
0.00
0.00
-0.43
0.00
1.11
0.00
0.00
0.00
0.00
0.00
0.00
0.00
0.00
0.00
0.00
0.00
0.00
0.00
0.00
0.00
0.00
0.00
0.00
0.00
0.00
0.00
-2.31
-2.24
0.00
0.91
-0.62
0.00
1.05
-0.74
-6.91
0.34
6.91
-2.67
0.00
0.00
0.20
-0.86
-0.12
-0.41
-6.91
-1.29
0.00
0.00
0.36
1.03
-0.86
-6.91
1.01
-6.91
-0.77
-0.56
-1.16
-1.82
0.00
-1.59
-1.12
-0.38
-1.76
0.00
-6.91
2.63
-1.39
0.00
-6.91
0.55
-1.97
0.00
5.75
-6.91
0.00
-0.18
-0.55
-5.39
-1.78
-2.22
-0.84
-0.06
-0.89
-0.16
-0.67
0.00
0.50
-3.22
-1.19
0.00
0.00
1.58
-1.92
1.06
-1.68
-1.26
-0.49
-1.00
0.90
-3.68
0.00
-6.91
0.00
0.89
0.00
0.09
-1.96
3.66
-6.91
1.95
-0.89
-6.91
-1.79
0.00
0.00
0.00
0.00
0.00
0.00
0.00
0.00
0.00
0.00
0.00
0.00
0.00
0.00
0.00
0.00
0.00
0.00
1.00
-0.78
1.52
0.06
-0.70
6.91
-1.88
-1.09
-0.86
-1.22
0.77
0.19
1.59
3.87
-1.92
0.78
-0.74
-5.23
0.61
-0.05
0.43
4.16
-0.33
-0.66
-0.69
0.24
-0.37
-0.28
1.97
-1.21
-0.10
-0.37
1.53
0.02
-1.72
-6.91
-0.27
1.72
0.43
-0.56
-1.55
1.67
-0.06
-1.04
-1.24
1.43
0.51
-0.23
4.70
-1.33
1.14
0.86
1.61
-0.24
-2.11
-2.59
-6.91
-3.03
0.06
0.69
-0.74
-0.72
0.16
2.31
3.57
-0.64
-0.21
0.28
-1.20
0.01
-6.91
-1.51
-6.91
-0.24
1.99
-0.19
1.58
-0.42
3.35
2.40
0.02
-0.01
-0.08
-0.34
1.22
-0.72
-0.46
0.00
0.00
0.00
0.00
0.00
0.00
0.00
0.00
0.00
0.00
0.00
0.00
0.00
0.00
0.00
0.00
0.00
0.00
0.00
0.00
-6.91
-0.13
0.00
-2.60
-0.19
6.91
0.00
0.98
-0.73
0.00
-1.69
-6.91
0.94
0.00
1.54
1.24
0.00
0.00
-6.30
-0.47
-0.23
-0.32
6.91
0.00
-0.64
0.00
0.00
1.07
0.00
0.00
-1.49
0.00
0.00
1.85
0.00
-1.40
0.00
0.11
0.00
-2.08
0.00
-0.45
6.91
-1.79
-1.94
0.00
-2.19
6.91
0.00
0.00
0.00
0.00
2.57
2.89
0.97
1.50
0.00
-2.36
0.19
0.00
0.00
-3.02
-1.53
-0.52
0.00
0.01
6.91
0.00
0.59
0.73
0.57
0.00
-6.91
0.00
-1.06
-0.95
-1.04
0.00
0.00
-0.15
0.00
-0.26
0.00
0.00
1.67
-6.91
0.00
0.00
-6.91
-0.57
-1.28
7.03
1.47
-1.54
0.00
0.29
-1.83
-1.96
-0.40
0.00
-0.74
0.20
0.00
0.00
0.00
0.00
0.00
0.00
0.00
0.00
0.00
0.00
0.00
0.00
0.00
0.00
0.00
0.00
0.00
0.00
0.00
-6.91
-1.43
0.00
0.00
1.52
1.87
-0.22
-0.90
0.00
-0.62
-1.37
0.45
-1.35
-1.06
0.00
-1.47
-1.26
0.45
-6.91
0.00
-6.91
2.95
-0.22
0.00
-5.23
0.93
-0.37
0.00
0.00
-1.38
0.00
0.36
-0.70
-5.38
-1.02
-3.48
-0.31
-0.51
1.10
0.07
-3.64
0.00
6.91
-0.57
-2.27
0.00
0.00
1.29
-6.91
0.00
-1.18
-1.97
-0.71
-0.07
1.34
-5.18
0.00
-2.67
0.00
0.00
0.00
-1.12
-0.88
3.22
-1.88
2.98
-6.91
-4.29
-0.29
-1.40
0.00
0.00
-3.25
-1.07
-0.78
1.36
1.81
-0.28
2.55
-0.13
-6.91
-3.20
-1.20
0.00
-2.80
-0.51
0.00
0.00
0.00
0.00
0.00
0.00
0.00
0.00
0.00
0.00
0.00
0.00
0.00
0.00
0.00
0.00
0.00
0.00
0.00
-1.18
-1.42
0.00
0.00
0.74
6.91
-1.40
-1.06
2.62
-6.91
-1.57
0.06
-0.63
-6.91
0.00
-6.91
-1.89
-0.02
-1.11
0.00
-6.91
0.66
-2.90
0.00
-1.78
1.18
-1.27
0.00
3.28
-6.91
0.00
-1.34
-0.81
-5.57
-0.94
-1.86
0.53
-1.06
0.61
-0.34
-0.87
0.00
0.86
-1.49
-2.47
0.00
0.00
1.15
-1.29
1.13
-1.61
-0.54
0.09
0.15
-0.01
-1.49
0.00
-2.24
0.00
6.91
0.00
-0.35
-1.37
6.91
-1.37
0.81
-0.97
-0.69
-1.60
0.00
-2.13
-3.69
0.00
1.43
0.00
-0.09
-0.93
1.23
-0.99
1.29
0.00
0.00
0.71
-6.91
0.00
0.18
-6.91
0.00
0.00
0.00
0.00
0.00
0.00
0.00
0.00
0.00
0.00
0.00
0.00
0.00
0.00
0.00
0.00
0.00
0.00
0.00
0.00
-1.46
-0.64
-1.18
-1.78
2.42
0.00
-1.45
0.00
0.00
2.82
0.00
0.00
-1.64
0.00
0.00
2.22
0.00
-2.44
0.00
-0.79
0.00
-6.91
0.00
-0.45
6.91
-1.13
-0.35
0.00
-1.69
1.07
0.00
0.00
0.00
0.00
0.95
4.14
1.69
1.83
0.00
-6.91
-0.08
0.00
0.00
-3.03
-1.77
-1.19
0.00
-1.52
2.77
0.00
0.77
2.17
-0.14
0.00
-4.09
0.00
-0.87
-0.09
-0.79
0.00
0.00
-0.18
0.00
-0.12
0.00
0.00
6.91
6.91
-1.16
-0.32
1.20
0.87
1.95
-6.91
-1.30
0.98
-6.91
-0.50
1.18
1.86
0.44
0.64
2.07
0.25
-1.00
0.00
0.00
0.00
0.00
0.00
0.00
0.00
0.00
0.00
0.00
0.00
0.00
0.00
0.00
0.00
0.00
0.00
0.00
1.64
3.26
-0.74
0.05
-2.69
-6.91
-0.01
2.41
-6.91
0.55
0.00
0.27
0.00
1.63
-0.35
6.91
0.86
1.03
0.00
0.05
1.04
-6.91
1.10
-1.08
1.30
-1.42
0.19
-0.03
-1.95
0.76
-0.32
0.34
0.00
0.00
0.00
1.56
-0.57
-0.08
-0.03
-0.07
0.00
-0.67
-1.47
1.86
6.91
-0.45
0.26
-6.91
1.10
-6.91
0.48
1.93
-0.78
-0.17
-0.51
0.00
-0.25
2.39
-0.28
-3.94
-0.28
0.00
0.83
-6.91
2.99
-1.65
0.00
6.91
0.29
-0.92
2.32
0.00
-0.55
-6.91
-1.26
0.62
0.25
-6.91
0.57
-1.78
-1.57
-1.40
-1.38
0.00
-6.91
-2.39
0.00
0.00
0.00
0.00
0.00
0.00
0.00
0.00
0.00
0.00
0.00
0.00
0.00
0.00
0.00
0.00
0.00
0.00
0.00
-1.31
-2.83
6.91
0.00
0.34
0.41
-6.91
-6.91
1.75
-1.08
-0.70
-0.59
-0.52
-2.48
0.00
-1.10
-2.29
-3.08
-0.89
1.87
-0.74
1.76
-6.91
0.00
-1.46
1.21
-1.58
0.00
1.92
-3.60
0.00
-0.37
0.72
-0.96
-0.64
-3.02
-0.71
-0.99
-0.49
-2.97
-0.35
1.58
-0.25
-1.61
-0.80
0.00
0.00
0.62
-2.74
1.17
-1.19
-1.34
-2.34
-1.38
-0.56
-0.50
2.76
-1.56
0.00
2.08
0.00
-0.34
-3.77
-0.06
-0.25
0.46
0.03
-2.36
-1.52
0.00
-1.72
-6.91
0.00
0.00
0.00
-0.54
0.25
0.00
0.23
3.05
0.00
0.00
6.91
-0.75
0.00
1.24
-1.96
0.00
0.00
0.00
0.00
0.00
0.00
0.00
0.00
0.00
0.00
0.00
0.00
0.00
0.00
0.00
0.00
0.00
0.00
0.00
0.00
-2.10
-6.91
-0.51
-0.55
0.00
0.00
-0.58
0.00
0.00
6.91
0.00
0.00
-3.70
0.00
0.00
0.00
0.00
-0.84
0.00
0.57
0.00
-6.91
0.00
1.22
0.00
-0.97
0.13
0.00
-1.36
1.65
0.00
0.00
0.00
0.00
1.15
0.00
1.51
2.06
0.00
-2.63
-0.14
0.00
0.00
-6.91
-1.14
0.78
0.00
0.22
0.00
0.00
6.91
6.91
0.63
0.00
-1.64
0.00
-6.91
0.28
-1.60
0.00
0.00
0.80
0.00
0.55
0.00
0.00
0.00
2.68
-0.58
-0.30
1.38
-0.27
0.23
-1.31
-2.34
-0.20
-1.43
-0.04
1.60
2.15
-0.73
0.91
0.86
-0.93
-0.86
0.00
0.00
0.00
0.00
0.00
0.00
0.00
0.00
0.00
0.00
0.00
0.00
0.00
0.00
0.00
0.00
0.00
0.00
3.97
3.16
-0.25
-0.36
-2.24
-1.63
0.87
0.15
-6.91
2.01
0.00
-0.49
3.07
2.18
0.12
0.63
1.69
0.22
1.79
0.27
0.68
-1.42
0.03
-0.61
1.54
-4.17
0.07
0.52
-0.79
0.36
0.82
-0.71
0.00
6.91
0.00
2.60
-0.68
0.04
-1.79
0.32
6.91
-0.91
-2.98
1.38
1.07
0.48
0.93
-1.78
1.21
-4.25
0.26
1.76
-1.59
0.34
-0.47
5.12
-0.92
0.71
0.62
-2.71
0.03
0.00
0.94
-6.91
1.13
-6.91
1.13
1.84
1.30
-0.56
2.17
0.00
-1.69
-3.51
-1.33
0.04
-0.28
-6.91
1.44
-2.09
-2.06
-0.21
-0.30
0.00
-1.42
-0.34
3.49
0.00
0.00
0.00
0.00
0.00
0.00
0.00
0.00
0.00
0.00
0.00
0.00
0.00
0.00
0.00
0.00
0.00
0.00
-1.33
-2.17
1.60
0.00
0.14
0.85
-2.34
-0.68
1.32
-2.69
-0.10
-0.49
-1.71
-2.21
0.00
-2.82
-6.91
-1.17
-1.33
2.18
-1.63
1.34
-4.33
0.00
-0.98
0.70
-2.01
6.91
0.73
-0.61
0.00
-2.26
-0.28
-1.25
-0.79
-4.07
-0.62
-1.12
-2.02
-0.62
0.33
3.58
0.66
-0.93
-1.79
0.00
0.00
1.19
-2.57
0.32
-6.91
-0.68
-1.64
-1.33
-0.93
-0.39
2.40
-1.34
0.00
1.19
0.00
-0.49
-6.91
0.39
0.03
0.35
0.09
-2.37
-1.78
-0.59
0.00
0.00
-6.91
-1.48
-3.79
0.60
0.38
-1.81
1.21
-0.51
-6.91
-0.52
-1.29
0.00
-6.91
0.20
0.00
0.00
0.00
0.00
0.00
0.00
0.00
0.00
0.00
0.00
0.00
0.00
0.00
0.00
0.00
0.00
0.00
0.00
0.00
-2.55
-3.42
0.00
0.00
0.51
0.57
-1.04
-6.91
1.77
-6.91
0.24
-0.22
-2.48
-5.32
0.00
-1.13
-1.59
-1.27
-1.23
0.00
-6.91
0.52
-1.56
0.00
-2.01
0.54
-2.03
0.00
2.91
-6.91
0.00
-0.46
-0.01
-1.04
-0.24
-0.87
-1.23
-1.86
-0.43
-2.15
-0.54
0.00
-0.02
-2.27
-2.18
0.00
0.00
0.58
-6.91
1.90
-1.74
-1.77
-1.91
-0.55
0.27
-2.23
0.00
-1.56
0.00
0.91
0.00
0.20
-4.29
1.17
-5.23
1.71
-1.00
-0.76
-1.17
0.36
0.68
2.32
-0.68
-0.37
-1.60
0.29
-1.36
-0.41
0.20
-2.33
-0.10
0.89
-1.62
6.91
-0.02
-6.91
0.95
0.00
0.00
0.00
0.00
0.00
0.00
0.00
0.00
0.00
0.00
0.00
0.00
0.00
0.00
0.00
0.00
0.00
0.00
-0.69
-1.18
2.38
6.91
-0.45
-0.41
-1.95
-1.76
0.87
-0.33
1.48
-2.29
0.32
-1.34
3.00
0.57
-0.47
-2.12
0.51
1.55
0.04
-1.06
-0.69
1.98
-0.77
-0.32
-0.14
2.61
0.73
-0.30
1.43
-6.91
0.80
0.09
0.84
-0.45
-0.98
-1.99
-2.38
-1.19
-0.36
1.28
-0.53
-1.04
-0.97
1.82
1.17
-0.35
-0.76
-0.58
-0.14
-0.63
-2.54
-6.91
-1.05
0.60
0.83
-0.55
1.91
0.33
3.86
1.40
-0.98
-0.09
-0.51
-0.16
0.51
-0.67
-0.17
0.00
-0.26
-0.55
1.17
1.52
6.91
-2.47
-1.75
1.69
-1.39
-0.22
1.73
0.00
-0.01
0.46
1.89
-0.23
-1.73
0.00
0.00
0.00
0.00
0.00
0.00
0.00
0.00
0.00
0.00
0.00
0.00
0.00
0.00
0.00
0.00
0.00
0.00
0.00
6.91
-0.39
0.01
-1.10
-1.05
1.32
0.71
-6.91
6.91
0.00
-0.11
0.00
2.29
0.02
3.41
1.13
1.19
0.00
-1.53
6.91
-3.54
1.08
-0.59
2.28
-2.69
2.63
-1.24
-2.13
6.91
-0.11
-0.39
0.00
0.00
0.00
2.12
0.63
0.59
0.03
0.49
0.00
-0.25
-1.20
0.76
6.91
-0.57
-0.12
-1.63
6.91
-1.51
1.64
6.91
0.83
0.84
-0.35
0.00
-1.02
0.94
-0.29
-6.91
-0.98
0.00
1.50
-2.90
1.46
-2.54
0.00
6.91
0.28
-3.07
0.00
0.00
-1.69
-2.00
-3.16
1.83
2.07
-0.51
2.06
-1.07
-2.60
-0.74
-0.10
0.00
-1.54
-0.74
0.00
0.00
0.00
0.00
0.00
0.00
0.00
0.00
0.00
0.00
0.00
0.00
0.00
0.00
0.00
0.00
0.00
0.00
0.00
-1.58
-3.24
0.00
0.00
1.72
1.35
-2.88
-1.44
6.91
-6.91
-1.75
-0.10
-1.77
-2.13
0.00
-6.91
-2.47
-1.96
-1.61
0.00
-2.32
2.24
-6.91
0.00
-6.91
1.91
-3.60
0.00
2.28
-6.91
0.00
-0.18
-0.44
-2.79
-0.29
-2.04
-0.23
-0.32
-0.45
0.21
-2.48
0.00
2.16
-3.52
-1.15
0.00
0.00
0.87
-1.27
1.93
-1.46
-6.91
-0.36
-0.94
-0.51
-1.28
0.00
-6.91
0.00
3.32
0.00
-1.20
-6.91
1.82
-0.71
0.08
-2.55
-2.66
-0.66
0.00
-6.91
-1.88
0.00
0.00
0.00
-0.25
-0.30
1.93
-1.43
6.91
0.00
0.00
2.30
-1.65
0.00
1.32
-6.91
0.00
0.00
0.00
0.00
0.00
0.00
0.00
0.00
0.00
0.00
0.00
0.00
0.00
0.00
0.00
0.00
0.00
0.00
0.00
0.00
-4.14
-0.84
-0.96
0.16
3.27
0.00
-0.40
0.00
0.00
5.49
0.00
0.00
-6.91
0.00
0.00
6.30
0.00
-2.32
0.00
0.12
0.00
-2.79
0.00
-0.34
6.91
-2.80
-0.01
0.00
-1.61
9.15
0.00
0.00
0.00
0.00
1.73
6.91
0.75
2.21
0.00
-6.91
-0.38
0.00
0.00
-1.31
-2.44
-1.33
0.00
0.01
2.02
0.00
0.36
2.38
1.00
0.00
-2.07
0.00
-3.03
-1.19
-3.25
0.00
0.00
0.29
0.00
-0.18
0.00
0.00
6.91
0.00
-0.46
-1.68
0.00
0.00
0.00
-0.44
0.99
0.00
0.15
0.00
0.00
0.00
6.91
-2.73
0.00
4.07
-1.73
0.00
0.00
0.00
0.00
0.00
0.00
0.00
0.00
0.00
0.00
0.00
0.00
0.00
0.00
0.00
0.00
0.00
0.00
0.00
0.00
-2.14
-2.33
0.19
-0.33
0.00
0.00
-0.15
0.00
0.00
3.62
0.00
0.00
-1.22
0.00
0.00
0.00
0.00
-1.41
0.00
-0.28
0.00
-1.58
0.00
0.31
0.00
-0.97
-0.17
0.00
-2.31
6.91
0.00
0.00
0.00
0.00
1.68
0.00
0.62
4.08
0.00
-1.51
0.62
0.00
0.00
-0.83
-6.91
0.29
0.00
0.02
0.00
0.00
2.66
0.00
1.43
0.00
-1.33
0.00
-1.70
-0.59
-2.03
0.00
0.00
0.99
0.00
0.52
0.00
0.00
0.00
-0.11
1.05
1.09
-0.97
-0.30
-1.83
0.18
-0.08
-0.53
-0.10
-2.67
-0.26
-0.20
-6.91
6.91
-0.49
-1.14
0.76
0.00
0.00
0.00
0.00
0.00
0.00
0.00
0.00
0.00
0.00
0.00
0.00
0.00
0.00
0.00
0.00
0.00
0.00
0.61
-0.35
1.21
1.27
-1.45
-0.41
-3.18
-0.52
0.73
-1.34
2.02
-1.85
0.05
-0.94
2.85
-0.34
-0.73
-2.77
0.62
1.53
-0.03
-0.67
-0.99
1.60
0.08
-1.46
-0.41
2.71
-0.11
-0.26
6.91
-1.93
0.08
1.09
-0.02
0.03
-3.14
-1.63
-3.69
-6.91
0.44
1.04
-1.14
-0.37
-0.33
0.78
1.43
-0.83
-0.15
-0.27
-0.92
-0.48
-2.21
-2.81
-1.17
0.50
0.90
-0.16
1.09
-0.41
6.91
1.27
-0.10
-0.05
-0.39
-0.22
0.41
-0.41
-0.51
-1.29
0.00
0.00
-1.38
-0.77
-1.20
0.00
0.00
-0.10
0.00
0.73
-0.53
-1.16
0.87
0.00
-0.63
0.09
0.00
0.00
0.00
0.00
0.00
0.00
0.00
0.00
0.00
0.00
0.00
0.00
0.00
0.00
0.00
0.00
0.00
0.00
0.00
-1.07
-2.77
0.00
0.00
0.00
0.00
0.20
-1.21
0.00
0.06
-2.27
0.43
-0.92
-2.20
0.00
-0.72
-0.56
0.27
-1.50
0.00
-0.49
0.00
-1.12
0.00
-0.07
0.00
0.70
0.00
0.00
-1.43
0.00
0.36
-6.91
-6.91
-1.46
-1.76
0.33
0.02
1.47
1.21
-3.55
0.00
6.91
-0.88
-1.04
0.00
0.00
0.00
-1.52
0.00
-0.64
-2.18
0.14
1.09
2.21
-2.18
0.00
0.35
0.00
0.00
0.00
-1.67
-0.67
0.00
-2.45
1.50
-2.72
-2.09
0.03
-0.97
1.66
0.00
0.06
-3.02
-0.28
-0.31
0.29
-6.91
0.75
-1.71
-1.26
0.58
-6.91
0.00
-0.33
-0.98
0.92
0.00
0.00
0.00
0.00
0.00
0.00
0.00
0.00
0.00
0.00
0.00
0.00
0.00
0.00
0.00
0.00
0.00
0.00
-0.64
-1.17
2.02
6.91
0.22
-0.24
-1.56
-2.05
0.18
-2.38
0.44
-6.91
-0.02
-1.03
1.44
-0.10
-0.42
-1.39
0.06
2.28
-1.26
0.27
-3.20
6.91
-0.76
-0.47
-0.32
1.51
0.75
-1.64
2.19
-6.91
0.32
0.33
0.38
-0.81
-1.68
-6.91
-3.13
-6.91
0.53
1.32
-1.12
-0.42
-0.02
2.26
3.55
0.17
-0.69
0.15
-1.48
-0.69
-1.77
-6.91
-2.58
0.65
3.60
-0.68
6.91
1.17
4.19
1.44
-0.83
0.25
0.09
0.06
-0.32
-0.64
-0.55
0.21
0.75
1.81
-0.13
-0.59
-0.19
0.18
-1.00
-0.61
-0.42
-1.27
0.53
0.69
-2.26
1.66
-0.82
-0.90
0.49
0.00
0.00
0.00
0.00
0.00
0.00
0.00
0.00
0.00
0.00
0.00
0.00
0.00
0.00
0.00
0.00
0.00
0.00
0.61
1.03
1.41
1.41
-1.66
0.08
-0.55
-0.83
-0.11
-0.37
1.49
-1.00
-0.01
0.08
0.73
-0.56
-0.06
-2.57
1.44
0.65
0.06
-0.84
-0.51
3.60
-0.97
-0.80
-1.44
0.32
-0.93
0.25
0.57
-0.59
0.61
0.83
2.80
-0.36
-6.91
-0.46
-1.69
-2.70
-0.08
0.93
-1.13
-0.48
-0.02
0.52
1.33
-1.35
-0.11
-0.37
-0.06
-0.21
-2.36
-0.79
-2.02
0.15
1.79
0.06
1.07
-0.42
0.61
2.86
0.55
0.22
0.92
-1.18
0.33
0.54
-0.99
-1.30
0.00
0.00
-1.73
-0.50
-2.60
2.13
6.91
0.09
0.00
0.65
-2.38
-1.53
0.80
0.00
-0.78
-0.26
0.00
-6.91
-6.91
0.00
2.38
-1.36
0.00
6.91
-0.86
-0.61
0.71
0.00
-0.52
0.00
0.00
-0.62
-1.18
-0.66
0.74
0.00
0.00
0.00
0.00
0.00
0.00
0.00
0.00
0.00
0.00
0.00
0.00
0.00
0.00
0.00
0.00
0.00
0.00
-1.81
0.00
-1.99
6.91
-0.73
0.00
-1.50
2.65
-0.80
0.00
0.00
-1.24
0.00
0.79
-6.91
-0.85
-0.97
-0.58
-0.29
-0.44
0.30
-0.84
-2.73
0.00
1.28
-2.53
-2.14
0.00
0.00
1.24
-3.22
0.00
-0.47
-1.14
0.78
0.12
0.91
-3.12
0.00
-1.90
0.00
0.00
0.00
-4.61
-2.22
1.95
-6.91
1.32
-2.86
-0.73
-0.01
-2.92
0.00
0.00
-6.91
-0.65
-1.35
1.43
0.69
-0.65
6.91
-0.88
-6.91
-1.17
0.26
0.00
-2.60
0.42
0.00
-1.70
-2.60
0.00
6.91
-2.49
0.00
0.98
-0.79
-1.11
0.32
6.91
-6.91
0.00
0.00
-0.13
-1.38
-1.48
-0.53
0.00
0.00
0.00
0.00
0.00
0.00
0.00
0.00
0.00
0.00
0.00
0.00
0.00
0.00
0.00
0.00
0.00
0.00
-1.04
0.00
-4.67
6.91
-0.96
0.00
-1.59
2.27
-1.69
0.00
1.80
-1.31
0.00
-0.45
-1.04
-1.83
-1.43
-0.60
-0.08
-1.23
-0.64
-0.39
-2.48
0.00
3.47
-0.54
-3.27
0.00
0.00
2.70
-6.91
1.88
-1.17
-1.33
-0.93
-0.75
-0.34
-6.91
0.00
-2.06
0.00
1.36
0.00
-1.13
-6.91
1.95
-6.91
1.92
-0.97
-2.24
-1.60
0.00
-1.75
-0.92
0.00
1.45
0.00
-0.47
-0.80
1.09
-2.43
6.91
0.00
0.00
0.80
-1.48
0.00
0.89
-1.13
0.00
0.00
-6.91
0.06
6.91
-6.91
0.31
2.92
0.00
1.67
-2.16
0.00
-1.21
-0.92
0.71
0.00
1.30
-0.11
0.00
0.00
0.00
0.00
0.00
0.00
0.00
0.00
0.00
0.00
0.00
0.00
0.00
0.00
0.00
0.00
0.00
0.00
0.00
-6.91
0.00
-0.11
0.00
-3.11
0.00
0.15
1.57
-6.91
-0.42
0.00
-0.88
1.62
0.00
0.00
0.00
0.00
2.11
0.92
0.24
1.82
0.00
-1.21
-0.17
0.00
0.00
-1.72
-6.91
-0.11
0.00
-1.05
6.91
0.00
1.39
2.59
0.58
0.00
-6.91
0.00
-2.23
-0.05
-0.90
0.00
0.00
0.17
0.00
-0.62
0.00
0.00
6.91
0.00
-2.99
-6.91
0.00
0.00
0.00
-0.67
0.88
0.00
0.01
6.91
0.00
0.00
1.17
-2.10
0.00
1.37
-3.48
0.00
0.00
-1.57
0.14
0.00
-6.91
0.20
0.00
0.00
6.91
-0.71
0.00
-1.17
-1.71
2.44
0.00
6.91
1.68
0.00
0.00
0.00
0.00
0.00
0.00
0.00
0.00
0.00
0.00
0.00
0.00
0.00
0.00
0.00
0.00
0.00
0.00
0.00
-2.02
0.00
0.11
0.00
-6.91
0.00
0.59
0.00
-0.62
-1.30
0.00
-1.48
1.15
0.00
0.00
0.00
0.00
0.90
0.00
0.89
6.91
0.00
-2.50
-0.09
0.00
0.00
-1.25
-0.82
0.08
0.00
-1.17
0.00
0.00
2.02
6.91
4.21
0.00
-2.38
0.00
-6.91
-0.83
-1.44
0.00
0.00
-0.64
0.00
-0.06
0.00
0.00
0.00
1.79
-0.79
-0.05
0.95
0.54
1.07
-1.74
-2.97
0.35
-0.46
-0.92
0.97
1.07
0.28
-0.27
1.75
-0.31
-0.73
1.50
0.90
-0.39
-2.38
0.99
-0.26
-6.91
0.35
0.74
-0.30
-1.12
0.37
0.00
1.46
-0.14
0.00
-0.09
-1.75
0.00
0.00
0.00
0.00
0.00
0.00
0.00
0.00
0.00
0.00
0.00
0.00
0.00
0.00
0.00
0.00
0.00
0.00
6.91
-1.04
0.53
-1.23
-0.37
-0.62
1.81
-6.91
-0.41
-0.31
-1.89
1.84
-0.08
-0.61
0.00
2.86
0.00
0.54
-1.57
-1.03
-0.93
-0.80
1.20
0.29
-1.57
-0.24
2.20
0.39
0.05
-6.91
0.35
-1.70
0.17
1.26
0.14
0.31
-2.28
6.91
-0.61
0.19
-0.43
-1.53
0.38
0.00
0.87
-6.91
0.64
-1.62
2.68
0.85
0.46
6.91
-1.21
0.40
2.95
0.84
1.17
-2.05
-2.53
0.11
-1.86
-0.02
0.85
1.49
0.01
-0.67
6.91
-0.94
-0.48
6.91
0.89
-0.48
-6.91
0.75
-0.59
-1.31
0.06
0.60
0.49
-6.91
3.16
-1.47
-0.23
0.48
0.00
-0.30
-1.26
0.00
0.00
0.00
0.00
0.00
0.00
0.00
0.00
0.00
0.00
0.00
0.00
0.00
0.00
0.00
0.00
0.00
0.00
0.00
-0.70
2.21
-6.91
0.36
-0.64
0.66
-6.91
0.16
-0.94
-1.35
0.70
0.38
-0.28
0.00
6.91
0.00
1.85
0.35
-0.46
-1.00
-0.44
0.00
-0.84
-6.91
1.45
1.12
-0.06
0.41
-6.91
0.94
-6.91
0.01
6.91
0.35
0.61
-0.74
0.00
-1.46
0.19
-0.23
-6.91
-0.52
0.00
2.18
-6.91
1.21
-2.33
0.00
1.10
0.48
-1.02
2.52
0.00
-1.29
-6.91
-1.64
0.80
0.43
-6.91
0.42
-1.06
-1.30
-0.26
-1.49
0.00
-1.06
-0.44
2.18
-0.80
-2.22
6.91
0.40
-6.91
0.00
1.03
-6.91
-1.62
-1.25
1.12
-0.85
6.91
0.00
-0.84
-0.95
-1.05
-0.33
0.00
0.00
0.00
0.00
0.00
0.00
0.00
0.00
0.00
0.00
0.00
0.00
0.00
0.00
0.00
0.00
0.00
0.00
0.21
2.73
-1.69
0.89
-6.91
0.00
-0.81
-0.45
-3.80
6.91
0.80
-4.23
0.00
-1.94
-0.47
-0.96
-0.46
-1.55
-0.84
-1.45
-0.83
-1.14
0.26
1.77
0.20
-1.08
-1.61
0.00
0.00
1.41
-0.59
2.09
-6.91
-2.46
-0.96
-0.86
-1.16
-0.08
7.24
-1.04
0.00
1.41
0.00
-0.15
-1.01
0.95
-1.19
-0.18
-0.04
-2.32
-6.91
-3.44
0.00
0.00
-2.62
-1.91
-6.91
0.66
0.47
-2.74
2.23
-1.79
-1.15
-2.36
-0.34
0.00
-3.96
-0.86
0.00
-1.40
-2.99
0.00
1.17
-1.05
0.00
1.25
-0.70
-6.91
-1.58
1.26
-6.91
0.00
0.00
-0.41
-1.09
-0.41
-1.00
0.00
0.00
0.00
0.00
0.00
0.00
0.00
0.00
0.00
0.00
0.00
0.00
0.00
0.00
0.00
0.00
0.00
0.00
-1.60
0.00
-1.63
1.38
-1.84
0.00
-2.00
0.08
-1.28
0.00
0.65
-1.28
0.00
-1.83
-1.24
-0.26
-0.21
-6.91
-0.96
-1.01
-0.50
-1.59
-0.46
0.00
0.14
-6.91
-1.44
0.00
0.00
0.28
-6.91
1.79
-0.57
-0.52
-1.50
-0.88
0.07
-0.60
0.00
-2.88
0.00
1.52
0.00
-0.66
-5.02
0.89
-1.43
1.60
-1.93
-3.35
-1.69
0.00
-0.59
-0.75
6.91
0.90
1.71
-1.36
-0.96
0.73
-6.91
0.69
4.09
0.00
-0.65
-0.94
3.73
-0.35
-1.83
0.00
1.44
-1.98
-6.91
1.17
0.20
-1.86
1.50
1.81
0.83
-3.06
4.49
-0.90
0.45
0.79
0.00
0.63
-0.80
0.00
0.00
0.00
0.00
0.00
0.00
0.00
0.00
0.00
0.00
0.00
0.00
0.00
0.00
0.00
0.00
0.00
0.00
0.00
-2.60
6.91
-2.89
1.40
0.13
2.09
-1.22
1.00
-0.21
-2.36
1.11
-0.23
0.10
0.00
0.00
0.00
2.32
-0.53
-0.20
0.13
0.95
0.00
-1.32
-0.57
2.34
2.01
-0.61
-0.69
-1.32
1.60
-6.91
0.31
1.51
-0.46
-0.05
-0.21
0.00
-0.56
1.36
-0.65
-1.75
-0.34
0.00
0.75
-3.55
2.05
-1.21
0.00
1.86
0.82
-1.40
0.00
0.00
-0.95
-2.62
-6.91
1.44
0.47
-0.93
2.05
-0.42
-2.28
-0.58
-1.32
0.00
-1.07
-0.56
0.00
-0.55
-2.16
0.00
2.73
-6.91
0.00
1.53
-1.78
-3.24
-0.43
6.91
-2.73
0.00
0.00
-0.13
-0.17
-0.74
-0.86
0.00
0.00
0.00
0.00
0.00
0.00
0.00
0.00
0.00
0.00
0.00
0.00
0.00
0.00
0.00
0.00
0.00
0.00
-2.01
0.00
-2.65
2.13
-2.17
0.00
-6.91
1.10
-1.24
0.00
0.96
-6.91
0.00
0.11
0.22
-3.77
-0.32
-6.91
-1.26
-1.98
-0.79
-1.23
-0.97
0.00
0.73
-2.74
-6.91
0.00
0.00
1.81
-3.21
6.91
-1.14
-0.71
-0.80
-1.57
-0.37
-0.26
0.00
-1.84
0.00
1.48
0.00
-0.66
-2.21
1.32
-1.75
0.74
-1.92
-2.83
-1.52
-1.18
0.00
0.00
-1.48
-0.46
-0.25
0.00
0.00
-0.40
0.00
0.16
-1.85
-9.52
1.66
0.00
-0.94
1.24
0.00
-1.08
-1.45
0.00
0.00
-0.46
0.00
0.00
0.59
-0.47
0.61
0.00
-0.73
0.00
0.00
1.34
-4.62
-0.05
1.05
0.00
0.00
0.00
0.00
0.00
0.00
0.00
0.00
0.00
0.00
0.00
0.00
0.00
0.00
0.00
0.00
0.00
0.00
-0.73
0.00
-2.11
0.00
-0.80
0.00
0.19
0.00
0.43
0.00
0.00
-0.31
0.00
0.18
-1.93
-0.94
-6.91
-0.15
0.08
1.28
0.92
-0.20
-1.97
0.00
0.00
-0.66
-1.61
0.00
0.00
0.00
-0.69
0.00
-0.26
-1.68
0.30
0.10
5.95
-2.70
0.00
-0.35
0.00
0.00
0.00
-1.41
-1.14
0.00
-1.01
0.00
-6.91
-0.99
-0.55
-0.16
1.96
2.81
-0.51
-1.27
-0.75
0.61
0.11
-2.23
0.48
-1.26
-0.55
0.77
-2.60
1.34
-0.12
-4.51
2.00
0.20
-0.56
1.34
-0.72
-1.05
6.91
0.13
-1.15
-0.41
-1.43
0.28
-1.16
0.64
6.91
-6.91
0.28
-1.52
-2.52
0.00
0.00
0.00
0.00
0.00
0.00
0.00
0.00
0.00
0.00
0.00
0.00
0.00
0.00
0.00
0.00
0.00
0.00
0.14
2.38
-0.66
0.42
-0.96
6.91
-1.70
-0.36
-1.60
0.59
0.31
-1.46
1.68
-1.31
1.61
-0.56
0.38
-0.64
-2.14
-6.91
-2.96
-1.26
0.46
0.93
-0.54
-0.44
-0.36
1.72
1.03
-0.84
-0.33
0.01
-2.08
0.14
-1.95
-1.80
-1.41
-0.15
1.92
-1.37
0.77
-0.05
6.91
0.16
-0.36
0.37
-0.04
-1.56
0.98
0.06
-0.57
-2.62
0.00
0.00
-0.74
-0.89
-2.39
0.00
6.91
0.17
0.00
0.83
-1.05
-6.91
0.66
0.00
-1.25
-0.00
0.00
-2.46
-2.69
0.00
0.00
-0.65
0.00
2.07
-0.63
-1.46
-0.46
0.00
-6.91
0.00
0.00
0.18
-6.77
0.66
0.38
0.00
0.00
0.00
0.00
0.00
0.00
0.00
0.00
0.00
0.00
0.00
0.00
0.00
0.00
0.00
0.00
0.00
0.00
-2.96
0.00
-0.90
6.91
-0.96
0.00
-0.73
1.00
-1.22
0.00
0.00
-0.95
0.00
0.32
-1.75
-3.40
-1.45
-0.88
1.20
-0.64
1.01
-0.66
-3.06
0.00
3.57
-1.97
-1.06
0.00
0.00
6.91
-0.68
0.00
-0.36
-1.88
0.15
0.04
1.39
-5.30
0.00
-1.58
0.00
0.00
0.00
-1.37
-0.51
6.91
-0.91
5.13
-1.54
-0.87
-0.05
-6.91
0.00
0.00
-6.91
-0.72
-5.72
1.29
0.59
-1.55
6.91
-0.15
-6.91
-2.61
0.13
0.00
-9.02
-1.13
0.00
-1.03
-6.91
0.00
2.17
-1.37
0.00
1.23
-0.98
-0.97
0.16
6.91
-2.12
0.00
0.00
0.38
-1.07
-1.83
0.45
0.00
0.00
0.00
0.00
0.00
0.00
0.00
0.00
0.00
0.00
0.00
0.00
0.00
0.00
0.00
0.00
0.00
0.00
-6.91
0.00
-6.91
4.17
-0.84
0.00
-1.77
0.42
-0.51
0.00
6.91
-3.38
0.00
0.07
-0.64
-2.09
-0.84
-2.20
0.39
-0.45
-0.55
-0.34
-3.61
0.00
1.37
-1.87
-2.19
0.00
0.00
0.52
-1.63
1.42
-1.71
-0.83
-0.25
-0.90
-0.30
-1.38
0.00
-1.64
0.00
6.91
0.00
-1.00
-6.91
2.46
-2.87
0.25
-3.11
-2.15
-3.39
0.00
-1.62
-2.35
0.00
0.00
0.00
-0.27
-0.02
0.00
-0.42
6.91
0.00
0.00
6.91
-2.32
0.00
1.04
-1.40
0.00
0.00
-0.89
-0.10
0.00
-2.19
0.86
0.00
0.00
2.03
-1.12
0.00
-0.86
-2.31
1.10
0.00
6.91
0.76
0.00
0.00
0.00
0.00
0.00
0.00
0.00
0.00
0.00
0.00
0.00
0.00
0.00
0.00
0.00
0.00
0.00
0.00
0.00
-2.05
0.00
-0.10
0.00
-6.91
0.00
0.08
0.00
-1.84
-0.73
0.00
-2.79
1.11
0.00
0.00
0.00
0.00
2.93
0.00
0.54
6.91
0.00
-6.91
0.20
0.00
0.00
-1.25
-6.91
-0.72
0.00
-0.95
0.00
0.00
1.76
3.72
1.02
0.00
-6.91
0.00
-0.89
-0.19
-6.91
0.00
0.00
-0.02
0.00
-0.14
0.00
0.00
0.00
-4.02
0.00
0.00
-0.88
-1.78
-0.84
6.91
0.58
-1.48
3.16
0.16
-1.50
-1.75
-0.55
0.00
-1.48
-0.50
0.00
-1.87
-0.58
0.00
1.11
-1.61
0.00
2.43
-2.99
-5.59
0.43
2.81
-6.91
0.00
0.00
-0.11
-0.69
0.08
0.61
0.00
0.00
0.00
0.00
0.00
0.00
0.00
0.00
0.00
0.00
0.00
0.00
0.00
0.00
0.00
0.00
0.00
0.00
-0.84
0.00
-1.72
0.87
-2.51
0.00
-6.91
1.12
-1.23
0.00
6.91
-1.84
0.00
-0.32
-0.47
-1.18
-0.81
-6.47
-0.30
-1.28
-0.74
-0.18
-0.96
0.00
0.46
-1.33
-0.64
0.00
0.00
1.39
-0.82
1.37
-1.38
-2.83
-0.90
-0.21
-0.39
-1.48
0.00
-1.06
0.00
2.33
0.00
-0.10
-0.96
1.30
-0.56
1.93
-3.62
-3.21
-0.71
-0.70
0.00
0.00
-1.54
-4.53
-1.09
0.89
1.52
-5.01
2.96
-0.18
-1.15
-0.59
-0.79
0.00
-1.16
-1.37
0.00
-0.61
-1.82
0.00
0.40
-1.60
0.00
0.27
-6.91
-1.41
-0.98
1.68
-6.91
0.00
0.00
-1.33
0.05
-1.78
0.02
0.00
0.00
0.00
0.00
0.00
0.00
0.00
0.00
0.00
0.00
0.00
0.00
0.00
0.00
0.00
0.00
0.00
0.00
-1.53
0.00
-0.81
1.83
-6.91
0.00
-3.13
1.22
-6.91
0.00
0.58
-6.91
0.00
-0.64
-0.76
-1.02
0.59
-1.16
-1.28
-1.85
-0.31
-1.67
-0.03
0.00
0.18
-1.06
-0.76
0.00
0.00
1.59
-0.94
3.03
-1.46
-4.52
-0.83
-1.56
0.11
-1.38
0.00
-6.91
0.00
0.87
0.00
-0.30
-6.91
0.22
-1.11
0.50
0.07
-1.85
-6.91
0.50
4.68
0.00
-1.35
-0.86
-1.93
0.02
0.10
-1.22
0.80
-3.69
-1.71
-0.54
-1.06
0.00
-0.80
-2.51
6.91
0.20
-1.08
2.17
0.02
-6.32
0.00
0.40
-1.36
-2.27
-2.06
1.48
-0.05
0.82
0.00
-3.89
0.18
-6.91
-1.51
0.00
0.00
0.00
0.00
0.00
0.00
0.00
0.00
0.00
0.00
0.00
0.00
0.00
0.00
0.00
0.00
0.00
0.00
-0.28
6.91
-1.45
0.64
-0.83
6.91
-0.52
0.51
-1.66
2.09
0.21
-0.24
6.91
-1.99
1.05
0.10
0.14
-0.26
-6.91
-6.91
-0.68
-6.91
-0.61
4.56
-0.40
-1.65
0.22
6.91
6.91
0.66
-0.72
1.09
-0.49
-0.79
-2.27
-6.91
-0.52
-0.77
1.02
-1.39
1.66
0.83
1.78
0.48
-0.61
0.49
-1.35
-0.71
-0.15
-0.92
-0.45
-2.59
0.00
0.00
-6.91
-1.35
-0.51
0.00
3.58
0.04
0.00
-0.69
-0.65
-0.89
0.38
0.00
-0.78
-0.33
0.00
-1.87
-0.74
0.00
0.00
-0.55
0.00
4.05
-0.65
-0.66
-0.10
0.00
-3.00
0.00
0.00
0.69
-2.08
-0.78
1.27
-3.78
-1.23
0.00
0.00
2.88
0.00
-0.47
-0.73
0.00
-1.37
-1.69
0.24
-1.91
-1.86
0.00
-0.78
-0.82
-0.14
0.00
0.00
0.00
0.00
0.00
0.00
0.00
0.00
0.00
0.00
0.00
0.00
0.00
0.00
0.00
0.00
0.00
0.00
0.00
0.00
0.00
0.00
-6.91
0.00
3.40
-2.21
-2.83
0.00
0.00
6.91
-1.94
0.00
-1.24
-0.36
0.20
0.02
0.77
-3.16
0.00
-1.34
0.00
0.00
0.00
-1.20
-0.91
1.31
-6.91
6.91
-6.91
-0.33
-0.43
0.00
-3.64
-0.79
0.00
6.91
0.00
-1.35
-0.06
2.26
-0.47
1.86
0.00
0.00
0.61
-0.83
0.00
1.29
-2.92
0.00
0.00
-1.64
-1.08
2.02
-1.69
-0.27
3.60
0.00
2.61
-1.68
0.00
-6.91
-0.67
0.57
0.00
6.91
1.22
0.00
0.00
-6.91
-0.85
-0.02
0.08
6.91
0.00
-0.96
0.00
0.00
1.05
0.00
0.00
-1.61
0.00
0.00
6.91
0.00
0.00
0.00
0.00
0.00
0.00
0.00
0.00
0.00
0.00
0.00
0.00
0.00
0.00
0.00
0.00
0.00
0.00
0.00
0.00
0.00
0.00
0.00
-6.91
0.54
0.00
0.00
-0.97
-1.47
-0.94
0.00
-1.50
6.91
0.00
0.98
1.16
-0.19
0.00
-1.50
0.00
-1.51
-0.77
-1.22
0.00
0.00
0.01
0.00
0.41
0.00
0.00
1.35
-0.96
0.00
0.00
-3.96
-2.70
-1.47
2.87
0.46
-0.23
6.91
-0.85
-6.91
-2.63
-1.25
0.00
-6.91
-0.89
0.00
-6.91
-1.36
0.00
2.18
-0.52
0.00
2.51
-0.06
-1.49
-0.65
1.90
-6.91
0.00
0.00
-0.63
-1.28
0.23
-0.57
-6.91
-6.91
0.00
0.00
0.41
0.95
-0.11
-3.24
1.60
-6.91
-0.92
-0.56
-1.86
-6.91
0.00
-1.34
-0.32
-0.18
0.00
0.00
0.00
0.00
0.00
0.00
0.00
0.00
0.00
0.00
0.00
0.00
0.00
0.00
0.00
0.00
0.00
0.00
0.00
0.00
0.00
0.00
-0.80
0.00
1.02
-1.52
-1.35
0.00
0.00
0.91
-6.91
6.91
-1.32
-1.48
-0.09
-1.27
0.76
-1.72
0.00
-2.62
0.00
1.31
0.00
-0.87
-2.17
6.91
-6.91
1.05
-0.94
-1.23
-1.53
2.44
-0.35
-0.68
0.74
1.85
2.70
-2.76
-1.02
0.09
-1.33
-0.28
0.87
4.45
-0.87
0.26
0.54
0.02
-0.38
2.91
3.26
-0.55
-1.31
0.53
-0.06
-4.19
1.22
0.64
-0.10
-1.71
2.17
-0.86
-0.57
-0.71
0.00
-0.32
-0.48
2.20
0.85
-0.52
0.41
-2.94
-2.36
1.50
0.27
-1.52
0.54
0.00
-0.13
2.15
2.23
0.64
0.95
0.47
0.64
0.00
0.00
0.00
0.00
0.00
0.00
0.00
0.00
0.00
0.00
0.00
0.00
0.00
0.00
0.00
0.00
0.00
0.00
0.00
0.00
0.00
0.00
3.72
-1.76
-6.91
1.53
3.28
-0.28
0.32
-6.91
0.91
-6.91
0.83
1.61
0.13
-0.41
-1.56
0.00
-0.40
0.30
-0.44
-1.88
0.04
0.00
1.31
-1.74
6.91
-0.86
0.00
3.71
0.48
-1.29
0.00
0.00
-5.91
-1.85
-1.55
0.08
0.02
-6.91
0.40
-1.43
-6.91
-1.03
-3.13
0.00
-1.43
-1.28
0.00
-1.12
-1.68
0.00
2.20
-6.91
0.00
-0.13
-1.49
-6.91
-2.06
2.92
-1.69
0.00
0.00
-1.36
-1.16
-2.68
0.17
-0.22
-0.58
0.00
0.00
-0.02
1.50
-1.39
-1.09
1.44
-6.91
-0.34
-0.68
-1.09
-1.78
0.00
-0.68
-3.22
-2.18
0.00
0.00
0.00
0.00
0.00
0.00
0.00
0.00
0.00
0.00
0.00
0.00
0.00
0.00
0.00
0.00
0.00
0.00
0.00
0.00
0.00
0.00
-1.08
0.00
0.39
-6.91
-1.80
0.00
0.00
0.34
-6.91
1.91
-3.40
-0.64
-2.43
-0.34
-0.98
-0.80
0.00
-1.39
0.00
0.44
0.00
-0.08
-1.69
0.34
-0.79
0.47
-0.09
-2.44
-2.09
0.00
-1.60
-3.41
0.00
0.00
0.00
-0.46
0.52
0.00
-0.84
6.91
0.00
0.00
6.91
-2.98
0.00
1.12
-0.88
0.00
0.00
-0.74
-0.41
0.00
-3.10
0.35
0.00
0.00
6.91
-0.42
0.00
-1.99
-0.38
6.91
0.00
6.91
0.71
0.00
0.00
-1.09
-6.91
-0.15
0.52
0.00
0.00
-1.40
0.00
0.00
2.64
0.00
0.00
-3.29
0.00
0.00
6.91
0.00
0.00
0.00
0.00
0.00
0.00
0.00
0.00
0.00
0.00
0.00
0.00
0.00
0.00
0.00
0.00
0.00
0.00
0.00
0.00
0.00
0.00
0.00
-4.34
0.30
0.00
0.00
-2.33
-2.94
0.67
0.00
0.36
0.00
0.00
1.05
1.49
1.19
0.00
-1.40
0.00
-3.39
-0.81
-4.55
0.00
0.00
0.37
0.00
0.08
0.00
0.00
0.00
-2.99
0.00
0.00
-1.58
-1.08
-6.91
1.44
1.75
-1.13
1.20
-0.94
-1.11
-0.52
-1.91
0.00
-4.76
-0.03
0.00
-0.69
-1.56
0.00
2.23
-1.66
0.00
0.52
-2.45
-2.26
-0.74
3.51
-4.78
0.00
0.00
-0.95
-0.45
-1.25
0.41
-3.81
-1.14
0.00
0.00
1.74
2.21
-2.12
-2.14
1.21
-1.56
-0.18
-0.15
-0.69
-6.91
0.00
-0.87
-0.87
-1.37
0.00
0.00
0.00
0.00
0.00
0.00
0.00
0.00
0.00
0.00
0.00
0.00
0.00
0.00
0.00
0.00
0.00
0.00
0.00
0.00
0.00
0.00
-2.06
0.00
1.32
-2.87
-1.92
0.00
0.00
2.11
-6.91
1.50
-2.19
-2.80
-0.56
-0.51
-0.47
-1.64
0.00
-2.57
0.00
4.11
0.00
-0.60
-2.19
1.83
-1.52
0.23
-1.58
-0.53
-0.97
1.19
0.06
0.71
1.34
1.04
0.32
-1.29
-2.61
0.71
-0.94
0.47
1.65
0.81
-0.29
1.30
1.35
-0.96
0.09
1.47
1.52
-0.40
-1.19
-0.34
0.42
-4.55
1.00
1.52
-0.50
-0.60
1.53
0.28
0.50
-1.34
0.00
0.10
-0.26
6.91
1.84
0.15
0.25
-6.91
-1.36
0.62
1.42
-1.27
1.00
0.00
-0.51
1.22
2.13
0.96
0.64
0.57
0.17
0.00
0.00
0.00
0.00
0.00
0.00
0.00
0.00
0.00
0.00
0.00
0.00
0.00
0.00
0.00
0.00
0.00
0.00
0.00
0.00
0.00
0.00
6.91
-0.68
-2.00
1.05
1.23
-0.43
0.73
-2.32
0.99
-2.24
0.02
2.94
-0.81
-0.18
-2.79
2.17
0.13
0.07
-0.56
-3.56
0.36
0.00
1.87
-6.91
0.49
-6.91
1.43
1.73
0.17
-0.48
1.38
0.00
-0.66
-0.95
-2.88
1.47
0.13
-2.79
2.11
-1.79
-1.89
-0.30
-2.60
0.00
-2.81
-2.03
3.29
-1.07
-2.13
2.29
0.44
-6.91
0.00
1.25
-1.58
-6.91
-0.77
2.69
-1.49
6.91
0.00
-1.62
-0.36
-0.98
-1.05
-1.55
-1.03
1.37
0.00
0.51
1.44
-6.91
-0.88
0.82
-2.54
0.17
-0.30
-0.65
-0.51
0.00
-0.77
-2.24
-1.32
0.00
0.00
0.00
0.00
0.00
0.00
0.00
0.00
0.00
0.00
0.00
0.00
0.00
0.00
0.00
0.00
0.00
0.00
0.00
0.00
0.00
0.00
0.17
2.01
0.28
-1.55
0.04
0.00
0.00
0.36
-0.87
1.59
-6.91
-0.62
-0.54
-1.47
-0.31
-1.35
6.91
-1.77
0.00
0.26
0.00
0.55
-2.21
0.30
-0.01
-0.49
-1.01
-0.80
-2.08
0.00
-1.29
-1.48
0.00
0.00
0.00
-0.14
-0.04
1.89
-1.34
4.15
0.00
0.00
6.91
-0.73
0.00
1.29
-1.53
0.00
0.00
-0.96
-0.79
0.00
-0.81
-0.07
3.32
0.00
6.91
-0.20
0.00
-6.91
-0.99
1.52
0.00
1.61
0.49
0.00
0.00
-4.25
-1.47
-0.35
-0.30
2.36
0.00
-0.16
0.00
0.00
1.09
0.00
0.00
-6.91
0.00
0.00
4.34
0.00
0.00
0.00
0.00
0.00
0.00
0.00
0.00
0.00
0.00
0.00
0.00
0.00
0.00
0.00
0.00
0.00
0.00
0.00
0.00
0.00
0.00
0.00
-6.91
0.27
0.00
0.00
-4.66
-3.19
-1.37
0.00
-0.64
4.41
0.00
0.74
1.18
0.96
0.00
-0.93
0.00
-2.80
-0.89
-1.06
0.00
0.00
-0.75
0.00
-0.59
0.00
0.00
6.91
0.00
-2.24
0.18
1.37
0.31
0.57
-6.91
-1.45
0.48
-2.44
-0.28
6.91
0.00
-0.22
-0.24
2.87
0.07
-1.92
0.00
3.64
-2.08
-6.91
1.80
0.13
-0.65
0.49
0.96
0.41
-1.98
6.91
-0.02
-0.86
0.82
0.00
1.38
-0.78
0.00
6.91
-0.83
-0.39
-1.20
-1.13
0.85
0.66
-1.49
2.03
0.00
1.00
0.00
3.84
0.24
1.50
1.55
1.04
0.00
0.00
0.00
0.00
0.00
0.00
0.00
0.00
0.00
0.00
0.00
0.00
0.00
0.00
0.00
0.00
0.00
0.00
0.00
0.00
0.00
0.00
0.00
-2.52
-0.89
0.88
4.23
-0.90
-1.07
-6.91
6.91
-6.91
1.47
6.91
-0.29
0.92
0.37
0.00
-2.16
1.66
-0.36
-2.48
-0.58
0.00
2.48
-1.73
6.91
-3.14
0.00
4.04
0.42
-0.82
0.00
0.00
-2.21
-4.13
-1.67
0.46
0.83
-2.02
3.91
-0.33
-1.75
-1.46
-1.00
0.00
-1.71
-0.30
0.00
-0.49
-3.09
0.00
0.59
-2.99
0.00
0.78
-1.95
-2.61
-0.87
0.75
-6.91
0.00
0.00
-0.47
-1.06
-0.69
0.03
-1.76
-2.67
0.00
0.00
1.81
0.61
-1.66
-3.56
1.74
-1.53
-0.37
-1.69
-0.86
-1.35
0.00
-1.69
-1.94
-0.54
0.00
0.00
0.00
0.00
0.00
0.00
0.00
0.00
0.00
0.00
0.00
0.00
0.00
0.00
0.00
0.00
0.00
0.00
0.00
0.00
0.00
0.00
-0.62
0.00
0.65
-3.21
-1.76
0.00
0.00
0.37
-6.91
4.31
-6.91
-1.54
-1.06
-0.83
-0.99
-0.46
0.00
-2.75
0.00
1.09
0.00
-0.33
-2.40
0.86
-1.76
0.17
-3.09
-0.67
-3.21
0.00
-6.91
-2.42
0.00
0.00
0.00
-1.08
0.14
0.00
-0.21
1.90
0.00
0.00
1.36
-2.55
0.00
2.39
-1.80
0.00
0.00
-0.84
0.49
0.00
-1.49
0.58
0.00
0.00
6.91
-0.84
0.00
-0.95
-0.91
1.71
0.00
2.26
2.59
0.00
0.00
-1.47
-1.72
-0.54
-0.23
0.00
0.00
-0.58
0.00
0.00
6.91
0.00
0.00
-6.91
0.00
0.00
6.91
0.00
0.00
0.00
0.00
0.00
0.00
0.00
0.00
0.00
0.00
0.00
0.00
0.00
0.00
0.00
0.00
0.00
0.00
0.00
0.00
0.00
0.00
0.00
-2.03
-0.27
0.00
0.00
-1.70
-1.12
0.50
0.00
0.16
0.00
0.00
5.93
1.35
1.11
0.00
-3.77
0.00
-6.91
-0.49
-1.25
0.00
0.00
-0.56
0.00
0.11
0.00
0.00
0.00
0.76
0.59
6.91
-0.89
-0.69
-1.20
0.57
0.06
-0.69
-0.31
-7.17
-0.56
-0.37
-1.73
2.79
0.26
-1.00
1.65
-0.70
-1.23
1.99
-0.05
-0.49
3.17
-0.16
-1.03
-0.36
-2.11
0.25
-0.12
4.08
1.76
-1.01
0.03
-1.57
-1.87
-0.53
0.37
0.78
6.91
-1.22
0.30
-0.47
-0.55
0.44
-0.92
0.39
-6.91
-0.52
-0.96
6.91
-0.68
-0.19
-1.74
0.00
0.00
0.00
0.00
0.00
0.00
0.00
0.00
0.00
0.00
0.00
0.00
0.00
0.00
0.00
0.00
0.00
0.00
0.00
0.00
0.00
0.00
0.22
4.58
-1.33
-1.35
0.38
6.91
6.91
-0.17
-0.19
-0.32
-2.00
0.36
-2.19
-1.33
-1.13
0.83
4.28
-2.22
6.91
-0.35
1.14
-0.03
-0.30
-0.41
-0.38
-0.12
-0.31
-0.71
-1.60
-3.43
0.00
0.00
-0.62
-0.20
-0.73
0.00
0.00
-0.06
0.00
0.12
-0.74
-0.85
0.39
0.00
-0.30
2.29
0.00
-1.24
-0.71
0.00
0.00
0.05
0.00
0.00
-0.07
-1.37
0.40
0.00
-0.30
0.00
0.00
0.32
-0.96
0.98
0.65
-2.89
-0.52
0.00
0.00
0.00
0.00
-0.50
0.13
0.00
-0.52
-2.78
0.72
-2.24
-1.31
0.00
-0.16
-0.73
-0.03
0.00
0.00
0.00
0.00
0.00
0.00
0.00
0.00
0.00
0.00
0.00
0.00
0.00
0.00
0.00
0.00
0.00
0.00
0.00
0.00
0.00
0.00
-2.95
0.00
0.00
-0.88
-0.79
0.00
0.00
0.00
-1.21
0.00
0.83
-0.23
1.35
-0.03
1.63
-1.17
0.00
-0.09
0.00
0.00
0.00
-2.25
0.03
0.00
-0.98
0.00
-0.91
-0.65
-0.11
-0.77
0.00
0.00
-0.85
-1.76
-1.57
0.00
1.08
-0.42
0.00
-0.30
-0.95
-6.91
-0.15
0.00
-3.77
-0.32
0.00
-6.91
-2.73
0.00
0.00
-0.01
0.00
2.23
-1.54
-1.27
1.06
0.00
-6.91
0.00
0.00
0.67
-1.60
0.82
0.03
-0.97
-1.10
0.00
0.00
1.16
6.91
-0.10
-1.05
0.00
-2.32
-1.30
0.78
-6.91
-1.64
0.00
-6.91
-0.05
-0.66
0.00
0.00
0.00
0.00
0.00
0.00
0.00
0.00
0.00
0.00
0.00
0.00
0.00
0.00
0.00
0.00
0.00
0.00
0.00
0.00
0.00
0.00
-2.72
0.00
3.85
-1.52
-1.04
0.00
0.00
2.96
-0.82
0.00
-0.26
-6.91
0.57
0.12
0.62
-3.12
0.00
-0.45
0.00
0.00
0.00
-1.76
-1.24
1.54
-0.96
0.95
-2.95
-0.92
-1.20
-1.36
0.00
0.00
-1.13
-0.31
-0.95
0.00
0.00
-0.65
0.00
-0.14
-1.79
-2.76
1.26
0.00
-1.62
2.41
0.00
-3.39
-2.13
0.00
0.00
0.29
0.00
0.00
-0.54
-1.46
0.98
0.00
-1.89
0.00
0.00
0.55
-6.91
0.93
2.18
-2.47
-0.75
0.00
0.00
0.00
0.00
-0.33
0.21
0.00
-0.77
-6.91
0.76
-0.78
-1.08
0.00
-1.59
0.30
-0.15
0.00
0.00
0.00
0.00
0.00
0.00
0.00
0.00
0.00
0.00
0.00
0.00
0.00
0.00
0.00
0.00
0.00
0.00
0.00
0.00
0.00
0.00
-0.91
0.00
0.00
-0.69
-1.29
0.00
0.00
0.00
-0.66
0.00
0.31
-0.21
0.86
-0.22
2.22
-6.91
0.00
-1.11
0.00
0.00
0.00
-1.15
-0.44
0.00
-2.97
0.00
-1.65
-1.22
0.60
-1.02
0.00
0.00
-2.21
-2.49
-3.82
1.55
0.43
-3.12
6.91
-0.18
-1.79
-1.63
0.44
0.00
-2.88
-0.68
0.00
-0.66
-0.69
0.00
0.83
-2.97
0.00
1.82
-4.45
-1.75
-0.61
2.11
-6.91
0.00
0.00
-0.08
-1.08
-0.35
0.33
-1.12
-0.79
0.00
0.00
1.69
6.91
-0.88
-2.07
6.91
-2.05
-0.12
0.05
-6.91
-0.72
0.00
-6.91
-0.78
0.13
0.00
0.00
0.00
0.00
0.00
0.00
0.00
0.00
0.00
0.00
0.00
0.00
0.00
0.00
0.00
0.00
0.00
0.00
0.00
0.00
0.00
0.00
-3.06
0.00
0.90
-2.37
-1.19
0.00
0.00
0.88
-3.18
5.16
-6.91
-6.91
-0.77
-0.36
-0.46
-1.32
0.00
-1.05
0.00
1.67
0.00
-0.58
-2.40
1.67
-2.64
0.57
-1.72
-2.75
-1.81
0.36
0.72
1.58
-0.88
-0.19
-0.72
-0.24
-0.39
-2.21
0.92
-6.91
-0.38
0.60
-1.53
1.47
-0.87
-6.91
0.40
-0.65
-0.52
0.84
-0.16
-1.37
2.37
-0.01
-1.78
-0.75
-1.53
-0.17
-0.37
1.76
4.90
-1.58
1.24
-1.03
-1.41
-0.19
0.38
1.37
2.64
-1.57
-0.79
-0.51
-0.05
-0.39
-0.32
0.02
-1.45
0.14
-0.97
6.91
-0.82
-0.65
-1.11
0.00
0.00
0.00
0.00
0.00
0.00
0.00
0.00
0.00
0.00
0.00
0.00
0.00
0.00
0.00
0.00
0.00
0.00
0.00
0.00
0.00
0.00
0.61
0.73
-0.62
-1.11
0.67
2.41
2.17
-0.24
-0.08
-0.41
-0.62
-0.42
-6.32
-1.30
-6.91
1.06
0.28
-0.53
1.58
0.45
1.06
2.57
-0.71
-0.59
0.10
-0.82
0.31
0.24
-1.49
-1.07
3.34
0.00
-0.07
-0.44
-0.68
0.27
-0.35
-0.59
0.06
-1.51
0.01
-0.35
-2.55
0.00
-0.38
-6.19
2.64
-0.13
-0.64
6.91
-0.20
-1.29
0.00
-1.03
-1.08
-0.91
-6.91
0.64
-1.47
1.63
0.00
-2.39
-0.02
-6.91
-1.04
-0.82
-0.91
1.37
0.00
-0.78
0.56
-1.59
-1.20
-0.33
-0.82
0.44
-2.50
0.08
-1.34
0.00
-0.54
-0.76
-2.39
0.00
0.00
0.00
0.00
0.00
0.00
0.00
0.00
0.00
0.00
0.00
0.00
0.00
0.00
0.00
0.00
0.00
0.00
0.00
0.00
0.00
0.00
-0.70
1.17
0.45
-2.19
-0.32
1.30
0.00
-0.35
-1.97
0.05
-1.23
-0.71
-2.54
-6.91
-0.45
-0.85
2.45
-1.16
6.91
0.09
0.00
-0.17
-1.41
-0.22
-1.57
-0.19
-0.80
-0.61
-1.10
0.33
0.14
6.91
0.01
-0.05
-0.41
0.32
-0.52
-0.23
0.55
-2.08
0.22
1.09
-1.03
1.13
-0.35
-1.28
1.58
0.52
-0.23
0.89
-0.22
-0.50
2.22
-1.33
-0.64
0.36
-0.81
-0.08
0.21
0.19
0.82
-3.24
1.85
-1.67
-2.54
-0.06
-0.17
1.05
1.67
-0.53
-1.26
-0.43
0.07
-0.23
-0.43
1.08
-0.78
1.00
-0.26
1.17
-0.68
-1.19
-0.88
0.00
0.00
0.00
0.00
0.00
0.00
0.00
0.00
0.00
0.00
0.00
0.00
0.00
0.00
0.00
0.00
0.00
0.00
0.00
0.00
0.00
0.00
0.36
0.64
-0.28
-0.03
0.27
0.98
1.09
-1.49
0.33
-0.80
-1.05
-0.62
-6.91
-2.52
-6.91
-0.07
1.24
-0.95
1.03
-0.93
0.96
1.54
-0.92
-1.03
0.90
-0.28
0.47
0.52
-0.47
-0.53
1.14
3.78
-0.15
-2.25
-2.58
-0.63
0.18
-3.50
0.62
-2.12
-0.87
0.41
-2.23
2.52
-0.05
-2.44
4.63
0.26
0.24
1.05
0.42
-1.08
1.98
-1.22
-1.53
-0.29
-1.26
-0.31
-1.07
0.67
1.78
-2.25
1.34
-6.91
-1.08
0.30
0.18
1.80
2.71
-1.38
-0.68
-0.37
-1.39
0.19
-1.11
0.27
-6.91
0.43
-0.81
2.46
-1.00
-1.12
-1.31
0.00
0.00
0.00
0.00
0.00
0.00
0.00
0.00
0.00
0.00
0.00
0.00
0.00
0.00
0.00
0.00
0.00
0.00
0.00
0.00
0.00
0.00
-0.48
1.94
-1.04
-0.79
0.14
6.91
2.34
0.31
-0.16
-0.16
-0.85
-1.08
-6.91
-1.24
-4.14
0.61
1.35
-0.84
2.38
0.22
3.28
1.56
-0.85
-1.02
0.19
-0.58
-0.45
-0.71
-0.27
-6.91
0.00
0.00
-0.77
-1.10
-2.03
0.00
6.91
0.36
0.00
0.30
-1.52
-3.34
0.58
0.00
-1.69
-0.18
0.00
-6.91
-1.78
0.00
0.00
-0.97
0.00
2.74
-0.19
-1.13
0.72
0.00
-1.84
0.00
0.00
-0.18
-2.30
0.80
1.04
-6.91
-6.91
0.00
0.00
6.91
0.00
0.29
-0.34
0.00
-1.93
-1.92
0.11
-1.99
-1.35
0.00
-1.44
-0.85
-0.71
-3.15
0.00
-6.91
6.91
-1.36
0.00
-1.09
1.21
0.28
0.00
0.00
-1.93
0.00
-0.43
-6.91
-6.91
-2.02
-2.31
-0.12
0.25
0.55
0.55
0.00
0.00
0.00
0.00
0.00
0.00
0.00
0.00
0.00
0.00
0.00
0.00
0.00
0.00
0.00
-1.32
0.00
-0.03
0.00
0.00
0.00
-3.08
-0.46
1.30
-3.08
0.88
-1.92
-2.08
-0.24
0.00
-6.91
-1.17
0.00
2.49
0.00
-1.76
-0.41
2.29
-1.86
1.35
0.00
0.00
2.01
-1.24
0.00
0.74
-6.91
0.00
0.00
-6.91
-1.07
1.64
-1.29
-0.40
6.91
0.00
1.68
-1.92
0.00
-1.61
-0.35
0.36
0.00
1.53
1.28
0.00
0.00
-6.91
-0.78
-0.10
-0.64
1.64
0.00
-0.58
0.00
0.00
1.09
0.00
0.00
-1.85
0.00
0.00
6.91
0.00
-1.73
0.00
-0.54
0.00
-0.77
0.00
-1.16
6.91
-6.91
-0.51
0.00
-1.14
1.05
0.00
0.00
0.00
0.00
0.17
1.76
-0.10
1.57
0.00
0.00
0.00
0.00
0.00
0.00
0.00
0.00
0.00
0.00
0.00
0.00
0.00
0.00
0.00
0.00
-6.91
0.00
-2.18
-0.95
-0.99
0.00
0.00
0.20
0.00
-0.31
0.00
0.00
6.91
1.12
-0.38
0.52
0.25
0.68
0.26
-1.20
-3.20
0.36
-1.17
0.27
0.39
0.88
0.08
0.57
0.30
-1.55
-0.64
6.91
0.63
-0.17
-6.91
-0.23
0.90
-6.91
1.03
0.03
-1.48
-3.06
0.50
0.46
0.96
-0.38
2.11
0.40
-2.15
1.05
2.53
-0.77
0.85
-1.90
-3.23
0.43
0.42
-2.12
0.82
0.00
-0.28
6.91
0.28
0.71
0.51
0.70
0.49
2.18
-0.95
0.62
-1.03
-0.10
0.98
0.69
-1.88
-0.36
-0.17
-0.69
1.86
0.60
-1.48
0.00
6.91
0.00
0.47
-0.62
-0.27
-0.20
-0.51
0.00
0.00
0.00
0.00
0.00
0.00
0.00
0.00
0.00
0.00
0.00
0.00
0.00
0.00
0.00
2.27
-0.27
0.16
0.30
-0.90
0.22
0.00
0.19
-1.04
1.21
-6.91
1.76
0.87
0.16
-0.97
0.00
0.00
-0.72
-2.28
-2.00
0.77
-0.21
-0.90
2.91
-0.89
-6.91
-1.14
-1.19
0.00
-0.85
-0.60
0.00
-1.37
-0.71
0.00
0.29
-2.16
0.00
-0.24
-3.95
-2.21
-0.72
0.55
-0.92
0.00
0.00
-2.05
0.02
-0.79
-1.45
-0.30
-6.91
0.00
0.00
1.34
2.06
-0.76
-1.80
1.69
-1.17
-0.77
-0.53
-0.14
-1.30
0.00
-0.88
-3.12
-0.92
-2.04
0.00
-3.28
1.47
-6.91
0.00
-2.39
1.12
-1.25
0.00
0.76
-1.75
0.00
-2.12
-0.10
-1.20
-1.03
-3.77
-0.82
-1.72
-0.08
-0.81
0.00
0.00
0.00
0.00
0.00
0.00
0.00
0.00
0.00
0.00
0.00
0.00
0.00
0.00
0.00
-1.17
0.00
-2.28
0.00
0.89
0.00
-0.22
-1.17
0.12
-1.85
0.80
-1.48
-1.70
-5.43
-1.34
0.00
0.00
-6.91
-1.79
-1.84
6.91
0.77
-0.59
0.00
0.36
-1.53
-2.05
-0.64
0.00
-3.25
-0.60
0.00
-3.20
-2.17
0.00
2.35
-2.38
0.00
0.54
-0.21
-4.41
-0.24
6.91
-2.43
0.00
0.00
-0.67
-1.34
-0.87
1.09
-1.52
-2.23
0.00
0.00
3.11
1.11
-0.31
-0.77
6.91
-1.30
-2.93
-0.70
-2.41
-1.91
0.00
-1.04
-0.59
-0.34
-2.41
0.00
-2.63
2.69
-3.05
0.00
-0.98
0.90
-1.09
0.00
1.75
-3.70
0.00
0.13
-0.42
-2.01
-0.72
-1.56
0.21
-0.99
0.88
-0.81
0.00
0.00
0.00
0.00
0.00
0.00
0.00
0.00
0.00
0.00
0.00
0.00
0.00
0.00
0.00
-0.90
0.00
-2.07
0.00
6.91
0.00
-0.90
-1.11
0.86
-6.91
3.77
-1.96
-2.81
-1.58
0.00
-0.80
-6.91
0.00
0.00
0.00
0.42
0.65
0.00
-0.33
1.18
0.00
0.00
3.49
-1.51
0.00
0.61
-3.93
0.00
0.00
-0.87
-0.19
0.00
-6.91
-0.57
0.00
0.00
1.19
-0.64
0.00
-0.77
-0.97
1.89
0.00
6.91
1.29
0.00
0.00
-2.11
-2.59
-0.45
-0.79
0.00
0.00
-0.42
0.00
0.00
6.91
0.00
0.00
-2.05
0.00
0.00
6.91
0.00
-2.02
0.00
-0.97
0.00
-1.61
0.00
-0.04
0.00
-1.07
-0.66
0.00
-1.00
3.04
0.00
0.00
0.00
0.00
4.15
6.91
2.40
1.78
0.00
0.00
0.00
0.00
0.00
0.00
0.00
0.00
0.00
0.00
0.00
0.00
0.00
0.00
0.00
0.00
-1.71
0.00
-3.53
-1.19
-1.05
0.00
0.00
-1.02
0.00
-0.47
0.00
0.00
0.00
0.00
-6.91
-0.86
0.00
0.00
0.00
0.15
1.02
0.00
0.11
6.91
0.00
0.00
1.30
-1.78
0.00
0.87
-1.43
0.00
0.00
-1.81
0.12
0.00
-1.21
-0.51
0.00
0.00
6.91
-0.68
0.00
-2.18
-1.98
1.53
0.00
6.91
0.87
0.00
0.00
-1.56
-6.91
-0.01
-0.32
0.00
0.00
0.07
0.00
0.00
2.10
0.00
0.00
-6.91
0.00
0.00
6.91
0.00
-6.91
0.00
-0.76
0.00
-0.83
0.00
-0.37
0.00
-6.91
-0.93
0.00
-4.03
2.37
0.00
0.00
0.00
0.00
1.96
0.00
1.66
6.91
0.00
0.00
0.00
0.00
0.00
0.00
0.00
0.00
0.00
0.00
0.00
0.00
0.00
0.00
0.00
0.00
-1.98
0.00
-1.56
-0.40
-1.66
0.00
0.00
-0.77
0.00
0.44
0.00
0.00
0.00
1.29
-1.25
0.10
1.65
0.60
1.33
-3.79
-6.91
-0.19
-3.17
-0.59
1.52
1.79
0.48
-0.07
6.91
-0.70
0.15
2.17
2.99
-0.60
-1.44
0.22
0.56
-1.88
0.48
1.26
-0.91
-1.47
2.11
0.02
-0.10
-0.89
0.00
0.17
0.01
6.91
1.05
-0.56
-0.74
-6.91
-1.83
0.25
1.62
-0.90
2.77
0.00
-0.36
6.91
0.85
-0.59
1.12
0.33
-0.64
6.91
-0.13
2.63
-6.91
0.84
0.00
1.80
-5.01
0.90
-0.69
-1.05
0.83
-0.48
-0.15
0.00
6.91
0.00
3.54
-1.30
-0.55
-1.33
-0.12
0.00
0.00
0.00
0.00
0.00
0.00
0.00
0.00
0.00
0.00
0.00
0.00
0.00
0.00
0.00
1.88
-1.33
1.15
0.13
-6.91
0.76
0.00
0.74
-6.91
0.83
-0.90
8.48
2.88
0.07
-1.77
0.00
0.00
-1.95
-0.85
-6.91
0.63
0.68
-2.90
1.18
-1.92
-1.34
-0.55
-1.18
0.00
-6.91
-0.92
0.00
-0.74
-2.01
0.00
1.01
-2.83
0.00
1.77
-2.32
-2.20
-0.03
6.91
-6.91
0.00
0.00
-1.00
-2.03
-1.34
-0.96
-0.56
-6.91
0.00
0.00
0.94
1.80
-0.50
-6.91
2.90
-1.97
-0.03
-0.49
-1.27
-3.64
0.00
-1.47
-1.44
-0.31
-0.45
0.00
-3.08
3.70
-6.91
0.00
-1.20
0.34
-3.15
0.00
6.91
-6.91
0.00
-0.87
-0.85
-0.92
-0.86
-2.77
0.03
-1.36
0.55
-0.49
0.00
0.00
0.00
0.00
0.00
0.00
0.00
0.00
0.00
0.00
0.00
0.00
0.00
0.00
0.00
-0.52
0.00
-2.01
0.00
1.68
0.00
0.00
-2.58
2.31
-2.32
0.95
-1.40
-6.91
-2.22
0.00
-0.13
0.19
0.94
0.57
1.88
-1.98
-0.83
-0.10
-6.91
0.50
2.09
0.00
-0.68
-0.93
2.18
-0.58
-1.36
0.00
2.68
-1.11
-6.91
0.98
0.39
-1.47
0.16
2.80
0.13
-2.38
6.91
-1.75
0.80
-0.72
0.00
0.49
0.28
0.00
6.91
-1.59
0.00
-0.88
-1.54
0.30
0.70
-4.63
6.91
0.00
0.56
0.00
1.36
-0.92
1.15
2.90
0.13
0.00
-0.80
1.25
-1.12
1.45
0.32
6.91
-1.49
1.06
-0.13
-6.91
0.58
-0.67
-0.73
0.00
0.00
0.00
1.05
-0.04
0.88
-0.60
-0.38
0.00
0.00
0.00
0.00
0.00
0.00
0.00
0.00
0.00
0.00
0.00
0.00
0.00
0.00
0.00
0.00
-0.87
0.66
-1.00
-6.91
-0.86
0.00
3.02
-6.91
1.47
-2.57
0.00
1.03
0.83
-0.82
3.18
0.00
-1.95
-6.91
-2.34
0.18
1.08
-1.50
1.55
-1.75
-0.86
-1.15
-1.81
0.00
-2.30
-2.24
6.91
-0.90
-0.67
6.91
0.63
-3.05
0.00
-0.26
-6.91
-0.84
-0.81
2.50
-1.53
2.02
0.00
-0.31
-0.44
-1.13
-1.11
-0.78
-2.06
2.97
0.00
0.21
1.97
-1.96
-3.31
1.21
-1.08
-0.73
-0.14
-0.77
-0.80
0.00
-1.72
-6.91
-1.11
-1.54
6.91
-2.10
1.31
-2.16
0.00
-0.88
0.36
-6.91
6.91
0.62
-3.14
0.00
-1.48
-0.13
-0.01
-0.12
-2.20
-2.58
-1.78
-0.20
-1.46
0.00
0.00
0.00
0.00
0.00
0.00
0.00
0.00
0.00
0.00
0.00
0.00
0.00
0.00
0.00
-0.10
6.91
-3.51
0.00
1.13
0.00
0.52
-4.84
1.34
-0.78
0.17
-0.31
-1.77
-1.44
-3.74
0.00
0.00
-2.65
-1.19
-2.34
1.04
3.61
-1.47
3.11
0.26
-3.13
-1.67
-0.84
0.00
-1.43
0.52
0.00
-1.76
-1.62
0.00
1.64
-3.38
0.00
0.59
-2.61
-2.48
-0.38
6.91
-1.00
0.00
0.00
-0.25
-1.73
-0.72
-0.32
-1.14
-0.83
0.00
0.00
1.04
0.83
-1.22
-2.36
6.91
-0.78
-0.27
-0.60
-1.80
-3.03
0.00
-6.91
-0.97
-0.93
-1.47
0.00
-3.58
2.75
-1.32
0.00
-2.43
1.05
-1.04
0.00
2.98
-3.67
0.00
-0.76
-0.05
-0.70
-1.78
-1.53
0.25
-0.56
0.45
0.33
0.00
0.00
0.00
0.00
0.00
0.00
0.00
0.00
0.00
0.00
0.00
0.00
0.00
0.00
0.00
-1.94
0.00
-3.87
0.00
1.15
0.00
-0.87
-1.76
6.91
-0.76
2.10
-2.43
-1.61
-1.32
-0.69
2.31
1.58
0.09
-1.01
-2.04
0.12
-0.13
-1.45
-0.41
-1.66
-1.17
0.96
-6.91
6.91
-1.02
-2.28
0.39
0.72
0.13
2.22
0.13
-2.07
2.33
0.11
-0.87
-0.37
-6.91
0.44
-0.96
1.97
1.20
-1.66
0.33
-5.35
-1.32
0.14
-0.79
0.39
1.37
-0.34
-0.34
-2.51
-1.34
-0.30
0.09
1.31
-2.36
0.08
0.34
1.83
-0.02
-0.43
-1.18
1.11
0.51
-0.37
-0.66
-1.15
2.95
-1.36
-1.03
-1.43
1.01
-0.44
-1.50
2.73
-1.07
0.92
0.88
1.14
-1.05
-6.91
-2.62
-6.91
-1.25
0.00
0.00
0.00
0.00
0.00
0.00
0.00
0.00
0.00
0.00
0.00
0.00
0.00
0.00
0.00
1.08
0.66
-0.28
2.75
0.68
0.91
1.35
0.01
0.47
-0.71
-1.13
-0.34
0.48
-0.39
-0.13
2.96
6.91
-0.05
-1.26
-2.04
-0.29
-0.24
-2.02
0.84
-4.21
-0.24
-0.26
-1.60
0.00
-1.01
-1.57
0.83
-0.90
-0.78
0.66
0.20
-2.70
1.30
-0.72
-1.09
-0.33
-2.33
-0.09
-0.10
0.76
0.00
-2.22
-0.33
-6.91
-0.46
0.28
-0.18
0.92
6.91
-0.89
0.74
-2.13
-1.22
-0.37
-1.64
0.76
-1.49
-0.38
-1.22
6.91
0.01
-0.51
-2.01
0.16
2.40
-0.69
0.18
-0.88
6.91
-0.50
0.03
-0.91
0.73
0.36
-0.15
1.83
-3.43
-0.19
0.64
0.91
-0.99
-3.01
-6.91
-2.39
-3.94
0.00
0.00
0.00
0.00
0.00
0.00
0.00
0.00
0.00
0.00
0.00
0.00
0.00
0.00
0.00
0.29
1.45
-0.62
1.87
0.03
4.99
1.63
-1.68
0.34
0.40
0.38
-0.07
0.06
-0.34
0.57
0.54
1.48
1.04
0.03
-1.01
-0.60
-1.46
-1.25
-0.25
-0.76
-0.36
0.16
-1.36
6.08
0.63
-2.25
0.17
-0.13
1.03
0.26
0.00
-0.64
0.88
-1.59
-1.27
0.06
-1.01
-0.41
-0.62
1.40
6.91
-1.45
1.38
-0.53
-1.17
0.41
0.46
1.16
1.57
-2.88
-0.82
-1.74
-0.28
0.29
-0.26
3.65
-1.56
0.90
0.75
0.95
-0.26
-0.62
-0.35
1.65
1.43
0.90
-0.09
-1.27
0.92
0.52
-1.53
-0.12
0.91
0.37
-0.68
3.39
-1.34
2.55
0.33
1.32
0.38
-6.91
-0.49
-6.91
-1.88
0.00
0.00
0.00
0.00
0.00
0.00
0.00
0.00
0.00
0.00
0.00
0.00
0.00
0.00
0.00
0.27
0.41
-1.36
0.28
-0.97
0.77
1.05
-0.35
-0.10
-0.31
-1.61
1.84
0.23
0.20
-1.81
0.00
0.00
-0.61
-1.38
-0.65
0.00
3.41
-0.45
0.00
0.04
-1.74
-3.33
0.84
0.00
-1.01
0.41
0.00
-1.14
-6.91
0.00
0.00
-0.46
0.00
6.91
-1.26
-1.55
0.58
0.00
-1.92
0.00
0.00
-0.19
-6.91
-0.83
1.72
-6.91
-1.23
0.00
0.00
6.91
0.00
-1.16
-2.55
0.00
-1.12
-2.00
0.81
-1.17
-2.53
0.00
-1.74
-0.09
0.45
-6.91
0.00
-1.78
0.00
-0.15
0.00
-1.74
1.39
-1.42
0.00
0.00
-1.57
0.00
0.30
-6.38
-2.35
-0.75
-1.79
-0.18
-0.34
0.40
0.81
-1.62
0.00
1.00
-1.57
-3.09
0.00
0.00
6.91
-2.86
0.00
-1.49
-0.68
-0.31
0.65
0.67
0.00
0.00
0.00
0.00
0.00
0.00
0.00
0.00
0.00
0.00
0.00
0.00
0.00
0.00
0.00
-6.91
-1.61
0.00
3.29
0.00
-0.76
0.15
1.12
-2.88
1.06
0.00
0.00
1.47
-0.49
0.00
0.93
-6.91
0.00
0.00
-6.91
-0.21
6.91
-2.28
-0.86
6.91
0.00
2.43
-1.48
0.00
-0.97
-1.27
0.50
0.00
1.68
1.01
0.00
0.00
-2.53
-1.86
-0.13
-1.00
1.31
0.00
-2.11
0.00
0.00
0.81
0.00
0.00
-1.96
0.00
0.00
0.64
0.00
-6.91
0.00
-0.25
0.00
-3.13
0.00
0.07
2.85
-1.48
-2.24
0.00
-1.57
0.53
0.00
0.00
0.00
0.00
1.31
1.81
0.66
1.61
0.00
-6.91
-0.41
0.00
0.00
-1.84
-4.60
-0.49
0.00
-1.85
1.89
0.00
0.60
2.15
0.67
0.00
0.00
0.00
0.00
0.00
0.00
0.00
0.00
0.00
0.00
0.00
0.00
0.00
0.00
-1.19
0.00
0.00
-1.32
-6.91
-6.91
1.66
1.28
-2.43
2.17
-1.37
-2.44
-0.33
-0.26
0.00
-1.32
-0.66
0.00
-1.06
-0.85
0.00
0.15
-6.91
0.00
0.48
-2.41
-1.74
-1.96
2.06
-6.91
0.00
0.00
-0.31
-0.13
-0.80
-1.56
-1.52
-1.66
0.00
0.00
0.14
1.54
-1.19
-0.97
1.89
-1.89
-0.31
-1.12
-1.12
-6.91
0.00
-2.50
-1.07
-0.30
-1.07
0.00
-1.03
0.79
-3.49
0.00
-1.03
1.14
-1.59
0.00
1.17
-1.08
0.00
-1.23
-0.45
-0.16
-0.29
-1.31
-1.33
-1.42
-0.55
-0.99
-0.15
0.00
0.23
-3.29
-1.37
0.00
0.00
1.46
-1.91
2.93
-4.54
-0.56
-1.66
-1.79
-1.40
0.00
0.00
0.00
0.00
0.00
0.00
0.00
0.00
0.00
0.00
0.00
0.00
0.00
0.00
0.00
-1.09
-3.84
0.00
0.00
0.00
-0.17
0.83
0.00
-0.59
6.91
0.00
0.00
2.12
-0.91
0.00
6.91
-2.16
0.00
0.00
-1.43
-0.54
0.00
-6.91
-0.59
0.00
0.00
4.18
-0.44
0.00
-1.92
-1.37
0.68
0.00
2.64
1.41
0.00
0.00
-4.39
-2.23
-0.23
-0.26
0.00
0.00
-1.42
0.00
0.00
0.81
0.00
0.00
-1.85
0.00
0.00
6.91
0.00
-3.50
0.00
-0.13
0.00
-6.91
0.00
-0.06
0.00
-3.06
-1.44
0.00
-1.89
1.80
0.00
0.00
0.00
0.00
0.84
1.38
2.50
2.25
0.00
-2.62
0.96
0.00
0.00
-6.91
-1.85
-0.46
0.00
-0.07
0.00
0.00
0.80
6.91
0.43
0.00
0.00
0.00
0.00
0.00
0.00
0.00
0.00
0.00
0.00
0.00
0.00
0.00
0.00
0.00
-0.77
-0.92
1.24
0.54
0.64
-6.91
-1.33
1.39
-6.91
-0.27
2.32
0.00
0.80
-0.27
4.09
-0.65
0.10
0.00
5.23
-0.92
-6.91
0.25
0.16
-2.41
0.79
0.51
0.18
-6.91
0.73
-1.57
0.21
-0.79
0.00
-0.14
-0.94
0.00
6.91
-1.80
0.17
-6.91
-6.91
1.73
1.28
-5.54
6.91
0.00
0.39
0.00
1.82
0.12
2.32
0.61
0.88
0.00
-2.04
6.91
-2.70
1.74
0.04
0.51
-1.63
2.27
-1.11
-2.29
1.08
-0.29
0.70
0.00
0.00
0.00
0.96
-0.12
-0.34
-0.40
-0.30
0.00
-0.70
-2.04
2.90
1.78
0.24
-0.60
-1.38
0.69
-1.72
0.63
6.91
-0.80
-0.10
-0.62
0.00
0.00
0.00
0.00
0.00
0.00
0.00
0.00
0.00
0.00
0.00
0.00
0.00
0.00
0.00
-1.71
-6.91
0.00
0.00
0.00
-0.79
0.98
0.00
0.09
6.91
0.00
0.00
6.91
-6.91
0.00
0.99
-4.87
0.00
0.00
-0.89
-0.92
0.00
-1.43
0.27
0.00
0.00
1.29
-0.65
0.00
-1.03
-1.16
4.60
0.00
2.47
0.92
0.00
0.00
-2.28
-3.05
0.73
0.33
0.00
0.00
-0.47
0.00
0.00
2.08
0.00
0.00
-1.47
0.00
0.00
6.91
0.00
-2.45
0.00
0.53
0.00
-1.84
0.00
0.24
0.00
-1.20
-0.46
0.00
-1.35
2.95
0.00
0.00
0.00
0.00
1.21
0.00
1.00
2.56
0.00
-6.91
0.90
0.00
0.00
-0.91
-1.88
-0.58
0.00
-0.71
0.00
0.00
6.91
4.97
2.58
0.00
0.00
0.00
0.00
0.00
0.00
0.00
0.00
0.00
0.00
0.00
0.00
0.00
0.00
-1.47
0.00
0.00
-0.77
0.79
0.46
0.00
0.00
0.71
0.00
-0.01
-0.84
-0.06
0.44
0.00
0.14
2.19
0.00
-0.61
-0.22
0.00
0.00
-0.03
0.00
0.00
-0.49
-0.69
0.06
0.00
-0.36
0.00
0.00
1.19
-0.71
0.32
1.34
-1.51
-0.69
0.00
0.00
0.00
0.00
0.53
0.17
0.00
-0.22
-1.49
1.58
-1.40
-0.03
0.00
0.33
0.75
0.16
-2.29
0.00
-0.53
0.00
-0.66
0.00
-0.91
0.00
-0.23
0.00
0.00
-0.99
0.00
1.33
-2.51
-0.21
-2.25
-0.72
1.50
-0.32
0.59
0.18
-0.47
0.00
0.00
0.03
-2.02
0.00
0.00
0.00
-0.35
0.00
-0.66
0.12
1.55
0.65
1.64
0.00
0.00
0.00
0.00
0.00
0.00
0.00
0.00
0.00
0.00
0.00
0.00
0.00
0.00
-1.76
0.00
0.00
-6.91
-6.91
-6.91
2.11
0.16
-3.31
1.30
-1.49
-6.91
-2.75
0.10
0.00
-2.49
-1.00
0.00
-1.26
-6.91
0.00
1.05
-0.94
0.00
1.60
-1.81
-1.46
0.01
0.95
-1.33
0.00
0.00
-0.68
-0.83
-0.67
-0.01
-1.82
-1.83
0.00
0.00
1.70
2.76
-0.68
-6.91
1.23
-6.91
-1.14
-0.10
-0.86
-6.91
0.00
-1.55
-2.19
-1.99
-0.91
0.00
-1.14
1.52
-1.57
0.00
-6.91
1.56
-1.21
0.00
2.68
-3.47
0.00
0.20
-0.75
-1.57
-1.93
-1.62
0.04
-1.84
-0.44
-1.42
-0.49
0.00
0.57
-4.34
-1.28
0.00
0.00
1.42
-6.91
1.31
-1.21
-1.87
-1.26
-0.11
0.19
0.00
0.00
0.00
0.00
0.00
0.00
0.00
0.00
0.00
0.00
0.00
0.00
0.00
0.00
2.82
0.21
-0.13
1.33
1.17
0.70
-6.91
-2.49
0.22
-3.22
-0.47
1.89
3.11
-0.40
1.10
4.82
-0.20
-0.18
6.91
1.07
-1.17
-3.59
1.05
0.43
-2.18
-0.18
1.61
-1.19
-1.28
1.09
-0.85
0.11
0.13
0.00
0.81
-0.11
6.91
1.07
-1.26
-0.43
-1.39
-6.91
0.81
1.86
-1.97
1.52
0.00
-1.01
6.91
6.91
-0.05
2.16
0.58
-0.72
1.55
-0.83
1.06
-6.91
0.69
-0.19
1.01
-1.14
0.47
-0.59
-1.25
0.30
-0.16
-0.03
0.00
6.91
0.00
1.53
-0.29
0.34
-1.04
-0.03
6.91
-0.36
-1.16
2.04
1.36
0.44
-0.51
-6.91
0.69
-2.11
0.58
6.91
-0.25
0.58
-0.16
0.00
0.00
0.00
0.00
0.00
0.00
0.00
0.00
0.00
0.00
0.00
0.00
0.00
0.00
-2.13
0.00
0.00
-2.49
-1.05
-1.87
1.13
2.68
-0.77
0.00
-1.25
-1.59
-1.63
0.42
0.00
-6.91
-0.22
0.00
-1.41
-2.48
0.00
6.91
-0.36
0.00
1.24
-1.47
-1.53
-0.41
2.21
-0.83
0.00
0.00
-0.18
-0.50
0.22
0.79
-1.48
-2.15
0.00
0.00
2.65
6.91
-1.17
-0.72
6.91
-2.71
-1.02
-0.77
-1.73
-1.22
0.00
-1.34
-0.10
-0.38
-1.01
0.00
-2.04
1.85
-0.30
0.00
-2.53
1.68
-1.74
0.00
6.91
-0.83
0.00
-0.71
-2.68
-6.91
-1.64
-0.72
-0.54
-0.75
-0.05
-0.84
-1.77
0.00
1.03
-1.80
-6.91
0.00
0.00
1.54
-6.91
6.91
-0.75
-1.15
0.23
-0.69
0.05
0.00
0.00
0.00
0.00
0.00
0.00
0.00
0.00
0.00
0.00
0.00
0.00
0.00
0.00
1.66
-0.62
0.81
0.96
-0.27
0.97
-2.46
-1.77
-0.40
-0.45
-0.74
0.17
2.09
-0.79
0.22
0.48
-1.29
-0.17
3.94
1.96
-0.99
-0.91
-0.05
1.00
-1.44
0.67
0.62
-0.04
-1.74
0.42
-0.17
0.76
-0.84
1.57
0.32
-1.21
0.88
0.85
-0.13
-0.24
-6.91
-1.22
-0.50
0.60
-3.43
0.26
0.00
-1.00
2.56
0.59
-0.40
1.65
0.43
-0.32
1.48
0.31
1.60
-0.84
-0.16
-0.36
0.46
-1.53
-0.15
0.57
-4.01
0.49
-0.27
0.20
0.00
1.33
0.00
0.51
-1.42
0.32
-1.83
-0.33
1.31
0.31
-1.73
0.73
1.93
0.41
0.04
-6.91
0.95
-1.31
0.56
1.26
-0.20
-0.41
-0.34
0.00
0.00
0.00
0.00
0.00
0.00
0.00
0.00
0.00
0.00
0.00
0.00
0.00
0.00
-6.91
0.00
0.00
-6.91
-0.82
-1.48
0.00
4.31
0.26
0.00
0.66
-1.04
-6.91
0.23
0.00
-2.22
1.32
0.00
-2.04
-6.91
0.00
0.00
-1.84
0.00
1.01
-0.09
-1.38
0.96
0.00
-0.78
0.00
0.00
0.46
-0.90
-0.46
1.04
-2.05
-1.86
0.00
0.00
1.80
0.00
-0.63
-1.56
0.00
-1.07
-1.05
-0.49
-6.91
-2.43
0.00
-1.82
-0.15
-0.08
-6.91
0.00
-1.11
0.00
-0.48
0.00
-1.29
6.91
-0.36
0.00
0.00
-1.53
0.00
0.46
-1.45
-6.91
-6.91
-1.49
0.12
-0.27
0.48
-0.63
-1.44
0.00
6.91
-0.40
-6.91
0.00
0.00
2.76
-0.79
0.00
-0.65
-6.91
-0.17
-0.35
0.13
0.00
0.00
0.00
0.00
0.00
0.00
0.00
0.00
0.00
0.00
0.00
0.00
0.00
0.00
-1.80
0.00
0.00
-2.76
-2.93
-0.62
4.73
1.25
-2.35
1.92
0.13
-3.65
-6.91
-0.25
0.00
-3.21
-0.53
0.00
-0.59
-2.49
0.00
6.91
-0.62
0.00
1.41
-1.33
-2.38
-0.90
1.94
-2.06
0.00
0.00
-0.37
-0.45
0.19
0.65
-2.14
-2.43
0.00
0.00
3.65
1.58
-0.58
-0.90
1.49
-2.26
-0.90
-0.10
-2.91
-6.91
0.00
-6.91
-1.22
-0.88
-1.56
0.00
-1.79
1.87
-3.69
0.00
-0.86
1.30
-0.56
0.00
6.91
-6.91
0.00
-0.50
-0.25
-6.91
-0.23
-6.91
-0.67
-0.56
0.28
-0.41
-0.44
0.00
0.87
-2.92
-2.27
0.00
0.00
6.91
-4.46
2.89
-1.83
-1.75
0.58
0.54
0.88
0.00
0.00
0.00
0.00
0.00
0.00
0.00
0.00
0.00
0.00
0.00
0.00
0.00
0.00
-0.57
6.91
0.00
-0.76
-1.44
-0.80
0.24
0.06
-1.26
0.67
-2.94
-2.10
-1.24
-1.79
0.00
-1.86
-0.56
3.65
-0.17
-0.78
6.91
1.19
-1.55
0.00
0.05
-2.32
-0.74
-0.44
1.37
-0.97
1.95
0.00
-2.04
-0.75
-1.31
-0.25
-0.69
-1.57
6.91
0.00
1.06
0.53
-1.90
-3.29
0.93
-1.96
-0.68
-1.65
-1.07
-2.48
0.00
-1.08
-1.91
-0.94
-0.07
6.91
-0.35
1.50
-2.61
0.00
-2.29
0.21
-4.00
6.91
1.41
-3.91
0.00
-2.14
0.45
-1.25
-0.32
-0.61
-1.48
-1.13
-0.36
-2.15
-1.33
6.91
-0.07
-2.13
-0.43
0.00
0.00
0.84
-1.45
1.96
-6.91
-1.33
-2.25
-0.11
-1.25
0.00
0.00
0.00
0.00
0.00
0.00
0.00
0.00
0.00
0.00
0.00
0.00
0.00
0.00
