0.00
0.00
0.00
0.00
0.00
0.00
0.00
0.00
0.00
0.00
0.00
0.00
0.00
0.00
0.00
0.00
0.00
0.00
-6.91
-1.36
0.00
1.73
-2.16
0.00
0.81
-0.52
-1.66
-0.40
0.00
-2.14
0.00
0.00
-0.25
-0.70
0.11
1.38
-6.91
-1.87
0.00
0.00
1.39
6.91
-0.39
-0.44
0.00
-1.14
-6.91
0.50
-1.42
-6.91
0.00
-0.49
-0.03
-0.45
-6.91
0.00
-0.95
1.79
-1.70
0.00
-0.55
1.44
-0.66
0.00
0.00
-1.42
0.00
-0.76
-0.43
-1.24
-2.37
-1.03
0.51
-0.60
-0.23
0.34
-2.70
0.00
3.03
-0.82
-3.45
0.00
0.00
1.63
-0.63
0.00
-1.11
-1.48
0.69
0.54
1.05
0.00
0.00
0.00
0.00
0.00
0.00
0.00
0.00
0.00
0.00
0.00
0.00
0.00
0.00
0.00
0.00
0.00
0.00
0.00
0.00
0.00
0.00
0.00
0.00
0.00
0.00
0.00
0.00
0.00
0.00
0.00
0.00
0.00
0.00
0.00
0.00
0.00
0.00
0.00
0.00
0.00
0.00
0.00
0.00
-1.82
-1.70
2.48
-1.00
-0.44
2.73
0.00
3.22
-2.04
0.00
-1.96
-0.55
1.99
0.00
1.80
0.33
0.00
0.00
-6.91
-6.13
-0.29
-0.05
1.36
0.00
-0.78
0.00
0.00
2.15
0.00
0.00
-6.91
0.00
0.00
6.91
0.00
-2.14
0.00
-0.84
0.00
-2.01
0.00
-1.10
3.89
-1.19
-1.68
0.00
-1.06
2.66
0.00
0.00
0.00
0.00
1.22
2.68
-0.04
2.97
0.00
-6.91
-0.49
0.00
0.00
-0.94
-0.83
-1.62
0.00
-0.37
6.91
0.00
1.76
1.24
0.51
0.00
0.00
0.00
0.00
0.00
0.00
0.00
0.00
0.00
0.00
0.00
0.00
0.00
0.00
0.00
0.00
0.00
0.00
0.00
0.00
0.00
0.00
0.00
0.00
0.00
0.00
0.00
0.00
0.00
0.00
0.00
0.00
0.00
0.00
0.00
0.00
0.00
0.00
0.00
0.00
0.00
0.00
0.00
0.00
-2.30
-0.91
0.00
-2.24
0.73
0.00
0.00
1.43
0.04
0.00
-1.95
-0.61
6.91
0.00
0.00
6.91
0.00
0.00
-2.43
-1.76
0.98
0.36
0.00
0.00
-0.00
0.00
0.00
6.91
0.00
0.00
-1.54
0.00
0.00
0.00
0.00
-2.17
0.00
-0.46
0.00
-1.71
0.00
0.15
0.00
-3.32
-0.43
0.00
-2.08
6.91
0.00
0.00
0.00
0.00
1.24
0.00
0.92
6.91
0.00
-0.83
-0.15
0.00
0.00
-3.28
-1.41
0.60
0.00
0.39
0.00
0.00
2.18
2.27
0.51
0.00
0.00
0.00
0.00
0.00
0.00
0.00
0.00
0.00
0.00
0.00
0.00
0.00
0.00
0.00
0.00
0.00
0.00
0.00
0.00
0.00
0.00
0.00
0.00
0.00
0.00
0.00
0.00
0.00
0.00
0.00
0.00
0.00
0.00
0.00
0.00
0.00
0.00
0.00
0.00
0.00
0.00
-3.61
-2.46
0.00
1.21
-0.50
0.00
0.98
-1.38
-0.90
-0.22
6.91
-1.32
0.00
0.00
0.15
-0.68
-0.06
-0.18
-0.81
-6.03
0.00
0.00
2.15
1.83
-0.57
-1.79
2.60
-1.01
-0.30
-1.02
-1.10
-1.52
0.00
-2.58
-2.11
-1.39
-2.77
0.00
-1.42
0.79
-1.60
0.00
-6.91
1.05
-0.12
0.00
1.02
-1.04
0.00
-0.78
-0.65
-0.69
-0.30
-1.96
0.06
-0.95
-0.64
-0.01
-0.80
0.00
1.34
-2.33
-6.91
0.00
0.00
3.69
-2.09
6.26
-0.52
-0.87
-0.83
0.10
-0.43
0.00
0.00
0.00
0.00
0.00
0.00
0.00
0.00
0.00
0.00
0.00
0.00
0.00
0.00
0.00
0.00
0.00
0.00
0.00
0.00
0.00
0.00
0.00
0.00
0.00
0.00
0.00
0.00
0.00
0.00
0.00
0.00
0.00
0.00
0.00
0.00
0.00
0.00
0.00
0.00
0.00
0.00
-1.67
-1.93
6.91
1.60
-6.91
0.00
1.22
-2.05
-1.68
-0.44
0.31
-1.08
0.00
0.00
-1.69
-0.96
-1.89
-0.10
-1.45
-0.71
1.48
0.00
1.15
0.53
-3.28
-1.90
2.06
-1.36
-0.60
-2.72
-1.78
-2.49
0.00
-0.88
-3.81
-0.97
-0.36
2.07
-1.81
1.18
-1.72
0.00
-0.95
0.39
-6.91
0.00
1.54
-2.64
0.00
-0.50
0.20
-1.17
-0.21
-3.21
-1.96
-0.96
0.04
-1.66
-1.51
1.73
1.22
-1.52
-0.52
0.00
0.00
1.10
-1.45
2.18
-1.93
-2.82
-0.45
-2.04
0.12
0.00
0.00
0.00
0.00
0.00
0.00
0.00
0.00
0.00
0.00
0.00
0.00
0.00
0.00
0.00
0.00
0.00
0.00
0.00
0.00
0.00
0.00
0.00
0.00
0.00
0.00
0.00
0.00
0.00
0.00
0.00
0.00
0.00
0.00
0.00
0.00
0.00
0.00
0.00
0.00
0.00
0.00
-0.42
-1.75
0.00
0.30
-1.37
0.00
-0.06
-0.53
-6.91
-0.98
0.85
-2.07
0.00
0.00
-0.36
-1.24
-0.86
-0.75
-2.90
-6.91
0.00
0.00
0.62
1.77
-2.92
-1.30
0.66
-3.34
0.30
-0.92
-0.98
-1.32
0.00
-1.88
-0.45
-0.69
-1.15
0.00
-1.07
1.67
-2.04
0.00
-1.33
1.21
-0.67
0.00
0.84
-2.76
0.00
-0.48
-0.96
-0.37
-1.17
-1.42
-0.87
-0.86
0.01
-0.59
-0.77
0.00
0.45
-1.17
-1.33
0.00
0.00
1.33
-6.91
0.61
-3.07
-4.08
-0.67
-0.51
-1.07
0.00
0.00
0.00
0.00
0.00
0.00
0.00
0.00
0.00
0.00
0.00
0.00
0.00
0.00
0.00
0.00
0.00
0.00
0.00
0.00
0.00
0.00
0.00
0.00
0.00
0.00
0.00
0.00
0.00
0.00
0.00
0.00
0.00
0.00
0.00
0.00
0.00
0.00
0.00
0.00
0.00
0.00
1.79
0.92
-0.28
-3.24
1.19
-0.08
-4.43
0.35
0.95
0.17
-1.52
1.73
-1.05
0.60
0.60
0.00
0.85
0.13
6.91
3.05
-1.67
0.27
-1.67
-1.34
1.72
0.62
-6.91
3.22
0.00
-0.58
0.00
2.18
0.40
0.73
2.10
0.81
0.00
-1.56
1.42
-1.40
0.67
-0.18
0.53
-2.58
0.44
-0.53
-1.07
1.70
0.13
-0.11
0.00
0.00
0.00
1.95
-0.91
0.85
0.25
0.03
0.00
-0.17
-3.10
1.64
6.91
-0.56
-0.69
-6.91
1.34
-2.74
-0.00
1.68
-0.89
0.68
-1.23
0.00
0.00
0.00
0.00
0.00
0.00
0.00
0.00
0.00
0.00
0.00
0.00
0.00
0.00
0.00
0.00
0.00
0.00
0.00
0.00
0.00
0.00
0.00
0.00
0.00
0.00
0.00
0.00
0.00
0.00
0.00
0.00
0.00
0.00
0.00
0.00
0.00
0.00
0.00
0.00
0.00
0.00
1.41
2.64
-1.14
-6.91
0.99
0.73
-1.39
0.45
0.28
-0.74
-0.81
0.31
0.08
0.51
-0.30
0.00
-0.22
-0.91
1.83
0.70
-1.14
-0.33
-6.91
-1.78
0.71
0.18
-6.91
1.18
0.00
-0.04
6.91
0.85
-0.08
0.78
0.76
-0.45
1.29
0.14
6.91
-6.91
0.94
-0.71
0.38
-3.00
1.29
-0.64
-1.34
0.80
-0.63
-0.56
0.00
2.44
0.00
1.83
-0.79
-0.99
-0.86
-1.02
1.32
-1.33
-1.98
1.20
2.28
0.80
0.66
-3.58
0.61
-2.64
-0.08
1.03
-1.13
0.51
-0.31
0.00
0.00
0.00
0.00
0.00
0.00
0.00
0.00
0.00
0.00
0.00
0.00
0.00
0.00
0.00
0.00
0.00
0.00
0.00
0.00
0.00
0.00
0.00
0.00
0.00
0.00
0.00
0.00
0.00
0.00
0.00
0.00
0.00
0.00
0.00
0.00
0.00
0.00
0.00
0.00
0.00
0.00
-0.09
-2.09
6.91
1.13
-1.22
0.00
0.21
-1.22
-2.15
-0.79
0.64
-2.53
2.43
0.00
-0.49
0.44
-1.08
-1.83
-0.06
-2.40
2.62
0.00
-0.37
0.63
-6.91
-1.69
1.25
-3.74
-0.30
-1.99
-0.11
-0.63
0.00
-0.87
-2.17
-0.75
-0.93
3.23
-1.53
0.19
-6.91
0.00
-1.21
0.84
-6.91
6.91
0.93
-1.51
0.00
-0.75
-0.66
-1.36
-0.22
-1.60
-1.48
-0.97
-0.52
-2.23
0.26
2.52
-0.54
-6.91
0.01
0.00
0.00
0.95
-1.14
1.80
-3.11
-0.26
-0.49
-0.49
-0.88
0.00
0.00
0.00
0.00
0.00
0.00
0.00
0.00
0.00
0.00
0.00
0.00
0.00
0.00
0.00
0.00
0.00
0.00
0.00
0.00
0.00
0.00
0.00
0.00
0.00
0.00
0.00
0.00
0.00
0.00
0.00
0.00
0.00
0.00
0.00
0.00
0.00
0.00
0.00
0.00
0.00
0.00
0.00
3.67
-0.76
-3.73
3.08
0.13
-4.74
1.46
3.31
0.70
-6.91
2.60
-0.99
0.29
0.59
0.00
0.32
-0.65
0.00
3.32
-0.19
-0.51
-1.20
-6.91
0.51
1.99
-2.77
1.52
0.00
-0.49
0.00
6.91
-0.67
1.57
0.81
0.95
0.00
-1.17
6.91
-6.91
0.94
-1.48
0.94
-0.83
0.93
-0.19
-6.91
3.00
-1.14
-0.23
0.00
0.00
0.00
5.85
-0.17
-0.24
-0.20
0.37
0.00
-1.84
-2.05
0.54
0.00
-0.55
-0.79
-6.91
1.78
-1.73
3.52
2.06
-0.47
0.25
-0.75
0.00
0.00
0.00
0.00
0.00
0.00
0.00
0.00
0.00
0.00
0.00
0.00
0.00
0.00
0.00
0.00
0.00
0.00
0.00
0.00
0.00
0.00
0.00
0.00
0.00
0.00
0.00
0.00
0.00
0.00
0.00
0.00
0.00
0.00
0.00
0.00
0.00
0.00
0.00
0.00
0.00
0.00
-0.81
-0.27
6.91
0.57
-1.44
5.11
0.05
-2.66
-2.48
-1.31
0.94
-1.13
6.91
0.00
-6.91
-0.38
-2.60
-0.61
-0.11
-1.40
1.17
6.91
-1.12
0.61
-0.50
-1.24
0.13
-0.15
1.27
-1.59
0.16
-0.64
2.02
-1.18
-0.43
-3.54
0.02
6.91
-0.15
0.75
-1.34
6.91
-1.86
-0.82
-1.31
1.03
0.61
-0.05
6.91
-6.91
0.81
-0.64
0.70
-0.94
-1.16
-1.81
-0.57
-6.91
-0.39
0.93
-1.38
-1.27
-0.74
3.25
6.91
-0.29
-0.48
-0.05
-2.49
-0.62
-1.09
-2.00
-2.95
0.00
0.00
0.00
0.00
0.00
0.00
0.00
0.00
0.00
0.00
0.00
0.00
0.00
0.00
0.00
0.00
0.00
0.00
0.00
0.00
0.00
0.00
0.00
0.00
0.00
0.00
0.00
0.00
0.00
0.00
0.00
0.00
0.00
0.00
0.00
0.00
0.00
0.00
0.00
0.00
0.00
0.00
-2.36
-6.91
0.00
1.08
-1.88
0.00
1.64
-1.56
-1.18
-1.38
6.91
-2.29
0.00
0.00
-0.19
-0.51
-0.27
0.20
-0.61
-6.91
0.00
0.00
1.77
2.73
-2.04
-1.78
1.20
-4.15
-0.05
-0.07
-0.83
-1.39
0.00
-2.34
-1.22
-1.03
-2.01
0.00
-1.27
1.21
-6.91
0.00
-0.96
2.22
-1.41
0.00
3.26
-1.86
0.00
-0.16
-0.77
-0.53
-0.76
-6.91
-0.41
-0.20
-1.04
-0.75
-0.80
0.00
1.50
-1.42
-1.29
0.00
0.00
2.97
-5.22
1.08
-3.64
-3.57
0.14
-0.76
0.66
0.00
0.00
0.00
0.00
0.00
0.00
0.00
0.00
0.00
0.00
0.00
0.00
0.00
0.00
0.00
0.00
0.00
0.00
0.00
0.00
0.00
0.00
0.00
0.00
0.00
0.00
0.00
0.00
0.00
0.00
0.00
0.00
0.00
0.00
0.00
0.00
0.00
0.00
0.00
0.00
0.00
0.00
-6.91
-1.43
0.00
1.88
-0.50
0.00
1.52
-1.73
-0.77
0.52
0.00
-1.94
0.00
0.00
0.99
-1.89
0.13
-0.35
-0.70
-0.55
0.00
0.00
1.55
6.91
-1.13
-1.02
0.00
-1.00
-1.35
0.91
-1.84
-1.52
0.00
-3.75
-0.56
-0.02
-3.56
0.00
-6.91
2.34
-1.12
0.00
-1.08
2.44
-1.19
0.00
0.00
-0.64
0.00
-0.47
-1.67
-2.62
-2.91
-0.90
-0.29
-0.38
0.93
-0.33
-1.42
0.00
2.55
-0.30
-2.87
0.00
0.00
1.83
-0.60
0.00
-1.20
-1.96
0.21
0.51
0.37
0.00
0.00
0.00
0.00
0.00
0.00
0.00
0.00
0.00
0.00
0.00
0.00
0.00
0.00
0.00
0.00
0.00
0.00
0.00
0.00
0.00
0.00
0.00
0.00
0.00
0.00
0.00
0.00
0.00
0.00
0.00
0.00
0.00
0.00
0.00
0.00
0.00
0.00
0.00
0.00
0.00
0.00
-0.10
-0.61
2.67
0.17
-1.38
2.21
-1.29
-2.17
-0.60
-1.16
0.10
-0.36
0.88
5.01
-3.14
0.81
-6.91
-2.73
-0.59
-0.01
0.79
6.91
-0.14
-0.16
-3.16
-1.68
-0.32
-1.28
1.67
-2.87
0.57
-1.34
1.61
-0.42
-0.99
-1.96
-0.34
0.95
-0.45
0.41
-0.66
3.15
-0.54
0.12
-3.03
1.72
-0.03
-1.69
2.65
-1.77
-0.05
-0.48
0.21
-1.06
-2.97
-6.91
-6.91
-2.72
0.67
1.86
-0.59
-2.66
0.28
0.87
6.91
-1.02
-0.18
0.20
-0.33
-0.11
-6.91
-1.76
-3.16
0.00
0.00
0.00
0.00
0.00
0.00
0.00
0.00
0.00
0.00
0.00
0.00
0.00
0.00
0.00
0.00
0.00
0.00
0.00
0.00
0.00
0.00
0.00
0.00
0.00
0.00
0.00
0.00
0.00
0.00
0.00
0.00
0.00
0.00
0.00
0.00
0.00
0.00
0.00
0.00
0.00
0.00
0.00
0.00
-1.33
-0.33
0.00
-1.75
0.38
0.00
0.00
1.37
0.36
0.00
-2.58
-5.74
6.91
0.00
0.00
4.33
0.00
0.00
-2.18
-0.94
0.58
-0.64
0.00
0.00
-0.05
0.00
0.00
1.16
0.00
0.00
-1.22
0.00
0.00
0.00
0.00
-1.74
0.00
0.61
0.00
-1.22
0.00
0.29
0.00
-1.20
-0.48
0.00
-1.05
2.92
0.00
0.00
0.00
0.00
1.83
0.00
2.20
6.91
0.00
-1.42
1.45
0.00
0.00
-0.82
-1.13
0.00
0.00
-0.25
0.00
0.00
6.91
0.00
1.73
0.00
0.00
0.00
0.00
0.00
0.00
0.00
0.00
0.00
0.00
0.00
0.00
0.00
0.00
0.00
0.00
0.00
0.00
0.00
0.00
0.00
0.00
0.00
0.00
0.00
0.00
0.00
0.00
0.00
0.00
0.00
0.00
0.00
0.00
0.00
0.00
0.00
0.00
0.00
0.00
0.00
0.00
-6.91
-6.91
0.00
2.09
-1.76
0.00
1.41
-1.23
-6.91
-1.24
6.91
-2.06
0.00
0.00
-0.91
-1.86
-0.97
-0.03
-0.79
-1.93
0.00
0.00
1.03
1.63
-0.99
-1.08
1.37
-1.31
-0.47
-0.99
-0.65
-3.04
0.00
-4.17
-3.55
-1.16
-0.59
0.00
-1.45
0.81
-1.17
0.00
-6.91
0.31
-2.33
0.00
6.91
-2.91
0.00
-1.52
-0.44
-6.91
-0.07
-1.19
0.23
-0.16
-0.18
-1.22
-1.18
0.00
1.89
-3.47
-0.94
0.00
0.00
1.54
-1.29
6.91
-0.63
-3.24
-1.17
-1.61
0.61
0.00
0.00
0.00
0.00
0.00
0.00
0.00
0.00
0.00
0.00
0.00
0.00
0.00
0.00
0.00
0.00
0.00
0.00
0.00
0.00
0.00
0.00
0.00
0.00
0.00
0.00
0.00
0.00
0.00
0.00
0.00
0.00
0.00
0.00
0.00
0.00
0.00
0.00
0.00
0.00
0.00
0.00
1.14
-0.93
1.84
-0.41
-0.25
1.63
-0.35
-0.23
-0.06
-3.91
-0.44
-0.28
1.91
1.77
-6.91
0.47
-6.91
-6.91
0.96
0.02
0.24
1.69
-0.34
-0.45
-1.28
-1.18
-0.80
-0.76
0.86
-1.40
0.74
-0.89
3.46
-0.30
-0.90
-3.17
0.39
2.23
0.60
-1.02
-1.65
6.91
-0.45
-0.11
-0.88
1.20
0.13
-0.41
1.05
-0.80
0.40
0.30
1.71
-0.17
-6.91
-1.67
-2.78
-2.42
0.72
0.86
-1.12
-1.10
0.55
2.94
6.91
-0.26
-0.67
-0.91
-1.39
0.07
-6.91
-0.65
-6.91
0.00
0.00
0.00
0.00
0.00
0.00
0.00
0.00
0.00
0.00
0.00
0.00
0.00
0.00
0.00
0.00
0.00
0.00
0.00
0.00
0.00
0.00
0.00
0.00
0.00
0.00
0.00
0.00
0.00
0.00
0.00
0.00
0.00
0.00
0.00
0.00
0.00
0.00
0.00
0.00
0.00
0.00
0.00
0.00
-6.91
-0.07
0.00
-1.52
-0.99
6.91
0.00
6.91
-1.26
0.00
-6.91
-4.08
1.63
0.00
1.62
0.80
0.00
0.00
-6.91
-1.33
-0.35
-1.08
1.61
0.00
-0.77
0.00
0.00
3.86
0.00
0.00
-2.21
0.00
0.00
0.92
0.00
-3.84
0.00
0.30
0.00
-2.28
0.00
-0.75
6.91
-6.91
-0.54
0.00
-4.92
6.91
0.00
0.00
0.00
0.00
1.14
4.37
-0.03
6.91
0.00
-1.43
-0.03
0.00
0.00
-0.71
-1.90
0.16
0.00
-1.16
1.55
0.00
2.91
0.90
0.24
0.00
0.00
0.00
0.00
0.00
0.00
0.00
0.00
0.00
0.00
0.00
0.00
0.00
0.00
0.00
0.00
0.00
0.00
0.00
0.00
0.00
0.00
0.00
0.00
-2.27
0.00
0.00
-3.53
-2.04
-2.66
6.91
1.97
-0.38
0.00
0.38
-1.33
-1.70
0.38
0.00
-2.03
-0.14
0.00
0.00
0.00
0.00
0.00
0.00
0.00
0.00
0.00
0.00
0.00
0.00
0.00
0.00
0.00
0.00
0.00
0.00
0.00
-1.91
-1.83
0.00
0.00
1.07
1.82
-1.17
-0.88
0.00
-3.59
-1.18
0.28
-6.91
-6.91
0.00
-1.81
-1.38
0.49
-6.91
0.00
-1.42
6.91
-1.57
0.00
-2.06
6.91
-0.61
0.00
0.00
-1.01
0.00
-0.55
-1.71
-1.69
-1.76
-2.21
1.04
-0.91
-0.21
-0.79
-1.26
0.00
2.70
-0.32
-6.91
0.00
0.00
6.91
-0.91
0.00
-1.98
-1.93
0.81
-0.71
1.05
-1.74
0.00
-0.79
0.00
0.00
0.00
-0.41
-6.91
2.44
-3.56
4.11
-1.04
-0.77
-0.40
0.00
0.00
0.00
0.00
0.00
0.00
0.00
0.00
0.00
0.00
-1.52
0.00
0.00
-2.09
-1.50
-0.87
1.23
1.85
-1.00
1.67
-0.08
-1.31
-1.99
-0.12
0.00
-1.21
-0.42
0.00
0.00
0.00
0.00
0.00
0.00
0.00
0.00
0.00
0.00
0.00
0.00
0.00
0.00
0.00
0.00
0.00
0.00
0.00
-1.62
-1.59
0.00
0.00
2.40
1.11
-1.19
-2.83
4.27
-6.91
-2.34
-1.11
-0.81
-1.70
0.00
-1.88
-1.85
-0.67
-1.11
0.00
-6.91
1.49
-1.09
0.00
-1.11
1.61
-0.43
0.00
6.91
-1.98
0.00
0.05
-0.46
-1.62
-0.61
-2.63
-0.95
-0.92
-0.28
-0.69
-1.60
0.00
1.25
-1.41
-1.88
0.00
0.00
3.60
-3.06
3.66
-0.57
-1.86
-0.23
-0.78
0.33
-6.91
0.00
-7.53
0.00
6.91
0.00
-0.24
-2.30
1.29
-1.60
2.32
-0.98
-0.82
-1.28
0.00
0.00
0.00
0.00
0.00
0.00
0.00
0.00
0.00
0.00
0.00
-2.02
-0.70
0.00
1.65
0.00
-0.34
-0.78
6.91
-2.08
1.60
0.00
0.00
3.11
-2.27
0.00
1.08
-1.15
0.00
0.00
0.00
0.00
0.00
0.00
0.00
0.00
0.00
0.00
0.00
0.00
0.00
0.00
0.00
0.00
0.00
0.00
0.00
0.00
-6.91
-2.28
-0.55
-0.31
2.29
0.00
-0.16
0.00
0.00
1.16
0.00
0.00
-1.46
0.00
0.00
6.91
0.00
-3.32
0.00
-1.00
0.00
-1.46
0.00
-0.38
6.91
-1.23
-1.51
0.00
-2.93
3.23
0.00
0.00
0.00
0.00
2.09
0.79
0.54
3.62
0.00
-1.60
-0.04
0.00
0.00
-1.67
-2.00
-0.65
0.00
-0.65
1.75
0.00
1.64
1.48
1.44
0.00
-2.10
0.00
-6.91
-2.28
-2.07
0.00
0.00
-1.13
0.00
0.10
0.00
0.00
2.53
0.00
0.00
0.00
0.00
0.00
0.00
0.00
0.00
0.00
0.00
6.91
-0.51
-0.33
0.95
0.20
0.43
-2.25
-2.41
0.65
-6.91
-0.62
2.52
3.03
-0.09
-0.38
6.91
-0.39
-1.02
0.00
0.00
0.00
0.00
0.00
0.00
0.00
0.00
0.00
0.00
0.00
0.00
0.00
0.00
0.00
0.00
0.00
0.00
6.91
1.66
-1.20
0.23
-1.45
-1.51
0.95
1.98
-1.60
2.59
0.00
-0.09
0.00
1.20
0.52
0.86
0.41
0.14
0.00
-0.04
0.84
-6.91
1.27
-0.22
1.85
-1.15
0.33
-0.09
-6.91
0.76
-0.44
0.52
0.00
0.00
0.00
2.20
-0.27
0.90
-0.01
0.00
0.00
-1.73
-6.91
0.58
1.75
-1.29
-0.15
-1.48
1.15
-6.91
0.95
6.91
-0.10
0.25
-0.25
0.00
-1.70
0.23
0.08
-1.84
-0.12
0.00
1.94
-1.18
1.62
-1.46
0.00
6.91
0.69
0.00
0.00
0.00
0.00
0.00
0.00
0.00
0.00
0.00
0.00
-0.41
1.79
0.00
-2.81
-6.91
-2.10
0.43
1.02
-1.14
0.75
-0.50
-2.84
-0.17
-1.27
0.00
-6.91
-1.48
0.00
0.00
0.00
0.00
0.00
0.00
0.00
0.00
0.00
0.00
0.00
0.00
0.00
0.00
0.00
0.00
0.00
0.00
0.00
-0.36
-0.48
2.16
0.00
-0.39
0.25
-1.18
-1.17
0.83
-6.91
-0.81
-0.88
-0.81
-1.92
0.00
-1.31
-6.91
-6.91
-0.60
1.50
-1.22
0.59
-1.34
0.00
-3.11
0.96
-2.05
0.00
2.24
-2.92
0.00
-0.99
0.03
-1.22
0.32
-3.58
-1.53
-0.52
-0.33
-0.48
-0.94
6.91
0.01
-1.34
-0.59
0.00
0.00
1.26
-0.87
2.05
-4.83
-0.74
-0.48
-1.72
-0.16
-1.41
1.39
-1.40
0.00
0.41
0.00
-0.66
-1.71
0.42
-1.90
-0.47
-1.71
-3.37
-1.19
0.00
0.00
0.00
0.00
0.00
0.00
0.00
0.00
0.00
0.00
0.00
-0.58
-6.91
0.00
0.00
0.00
-0.96
0.04
0.00
-0.80
6.91
0.00
0.00
3.12
-1.35
0.00
3.09
-1.59
0.00
0.00
0.00
0.00
0.00
0.00
0.00
0.00
0.00
0.00
0.00
0.00
0.00
0.00
0.00
0.00
0.00
0.00
0.00
0.00
-6.81
-6.91
1.03
0.54
0.00
0.00
0.23
0.00
0.00
3.04
0.00
0.00
-3.89
0.00
0.00
0.00
0.00
-1.82
0.00
0.39
0.00
-1.36
0.00
0.52
0.00
-1.69
-0.26
0.00
-6.91
3.13
0.00
0.00
0.00
0.00
1.29
0.00
0.99
2.39
0.00
-2.30
0.63
0.00
0.00
-6.91
-1.78
0.69
0.00
0.49
0.00
0.00
6.91
6.91
1.54
0.00
-0.93
0.00
-1.67
-0.65
-2.34
0.00
0.00
-0.41
0.00
0.39
0.00
0.00
0.00
0.00
0.00
0.00
0.00
0.00
0.00
0.00
0.00
0.00
0.00
5.13
-1.26
0.82
1.83
-0.28
0.07
-2.97
-6.91
0.74
-0.72
-0.15
1.85
1.34
-1.25
0.69
1.05
-0.48
-0.34
0.00
0.00
0.00
0.00
0.00
0.00
0.00
0.00
0.00
0.00
0.00
0.00
0.00
0.00
0.00
0.00
0.00
0.00
0.88
0.49
0.25
-0.13
-6.91
-1.49
0.25
0.54
-0.68
0.66
0.00
0.27
6.91
0.41
-0.04
1.48
-0.11
-0.20
7.60
-0.91
2.43
-1.82
-0.02
-0.03
1.29
-6.91
0.00
-0.47
-1.07
0.79
0.31
-0.20
0.00
6.91
0.00
2.51
-0.73
0.24
-1.13
-0.66
1.59
-0.72
-5.18
-0.07
1.15
0.14
0.73
-1.11
0.99
-2.03
0.30
0.75
-1.00
-0.19
-0.90
6.91
-0.93
0.54
-0.30
-0.87
-0.30
0.00
1.75
-4.25
1.20
-6.91
1.36
1.06
0.65
0.00
0.00
0.00
0.00
0.00
0.00
0.00
0.00
0.00
0.00
-1.09
2.72
0.00
-2.07
-6.91
-2.28
0.07
0.98
-2.55
0.71
-1.64
-3.27
-0.33
-0.44
0.00
-1.96
-0.46
6.91
0.00
0.00
0.00
0.00
0.00
0.00
0.00
0.00
0.00
0.00
0.00
0.00
0.00
0.00
0.00
0.00
0.00
0.00
-0.97
-0.61
2.50
0.00
-0.28
0.55
-6.91
-0.72
2.32
-4.29
0.25
-0.18
-0.27
-0.54
0.00
-2.01
-1.25
-0.22
-0.64
1.81
-1.73
1.00
-1.56
0.00
-0.96
-0.34
-2.10
1.46
0.38
-0.84
0.00
-0.60
0.14
-0.91
0.10
-0.60
-1.12
-2.13
-1.04
-1.04
-0.32
2.29
0.88
-0.85
-1.16
0.00
0.00
0.18
-3.86
2.24
-2.57
-0.44
-2.10
-0.47
-0.74
-0.71
1.85
-2.00
0.00
2.07
0.00
0.15
-0.90
1.42
-1.24
-0.03
-0.81
-1.80
-6.91
0.00
0.00
0.00
0.00
0.00
0.00
0.00
0.00
0.00
0.00
-2.26
0.00
0.00
-2.76
-1.44
-6.91
2.33
1.70
-2.65
6.91
-0.69
-1.31
-0.43
-1.49
0.00
-6.91
-0.66
0.00
0.00
0.00
0.00
0.00
0.00
0.00
0.00
0.00
0.00
0.00
0.00
0.00
0.00
0.00
0.00
0.00
0.00
0.00
-1.75
-3.84
0.00
0.00
0.17
0.26
-0.94
-1.30
3.17
-1.30
0.14
-1.66
-1.09
-6.91
0.00
-0.79
-1.24
-0.30
-0.94
0.00
-1.53
0.82
-6.91
0.00
-3.05
-0.00
-2.58
0.00
2.80
-1.97
0.00
-1.35
-0.43
-0.75
-0.08
-1.57
-0.95
-0.63
-0.57
-1.15
-2.40
0.00
1.03
-1.25
-1.66
0.00
0.00
0.42
-1.93
2.04
-0.93
-2.77
-1.83
-0.19
-0.23
-0.87
0.00
-1.24
0.00
1.26
0.00
-0.93
-1.07
1.70
-2.30
1.40
-1.94
-0.74
-2.86
0.00
0.00
0.00
0.00
0.00
0.00
0.00
0.00
0.00
0.00
-0.69
2.56
2.77
-0.67
-0.30
-0.19
-0.56
0.11
-1.64
0.62
-1.33
-0.57
0.43
-6.91
6.91
0.21
-6.91
1.67
0.00
0.00
0.00
0.00
0.00
0.00
0.00
0.00
0.00
0.00
0.00
0.00
0.00
0.00
0.00
0.00
0.00
0.00
0.86
-0.60
2.28
6.91
-0.22
0.10
-1.68
-0.97
0.34
-1.70
1.68
-1.69
0.52
-1.00
3.38
0.34
-0.94
-3.52
0.18
0.85
-0.56
-0.73
-2.23
3.33
-0.01
-0.52
-1.31
0.79
-0.16
-0.53
1.15
-6.91
-0.08
0.48
0.16
-0.48
-1.24
-1.02
-1.69
-1.50
0.23
0.50
-1.65
-1.79
-0.40
2.41
4.12
0.24
-0.39
-0.41
-0.98
0.31
-6.91
-6.91
-3.21
-0.23
1.21
-2.04
1.53
-0.47
6.91
0.47
-0.32
0.07
0.18
0.03
0.06
0.63
-2.25
0.00
0.00
0.00
0.00
0.00
0.00
0.00
0.00
0.00
0.00
0.00
-1.86
-0.96
1.17
0.34
2.50
-2.78
-6.91
1.43
-1.33
0.46
3.67
0.00
0.80
-1.08
6.91
-0.57
-1.61
0.00
0.00
0.00
0.00
0.00
0.00
0.00
0.00
0.00
0.00
0.00
0.00
0.00
0.00
0.00
0.00
0.00
0.00
0.00
1.71
-0.47
-0.83
-2.12
-3.59
1.05
1.47
-2.11
2.47
0.00
-0.61
0.00
0.99
-0.66
6.91
1.54
1.17
0.00
-1.99
6.91
-1.12
0.54
-0.22
1.83
-2.89
0.59
-0.95
-6.91
4.31
-1.11
0.76
0.00
0.00
0.00
1.77
-0.76
1.51
-0.81
-0.09
0.00
-1.40
-2.55
1.96
1.75
-0.57
-1.08
-0.87
6.91
-6.91
0.78
6.91
0.01
0.28
-0.40
0.00
-2.12
0.72
-0.34
-1.88
-0.62
0.00
1.55
-1.21
1.40
-0.93
0.00
6.91
1.17
0.00
0.00
0.00
0.00
0.00
0.00
0.00
0.00
0.00
0.00
-1.19
0.00
0.00
-1.13
-3.37
-5.60
1.49
0.32
-0.75
1.15
-0.54
-6.91
-2.71
-0.93
0.00
-1.97
-0.37
0.00
0.00
0.00
0.00
0.00
0.00
0.00
0.00
0.00
0.00
0.00
0.00
0.00
0.00
0.00
0.00
0.00
0.00
0.00
-2.02
-6.91
0.00
0.00
1.56
3.07
-3.67
-1.39
1.37
-1.46
-1.05
-0.37
-3.42
-1.01
0.00
-2.33
-0.99
-0.42
-0.99
0.00
-6.91
1.27
-2.78
0.00
-1.05
0.42
-0.96
0.00
0.90
-1.26
0.00
-0.51
-0.45
-0.95
-0.14
-1.52
0.28
-0.30
-0.92
-1.09
-6.91
0.00
0.10
-1.17
-1.19
0.00
0.00
1.56
-6.91
0.94
-6.91
-0.93
-0.20
-0.03
0.25
-1.24
0.00
-6.91
0.00
2.10
0.00
0.31
-2.66
1.63
-1.26
1.11
-0.98
-6.91
-1.26
0.00
0.00
0.00
0.00
0.00
0.00
0.00
0.00
0.00
0.00
0.00
-2.77
-1.39
0.00
0.00
0.00
-0.34
0.60
6.91
-0.27
2.89
0.00
0.00
0.81
-6.91
0.00
1.16
-6.91
0.00
0.00
0.00
0.00
0.00
0.00
0.00
0.00
0.00
0.00
0.00
0.00
0.00
0.00
0.00
0.00
0.00
0.00
0.00
0.00
-2.55
-1.89
0.60
-0.35
1.80
0.00
-0.00
0.00
0.00
0.71
0.00
0.00
-1.83
0.00
0.00
2.36
0.00
-2.50
0.00
-1.32
0.00
-1.61
0.00
-0.75
2.84
-6.91
-1.67
0.00
-0.76
0.90
0.00
0.00
0.00
0.00
1.09
1.09
1.23
2.43
0.00
-4.91
0.25
0.00
0.00
-1.62
-1.56
-0.18
0.00
-0.25
2.25
0.00
1.57
1.35
1.24
0.00
-1.77
0.00
-3.10
0.00
-0.91
0.00
0.00
-0.50
0.00
-0.82
0.00
0.00
6.91
0.00
0.00
0.00
0.00
0.00
0.00
0.00
0.00
0.00
0.00
0.00
-0.41
-1.25
0.00
0.00
0.00
0.03
1.12
0.00
0.58
0.00
0.00
0.00
1.47
-4.00
0.00
1.73
-0.68
0.00
0.00
0.00
0.00
0.00
0.00
0.00
0.00
0.00
0.00
0.00
0.00
0.00
0.00
0.00
0.00
0.00
0.00
0.00
0.00
-1.73
-1.59
-0.09
0.59
0.00
0.00
0.45
0.00
0.00
6.91
0.00
0.00
-1.33
0.00
0.00
0.00
0.00
-0.39
0.00
0.38
0.00
-2.89
0.00
0.13
0.00
-0.67
-0.40
0.00
-1.81
6.91
0.00
0.00
0.00
0.00
3.07
0.00
1.33
6.91
0.00
-1.66
1.70
0.00
0.00
-1.55
-2.73
0.21
0.00
0.20
0.00
0.00
1.49
0.00
6.91
0.00
-1.69
0.00
-0.69
0.54
-1.50
0.00
0.00
-0.33
0.00
0.42
0.00
0.00
0.00
0.00
0.00
0.00
0.00
0.00
0.00
0.00
0.00
0.00
0.00
0.70
1.23
3.53
-0.07
-0.26
-0.65
-0.64
0.12
-1.35
0.49
-1.48
0.18
0.75
-1.89
3.59
0.28
-1.72
1.26
0.00
0.00
0.00
0.00
0.00
0.00
0.00
0.00
0.00
0.00
0.00
0.00
0.00
0.00
0.00
0.00
0.00
0.00
0.27
-0.55
1.71
1.27
-1.15
-0.50
-1.65
-1.65
-0.45
-0.11
-0.02
-6.91
0.36
-0.47
1.62
-0.24
-0.29
-0.75
0.13
0.74
-0.02
0.38
-0.55
5.32
-1.15
-0.63
-1.71
2.12
-0.08
-1.30
3.65
-1.13
0.19
-0.44
1.27
-0.47
-2.71
-2.48
-4.11
-6.91
0.16
1.01
-0.28
-2.22
-0.74
7.10
0.95
-0.25
-1.08
0.27
-0.94
-0.74
-1.82
-1.52
-1.64
0.75
0.76
-0.10
1.07
0.71
1.31
1.58
-1.03
0.34
-0.10
-0.54
-0.20
-0.11
-1.59
0.00
0.00
0.00
0.00
0.00
0.00
0.00
0.00
0.00
0.00
-3.54
0.00
0.00
-1.02
-1.19
-0.18
0.00
0.00
-0.66
0.00
0.06
-0.53
-0.54
-0.22
0.00
-1.73
0.65
0.00
0.00
0.00
0.00
0.00
0.00
0.00
0.00
0.00
0.00
0.00
0.00
0.00
0.00
0.00
0.00
0.00
0.00
0.00
-0.80
-1.78
0.00
0.00
0.00
0.00
-0.39
-0.32
0.00
-0.88
-6.91
0.22
-0.76
-0.56
0.00
-0.81
-0.11
0.03
-2.53
0.00
-0.65
0.00
-1.24
0.00
0.02
0.00
-0.15
0.00
0.00
-0.35
0.00
1.56
-6.91
-1.07
-3.46
-0.26
0.19
0.08
1.94
0.78
-0.90
0.00
6.91
0.24
-0.88
0.00
0.00
0.00
-0.02
0.00
-0.26
-0.62
-0.04
0.14
1.48
-2.50
0.00
-1.33
0.00
0.00
0.00
-0.81
-1.44
0.00
-3.88
6.91
-1.60
-0.83
-0.77
0.00
0.00
0.00
0.00
0.00
0.00
0.00
0.00
0.00
0.00
-0.65
1.32
0.00
-0.01
-1.60
-0.37
0.87
-0.42
-3.03
1.02
-2.17
-0.63
-0.01
-1.60
0.00
-0.77
-2.92
1.16
0.00
0.00
0.00
0.00
0.00
0.00
0.00
0.00
0.00
0.00
0.00
0.00
0.00
0.00
0.00
0.00
0.00
0.00
-0.47
-1.12
1.75
5.04
0.09
0.01
-2.00
-1.48
0.16
-0.41
0.41
-6.91
0.59
-1.11
1.43
-0.50
-1.08
-4.69
0.18
0.64
-0.48
0.11
-1.29
3.18
-1.23
-0.64
-2.26
2.29
1.12
-1.03
2.71
-3.21
-0.24
-0.63
1.39
-1.31
-1.28
-1.97
-0.32
-6.91
-0.27
2.48
-0.71
-4.07
-0.12
2.57
6.91
-0.37
-0.45
0.16
-1.07
-0.86
-6.91
-6.91
-3.06
0.13
6.91
-2.22
6.91
0.47
2.79
0.04
-0.63
-0.01
-0.35
-0.71
0.40
-0.07
-0.89
0.00
0.00
0.00
0.00
0.00
0.00
0.00
0.00
0.00
0.00
0.11
0.78
1.29
0.91
-1.62
0.36
0.18
-0.93
-0.57
0.55
-1.18
-1.03
1.43
-6.91
2.40
0.04
-2.02
0.44
0.00
0.00
0.00
0.00
0.00
0.00
0.00
0.00
0.00
0.00
0.00
0.00
0.00
0.00
0.00
0.00
0.00
0.00
-0.10
0.35
0.64
0.93
-0.26
-0.75
-2.01
-0.53
-0.76
0.19
0.95
-1.17
0.31
0.33
0.94
0.46
-0.40
-1.28
1.67
0.22
-0.19
0.17
-0.43
2.33
0.03
-1.18
-0.41
0.90
-0.42
0.27
1.94
-1.57
0.84
0.02
1.18
0.24
-1.48
-0.72
-2.46
-0.96
-0.08
1.31
-1.99
-0.21
-0.15
3.49
1.78
-0.81
0.35
-1.07
-0.59
-0.22
-2.06
-0.75
-1.24
0.02
1.41
0.25
0.61
-0.56
0.45
0.65
0.48
-1.27
-0.09
-1.31
0.97
0.63
-1.14
0.00
0.00
0.00
0.00
0.00
0.00
0.00
0.00
0.00
0.00
-1.53
0.00
0.00
-3.74
-0.60
-2.23
2.14
0.98
-1.15
0.00
0.43
-0.77
-1.72
0.90
0.00
-1.66
0.46
0.00
-6.91
-6.91
0.00
3.04
-1.89
0.00
3.13
-1.41
-1.35
0.88
0.00
-3.66
0.00
0.00
1.05
-4.43
0.34
-0.20
0.00
0.00
0.00
0.00
0.00
0.00
0.00
0.00
0.00
0.00
0.00
0.00
0.00
0.00
0.00
0.00
0.00
0.00
-2.51
0.00
-1.17
2.04
-0.22
0.00
-2.56
3.97
-0.06
0.00
0.00
-3.35
0.00
-0.41
-2.93
-1.78
-0.90
-0.72
-0.14
-0.45
-0.04
-0.21
-6.91
0.00
1.88
-2.12
-2.43
0.00
0.00
2.17
-6.03
0.00
-0.29
-0.82
1.00
0.09
0.90
-6.91
0.00
-0.74
0.00
0.00
0.00
-3.69
-1.04
6.91
-3.13
6.91
-4.43
-0.86
-1.29
-6.91
0.00
0.00
-6.91
-1.66
-1.00
-1.02
0.00
-1.45
-1.34
-4.57
0.00
0.00
-6.91
-1.94
-0.98
1.66
0.59
-0.14
6.91
-0.70
-2.08
-1.29
-0.12
0.00
-4.23
-0.32
0.00
-4.56
-3.15
0.00
0.86
-2.80
0.00
3.13
-0.34
-1.24
0.13
6.91
-2.08
0.00
0.00
0.49
-1.20
-0.30
0.78
0.00
0.00
0.00
0.00
0.00
0.00
0.00
0.00
0.00
0.00
0.00
0.00
0.00
0.00
0.00
0.00
0.00
0.00
-1.28
0.00
-6.91
1.41
-0.72
0.00
-3.11
1.39
-0.84
0.00
2.10
-1.83
0.00
-0.17
-0.31
-2.01
-0.69
-2.15
-0.24
0.13
0.36
-0.72
-1.78
0.00
0.33
-0.59
-6.91
0.00
0.00
1.91
-0.90
6.91
-1.12
-2.85
0.34
-0.15
-0.31
-1.60
0.00
-1.68
0.00
3.47
0.00
-0.57
-6.91
1.93
-6.91
0.61
-0.92
-4.82
-0.36
-1.89
0.00
0.00
-6.91
-3.13
-1.42
-0.49
1.18
-0.54
-1.91
0.00
-6.91
-3.72
0.00
6.91
0.00
-1.67
0.20
1.24
-0.78
6.91
0.00
0.00
0.91
-5.79
0.00
1.66
-1.43
0.00
0.00
-6.91
-1.68
6.91
-1.90
-0.23
1.98
0.00
0.60
-0.99
0.00
-6.91
-1.23
1.07
0.00
6.91
0.42
0.00
0.00
0.00
0.00
0.00
0.00
0.00
0.00
0.00
0.00
0.00
0.00
0.00
0.00
0.00
0.00
0.00
0.00
0.00
-6.91
0.00
-0.36
0.00
-1.37
0.00
-0.81
6.91
-1.36
-1.16
0.00
-2.03
0.74
0.00
0.00
0.00
0.00
1.84
6.91
1.92
3.01
0.00
-6.91
-0.49
0.00
0.00
-1.02
-2.48
0.23
0.00
-0.75
6.91
0.00
0.40
1.05
1.43
0.00
-1.43
0.00
-0.73
-1.46
-1.70
0.00
0.00
0.20
0.00
0.51
0.00
0.00
1.66
0.00
-6.91
-6.91
0.00
0.00
0.00
0.00
-1.28
0.00
0.00
0.00
-2.97
-1.77
0.00
0.00
0.00
-0.50
0.72
0.00
0.05
6.91
0.00
0.00
1.01
-1.02
0.00
1.05
-1.24
0.00
0.00
-0.96
-0.11
0.00
-2.08
0.32
0.00
0.00
2.15
-0.29
0.00
-1.85
-1.18
6.91
0.00
1.44
4.98
0.00
0.00
0.00
0.00
0.00
0.00
0.00
0.00
0.00
0.00
0.00
0.00
0.00
0.00
0.00
0.00
0.00
0.00
0.00
-0.98
0.00
0.53
0.00
-6.91
0.00
0.03
0.00
-1.88
-1.43
0.00
-2.38
1.73
0.00
0.00
0.00
0.00
0.80
0.00
1.67
1.16
0.00
-6.04
0.51
0.00
0.00
-2.54
-0.96
0.10
0.00
-0.11
0.00
0.00
2.33
1.56
0.38
0.00
-2.61
0.00
-6.91
-1.04
-3.02
0.00
0.00
-0.12
0.00
0.79
0.00
0.00
0.00
0.00
-0.73
-4.31
0.00
0.00
0.00
0.00
-1.21
0.00
0.00
6.91
-0.02
-0.05
0.50
0.65
1.73
-3.54
-6.91
0.38
-0.68
-0.26
1.63
2.94
-0.30
1.28
0.44
-1.14
-0.05
6.91
2.48
0.45
-6.91
0.46
0.17
-6.91
-0.38
1.48
-0.50
-0.65
1.41
0.10
1.07
-1.19
0.00
-0.68
-0.42
0.00
0.00
0.00
0.00
0.00
0.00
0.00
0.00
0.00
0.00
0.00
0.00
0.00
0.00
0.00
0.00
0.00
0.00
1.98
-0.30
1.13
-3.62
1.34
0.25
0.21
-6.91
0.31
-0.34
-0.56
2.04
0.25
-0.18
0.00
1.01
0.00
0.87
-0.76
-0.14
-1.81
-0.75
1.21
-0.97
-6.91
-0.07
1.21
-0.46
0.31
-6.91
1.39
-1.03
0.00
0.86
-0.12
0.06
-2.78
4.05
-0.82
-0.24
-0.64
-0.69
-0.16
0.00
0.97
-2.92
6.91
-6.91
6.91
1.48
-0.38
6.91
-0.32
0.25
0.60
2.05
1.96
0.19
-2.61
0.00
1.11
2.16
-0.20
-0.56
3.12
0.21
0.33
-1.82
-1.18
0.63
-1.19
-0.61
0.80
6.91
0.65
0.05
1.72
-0.96
-0.06
2.62
2.31
-0.55
-2.15
0.76
-0.57
-3.13
1.80
2.60
0.53
-6.91
2.92
-0.99
0.05
-0.68
0.00
0.82
0.05
0.00
0.00
0.00
0.00
0.00
0.00
0.00
0.00
0.00
0.00
0.00
0.00
0.00
0.00
0.00
0.00
0.00
0.00
0.00
-0.50
0.95
-6.91
0.54
-0.92
1.35
-1.48
-0.04
-0.52
-1.20
1.03
0.06
-0.33
0.00
6.91
0.00
2.10
-0.16
0.04
-0.26
-0.33
0.00
-0.40
-0.93
0.14
6.91
-1.16
-0.92
-6.91
4.95
-6.91
0.34
6.91
0.50
0.18
-1.69
0.00
-0.84
1.16
0.48
-6.91
-0.36
0.00
0.82
-2.21
1.15
-3.75
0.00
1.88
0.28
0.00
-1.11
-0.52
2.76
2.14
2.47
1.10
-2.25
0.00
0.00
0.16
1.57
0.00
-0.91
-6.91
-0.55
-0.01
0.87
-1.59
0.44
-1.57
-2.19
-0.87
-1.35
0.00
-0.57
-1.89
1.50
-0.63
-0.98
6.91
1.07
-6.91
0.00
0.47
-1.34
-0.91
-0.75
0.37
-0.83
1.43
0.00
-2.69
0.45
-3.37
-2.15
0.00
0.00
0.00
0.00
0.00
0.00
0.00
0.00
0.00
0.00
0.00
0.00
0.00
0.00
0.00
0.00
0.00
0.00
0.23
1.28
-2.19
0.44
-3.11
0.00
-0.55
-0.02
-6.91
6.91
0.37
-6.91
0.00
-2.34
0.08
-1.03
-0.66
-0.62
-0.42
-2.82
-0.52
-0.79
-0.71
1.42
-0.21
-1.89
-1.06
0.00
0.00
0.52
-0.57
1.93
-6.91
-0.73
-1.63
-1.53
-1.34
-0.29
4.65
-2.38
0.00
0.30
0.00
-0.39
-0.74
0.64
-1.27
0.31
-0.20
-2.00
-1.80
-0.06
3.44
0.00
-0.79
-1.00
-1.31
-6.91
1.10
0.17
-1.01
-3.39
0.00
0.00
-1.93
-6.91
-1.42
0.65
0.88
-1.27
0.87
-0.78
-6.91
-1.08
-1.45
0.00
-1.38
-1.29
0.00
-2.37
-1.08
0.00
0.39
-1.07
0.00
-0.01
-1.92
-1.41
-1.31
0.83
-2.07
0.00
0.00
-0.61
-1.72
-1.83
-0.63
0.00
0.00
0.00
0.00
0.00
0.00
0.00
0.00
0.00
0.00
0.00
0.00
0.00
0.00
0.00
0.00
0.00
0.00
-2.02
0.00
-6.91
0.57
-3.57
0.00
-1.82
0.22
-0.71
0.00
1.35
-1.17
0.00
-0.80
0.10
-2.16
-1.09
-2.24
-0.73
-2.33
0.10
-1.89
-0.82
0.00
1.37
-6.91
-2.76
0.00
0.00
0.38
-6.91
3.01
-0.73
-0.57
-0.75
-1.79
-0.96
-0.99
0.00
-6.91
0.00
0.98
0.00
-0.06
-3.60
0.43
-2.10
0.11
-1.44
-1.77
-1.73
-1.41
0.00
0.00
-6.91
-2.45
-1.29
-1.72
0.87
-0.74
-0.64
0.00
-0.79
0.12
2.07
1.29
2.80
-6.91
-1.98
0.12
-1.32
0.02
0.83
0.00
0.80
-0.45
2.18
-0.32
-0.73
0.00
6.91
-0.31
-1.80
0.25
-0.28
-0.93
2.29
1.45
-0.35
-2.62
1.09
-0.32
-0.93
0.14
0.00
1.20
-0.40
0.00
0.00
0.00
0.00
0.00
0.00
0.00
0.00
0.00
0.00
0.00
0.00
0.00
0.00
0.00
0.00
0.00
0.00
0.00
-2.05
1.43
-6.91
0.86
-0.98
1.53
-1.22
0.76
-0.71
-4.69
6.91
-0.88
0.14
0.00
0.00
0.00
6.91
-0.60
1.26
0.49
1.03
0.00
-2.46
-3.03
1.58
6.91
-1.04
-0.06
-1.85
6.91
-1.99
0.63
6.91
0.38
0.01
-0.88
0.00
-0.51
0.66
-0.93
-6.91
-0.52
0.00
2.01
-6.91
1.75
-2.16
0.00
1.56
1.32
0.00
-1.73
-0.05
1.37
3.98
2.08
0.95
-3.93
0.00
0.00
-1.85
0.00
0.00
-2.27
-1.15
-1.71
2.34
0.77
-3.86
1.42
-2.09
-2.27
-2.02
-0.11
0.00
-6.91
-0.76
0.00
-1.17
-1.82
0.00
1.49
-1.26
0.00
0.19
-1.43
-6.91
-0.04
0.85
-6.91
0.00
0.00
0.06
-0.38
-2.32
-0.54
0.00
0.00
0.00
0.00
0.00
0.00
0.00
0.00
0.00
0.00
0.00
0.00
0.00
0.00
0.00
0.00
0.00
0.00
-1.10
0.00
-2.66
0.66
-1.15
0.00
-6.91
0.43
-1.29
0.00
0.73
-6.91
0.00
-0.51
0.21
-0.54
-1.42
-1.85
-0.31
-0.48
-0.53
-0.78
-1.59
0.00
0.44
-3.16
-1.35
0.00
0.00
2.72
-6.91
0.60
-2.08
-1.11
-1.09
0.00
-0.34
-1.02
0.00
-1.27
0.00
3.21
0.00
-0.49
-6.91
1.68
-1.05
-0.06
-2.71
-1.26
-2.41
-2.56
0.00
0.00
-4.90
-6.91
-6.91
-2.16
3.83
-0.36
-0.61
-1.43
0.00
0.00
-0.24
-0.08
-0.09
0.00
0.00
-0.06
0.00
1.17
0.02
-1.11
0.14
0.00
-2.22
2.27
0.00
-1.90
-0.84
0.00
0.00
0.44
0.00
0.00
0.17
-0.31
0.76
0.00
-0.22
0.00
0.00
1.23
-6.91
0.67
1.13
0.00
0.00
0.00
0.00
0.00
0.00
0.00
0.00
0.00
0.00
0.00
0.00
0.00
0.00
0.00
0.00
0.00
0.00
-1.99
0.00
-1.98
0.00
-1.00
0.00
-0.20
0.00
0.65
0.00
0.00
-0.84
0.00
1.67
-1.03
-2.65
-4.28
-1.13
1.50
0.27
0.61
-0.10
-6.91
0.00
0.00
-0.89
-1.78
0.00
0.00
0.00
-0.48
0.00
0.31
-0.81
0.73
1.16
1.51
-6.91
0.00
-0.67
0.00
0.00
0.00
-2.95
-0.54
0.00
-1.71
0.00
-2.70
-0.79
0.54
-2.55
0.00
0.00
-2.08
-0.68
-1.51
0.14
0.00
-1.83
-0.95
0.28
2.74
1.58
0.38
-1.22
-0.11
-0.09
0.10
-2.67
0.73
-3.81
-0.63
0.36
-1.41
3.70
0.04
-1.26
1.78
-0.50
-0.81
1.03
0.36
-1.07
1.70
-0.28
-0.67
-1.56
-6.91
1.01
0.24
0.49
6.91
-6.91
0.07
-6.91
-2.38
0.00
0.00
0.00
0.00
0.00
0.00
0.00
0.00
0.00
0.00
0.00
0.00
0.00
0.00
0.00
0.00
0.00
0.00
-0.17
1.64
-0.31
-0.26
-2.07
5.87
-0.72
0.15
-0.58
4.90
-0.00
-1.39
1.94
-1.19
1.05
0.15
0.48
0.05
-2.20
-2.37
-1.53
-6.91
-0.18
1.49
-0.34
-1.59
-0.46
2.74
1.42
-0.60
-1.75
-0.79
-0.19
-0.19
-1.95
-1.71
-2.34
0.00
2.54
-0.86
1.76
0.10
6.91
0.80
-1.21
-0.43
0.58
-1.35
-0.23
0.60
-0.44
0.61
0.69
1.97
0.25
-0.68
0.45
-1.98
0.80
0.96
-0.38
-1.96
0.00
0.00
-1.90
-1.12
-1.00
0.00
2.19
-1.23
0.00
-0.41
-2.42
-1.20
-0.06
0.00
-1.48
0.61
0.00
-3.91
-1.31
0.00
0.00
-1.75
0.00
2.06
-1.14
-1.33
0.64
0.00
-1.54
0.00
0.00
0.10
-1.97
0.12
1.43
0.00
0.00
0.00
0.00
0.00
0.00
0.00
0.00
0.00
0.00
0.00
0.00
0.00
0.00
0.00
0.00
0.00
0.00
-1.03
0.00
-2.71
6.91
-0.13
0.00
-1.02
6.91
-0.54
0.00
0.00
-2.92
0.00
0.57
-1.49
-2.67
-1.45
-2.18
0.30
-0.63
0.58
0.69
-1.04
0.00
1.79
-0.47
-0.61
0.00
0.00
6.91
-2.49
0.00
-1.68
-0.77
-0.43
-0.23
1.25
-5.96
0.00
-0.99
0.00
0.00
0.00
-0.37
-2.04
6.91
-1.40
6.91
-6.91
-1.47
-1.23
-6.91
0.00
0.00
-1.25
-2.94
-3.05
-0.19
0.00
-0.49
-6.91
-3.24
0.00
0.00
-6.91
-1.36
-6.91
0.98
3.32
-0.87
1.94
-0.58
-1.33
-1.74
-0.64
0.00
-6.91
-0.84
0.00
-1.37
-3.72
0.00
0.81
-1.13
0.00
1.46
-0.70
-2.05
-0.88
6.91
-6.91
0.00
0.00
-1.35
-1.13
-0.03
-0.66
0.00
0.00
0.00
0.00
0.00
0.00
0.00
0.00
0.00
0.00
0.00
0.00
0.00
0.00
0.00
0.00
0.00
0.00
-1.33
0.00
-1.37
1.96
-6.91
0.00
-1.16
1.40
-0.76
0.00
1.81
-1.46
0.00
-0.58
-2.01
-0.97
-0.16
-0.70
-0.08
-1.05
0.45
-0.41
-2.58
0.00
0.90
-3.96
-2.14
0.00
0.00
1.36
-2.76
1.53
-3.25
-6.91
-0.43
-1.34
0.74
-1.88
0.00
-2.58
0.00
6.91
0.00
-0.43
-3.34
2.02
-6.91
0.49
-1.14
-1.40
-2.16
-1.31
0.00
0.00
-2.21
-1.32
-0.64
-3.96
8.28
-1.38
-1.47
0.00
-1.25
-6.91
0.00
0.00
0.00
0.13
0.62
0.00
-0.01
6.91
0.00
0.00
2.47
-2.58
0.00
1.70
-0.97
0.00
0.00
-3.77
-0.59
0.00
-5.66
1.02
0.00
0.00
6.91
-0.02
0.00
-1.14
-1.04
6.91
0.00
6.91
0.46
0.00
0.00
0.00
0.00
0.00
0.00
0.00
0.00
0.00
0.00
0.00
0.00
0.00
0.00
0.00
0.00
0.00
0.00
0.00
-2.42
0.00
0.57
0.00
-5.41
0.00
0.01
0.00
-4.40
-0.65
0.00
-1.85
6.91
0.00
0.00
0.00
0.00
0.82
0.00
0.84
6.91
0.00
-1.82
-0.43
0.00
0.00
-1.16
-3.54
0.14
0.00
-0.16
0.00
0.00
2.41
6.91
3.76
0.00
-0.86
0.00
-1.47
-0.15
-1.11
0.00
0.00
-0.02
0.00
-0.41
0.00
0.00
0.00
0.00
-1.09
-6.91
0.00
0.00
0.00
0.00
-0.81
0.00
0.00
-0.65
0.00
0.00
-0.71
-1.08
-3.36
6.91
2.42
-1.43
6.91
-0.29
-4.57
-1.84
-0.57
0.00
-0.76
0.13
0.00
-2.86
-1.28
0.00
1.02
-1.10
0.00
1.23
-1.27
-6.91
0.21
1.73
-3.95
0.00
0.00
0.17
-0.73
-0.75
-0.42
0.00
0.00
0.00
0.00
0.00
0.00
0.00
0.00
0.00
0.00
0.00
0.00
0.00
0.00
0.00
0.00
0.00
0.00
-1.12
0.00
-1.46
6.91
-2.13
0.00
-3.39
1.93
-1.57
0.00
1.11
-6.91
0.00
-0.55
-1.41
-1.58
-0.79
-6.91
-0.50
-0.43
0.28
0.29
-1.32
0.00
0.53
-1.17
-0.62
0.00
0.00
1.70
-1.68
6.91
-1.96
-6.91
0.30
-0.55
-0.50
-1.01
0.00
-3.63
0.00
1.94
0.00
-0.43
-6.91
1.27
-1.40
0.74
-1.24
-6.91
-1.19
-2.98
0.00
0.00
-1.12
-6.91
-6.91
-1.07
1.00
-1.39
-3.52
-1.01
0.00
0.00
-1.00
-2.48
-6.91
2.56
0.81
-6.91
1.42
-1.49
-6.91
-0.55
-1.04
0.00
-0.67
0.09
0.00
-1.67
-1.34
0.00
1.14
-0.95
0.00
1.08
-2.33
-1.72
-0.40
0.97
-2.06
0.00
0.00
-0.04
-0.80
-0.91
-0.01
0.00
0.00
0.00
0.00
0.00
0.00
0.00
0.00
0.00
0.00
0.00
0.00
0.00
0.00
0.00
0.00
0.00
0.00
-1.39
0.00
-2.23
2.02
-1.98
0.00
-1.92
0.87
-1.98
0.00
2.56
-0.77
0.00
-0.27
-0.02
-1.75
-0.62
-6.91
-0.83
-0.67
-0.26
-0.72
-0.72
0.00
0.56
-1.16
-0.81
0.00
0.00
0.90
-1.55
0.46
-6.91
-1.32
-0.53
-1.43
-0.29
0.02
0.00
-2.46
0.00
2.84
0.00
-0.29
-1.40
1.00
-1.56
0.68
-1.35
-2.06
-1.61
-0.51
0.00
0.00
-0.57
-0.73
-2.02
-1.16
2.12
-0.63
-0.75
0.39
1.95
0.00
-1.18
-2.48
-0.90
0.07
0.45
-3.06
1.17
-1.58
-0.41
0.31
-2.22
0.00
-0.66
-4.22
2.63
-0.69
-1.41
2.21
-0.16
-2.77
0.00
-0.20
-1.58
-0.95
-6.91
0.12
-0.39
0.99
0.00
-0.88
-0.34
-2.97
-0.41
0.00
0.00
0.00
0.00
0.00
0.00
0.00
0.00
0.00
0.00
0.00
0.00
0.00
0.00
0.00
0.00
0.00
0.00
-0.97
0.78
-0.07
-0.73
-2.77
1.34
-1.15
-1.13
-1.36
6.91
0.85
-1.55
1.56
-1.87
-0.19
0.59
0.08
-0.07
-1.74
-1.84
-0.67
-1.18
0.45
0.88
-0.33
-3.12
0.02
1.35
1.50
-0.23
-1.61
-0.43
-2.38
-0.59
-2.03
-1.24
-1.31
-0.47
6.91
-0.58
1.58
0.78
2.07
0.34
-0.57
0.25
-0.25
-0.31
-0.62
-0.87
-0.36
-0.03
1.30
6.91
-0.11
-1.34
-0.25
-1.31
-0.45
1.84
-0.00
-6.91
0.00
0.00
-1.48
0.09
-0.34
0.00
1.01
-1.03
0.00
-0.19
-2.19
-2.52
-0.03
0.00
-0.72
-0.29
0.00
-1.60
-1.24
0.00
0.00
-0.30
0.00
6.91
0.30
-1.61
0.19
0.00
-1.81
0.00
0.00
0.96
-1.02
0.16
1.35
-3.02
-3.09
0.00
0.00
3.23
0.00
-1.47
-2.34
0.00
-0.77
-3.03
-0.36
-1.06
-1.84
0.00
-1.55
0.10
0.36
0.00
0.00
0.00
0.00
0.00
0.00
0.00
0.00
0.00
0.00
0.00
0.00
0.00
0.00
0.00
0.00
0.00
0.00
0.00
0.00
0.00
0.00
-1.71
0.00
6.91
-0.65
-1.00
0.00
0.00
6.91
-2.09
0.00
-0.74
-2.56
0.83
-0.71
0.23
-6.91
0.00
-1.53
0.00
0.00
0.00
-0.83
-2.60
3.26
-1.66
6.91
-6.91
-1.87
-0.78
-6.91
0.00
0.00
-1.09
-1.14
-4.40
-1.48
0.00
-0.50
-1.26
0.00
-1.97
-4.36
0.00
6.91
0.00
-0.17
-0.12
6.91
-2.72
2.69
0.00
0.00
3.66
-1.20
0.00
1.33
-3.08
0.00
0.00
-2.15
-1.08
1.73
-1.00
-0.34
1.36
0.00
2.38
-1.07
0.00
-1.43
-1.03
1.18
0.00
2.92
0.62
0.00
0.00
-2.88
-1.59
-0.27
-0.81
6.91
0.00
-1.27
0.00
0.00
1.25
0.00
0.00
-2.19
0.00
0.00
2.73
0.00
0.00
0.00
0.00
0.00
0.00
0.00
0.00
0.00
0.00
0.00
0.00
0.00
0.00
0.00
0.00
0.00
0.00
0.00
0.00
0.00
0.00
0.00
-6.91
-0.40
0.00
0.00
-0.74
-2.83
-1.25
0.00
-0.12
3.73
0.00
1.16
1.69
0.69
0.00
-6.91
0.00
-1.59
-0.52
-6.91
0.00
0.00
-1.14
0.00
0.48
0.00
0.00
1.62
0.00
-1.26
-1.62
0.00
0.00
0.00
0.00
-0.79
0.00
0.00
-1.23
0.00
0.00
-1.34
-2.15
-1.32
1.88
3.08
-0.83
1.66
-0.05
-1.50
-1.77
0.33
0.00
-6.91
-0.54
0.00
-2.39
-3.49
0.00
2.30
-0.59
0.00
0.87
-1.77
-1.17
-0.79
6.91
-1.31
0.00
0.00
-1.00
-0.50
-0.27
1.03
-0.96
-4.20
0.00
0.00
1.07
2.31
-0.20
-4.90
6.91
-1.02
-0.86
-0.59
-2.64
-1.52
0.00
-1.87
-1.45
-1.61
0.00
0.00
0.00
0.00
0.00
0.00
0.00
0.00
0.00
0.00
0.00
0.00
0.00
0.00
0.00
0.00
0.00
0.00
0.00
0.00
0.00
0.00
-0.84
0.00
1.58
-1.34
-1.95
0.00
0.00
8.18
-1.08
1.06
-0.20
-1.54
-0.90
-0.24
0.44
-6.91
0.00
-0.62
0.00
6.91
0.00
-1.31
-6.91
1.07
-6.91
0.94
-6.91
-3.39
-0.22
-1.79
0.00
0.00
-1.51
-1.19
-0.59
-1.00
1.69
-1.02
-2.55
1.78
-0.72
0.77
0.69
0.08
0.87
-6.91
-6.91
1.47
-3.55
-0.48
0.40
6.91
-0.44
-0.05
0.65
-0.26
0.16
6.91
6.91
-0.84
-3.58
1.69
-0.69
-6.91
1.43
0.88
-0.22
-1.92
0.60
0.02
0.25
-0.77
0.00
-0.51
-0.51
3.71
6.91
-0.88
-0.23
-1.31
-3.04
0.29
0.97
-1.70
0.50
0.00
-0.97
6.91
6.91
0.07
6.91
0.51
0.53
0.00
0.00
0.00
0.00
0.00
0.00
0.00
0.00
0.00
0.00
0.00
0.00
0.00
0.00
0.00
0.00
0.00
0.00
0.00
0.00
0.00
0.00
2.49
-1.14
-1.93
0.16
2.71
-1.18
0.34
-3.38
1.21
-1.64
0.85
6.91
-0.45
-0.01
-1.04
0.00
-0.21
0.46
-0.18
-2.01
0.23
0.00
0.89
-6.91
1.34
-4.78
0.00
2.05
0.41
0.00
-1.56
-0.19
6.91
1.13
2.87
1.98
-6.91
0.00
0.00
-0.50
0.00
0.00
-2.86
-3.33
-6.91
1.25
1.41
-6.91
0.78
-0.61
-2.38
-2.25
-2.36
0.00
-0.97
-0.58
0.00
-0.95
-0.86
0.00
0.36
-6.91
0.00
-0.05
-2.00
-2.75
-0.53
0.74
-6.91
0.00
0.00
-0.75
-0.94
-1.53
-0.33
-0.70
-1.40
0.00
0.00
0.98
2.13
-0.99
-1.23
0.89
-3.47
-1.16
-0.49
-0.46
-6.91
0.00
-3.08
-4.11
-3.86
0.00
0.00
0.00
0.00
0.00
0.00
0.00
0.00
0.00
0.00
0.00
0.00
0.00
0.00
0.00
0.00
0.00
0.00
0.00
0.00
0.00
0.00
-0.90
0.00
-0.11
-3.74
-3.18
0.00
0.00
0.93
-3.39
0.90
-3.45
-0.46
-2.67
-2.22
-0.19
-1.41
0.00
-6.91
0.00
2.39
0.00
0.09
-2.71
-0.01
-2.36
1.33
-0.13
-0.61
-6.91
-0.18
0.00
0.00
-0.62
-1.17
-1.19
-6.91
0.98
0.38
-0.88
0.00
-1.95
-1.33
0.00
0.00
0.00
-0.61
-0.37
0.00
-0.91
3.19
0.00
0.00
1.69
-2.36
0.00
1.11
-3.35
0.00
0.00
-1.00
-0.41
0.00
-1.50
-0.59
0.00
0.00
6.91
-1.01
0.00
-1.59
-0.35
1.08
0.00
3.07
1.68
0.00
0.00
-2.59
-2.17
0.24
0.40
0.00
0.00
-1.09
0.00
0.00
2.87
0.00
0.00
-1.98
0.00
0.00
3.32
0.00
0.00
0.00
0.00
0.00
0.00
0.00
0.00
0.00
0.00
0.00
0.00
0.00
0.00
0.00
0.00
0.00
0.00
0.00
0.00
0.00
0.00
0.00
-2.16
0.69
0.00
0.00
-6.91
-1.21
0.37
0.00
-1.05
0.00
0.00
1.34
6.91
2.89
0.00
-2.06
0.00
-3.54
-0.19
-0.63
0.00
0.00
0.03
0.00
-0.06
0.00
0.00
0.00
0.00
-0.70
-1.31
0.00
0.00
0.00
0.00
-0.12
0.00
0.00
-2.65
0.00
0.00
-1.49
-6.91
-6.91
3.54
0.10
-1.32
1.41
-0.21
-6.91
-0.97
-0.51
0.00
-6.91
0.27
0.00
-0.42
-6.91
0.00
0.62
-2.00
0.00
1.04
-1.21
-6.91
-1.53
3.56
-2.55
0.00
0.00
-1.46
-0.32
-0.47
-0.47
-1.17
-1.01
0.00
0.00
1.05
0.74
-1.29
-1.73
3.11
-6.91
-0.88
-0.25
-0.44
-1.70
0.00
-0.82
-1.07
-1.48
0.00
0.00
0.00
0.00
0.00
0.00
0.00
0.00
0.00
0.00
0.00
0.00
0.00
0.00
0.00
0.00
0.00
0.00
0.00
0.00
0.00
0.00
-2.17
0.00
1.01
-2.36
-1.08
0.00
0.00
0.62
-6.91
1.86
-1.70
-0.48
-1.82
-0.38
0.50
-0.51
0.00
-4.10
0.00
2.46
0.00
-0.74
-1.53
1.64
-0.92
1.01
-1.51
-0.71
-1.02
-1.31
0.00
0.00
-6.55
-1.32
-1.58
-1.88
3.18
-0.79
-0.78
1.31
-1.00
0.47
1.85
0.11
0.28
-2.42
-1.47
-0.01
-1.27
0.13
1.13
1.31
-0.93
1.19
1.62
-1.32
0.24
3.29
1.38
0.32
-3.28
0.80
0.49
-1.73
0.71
1.87
-0.05
-6.91
1.32
0.60
0.77
-0.76
0.00
-0.10
-1.15
2.69
1.14
0.26
-0.46
-3.07
-2.25
0.96
1.57
-1.47
1.86
0.00
-0.19
6.91
1.03
-0.30
1.87
1.26
0.40
0.00
0.00
0.00
0.00
0.00
0.00
0.00
0.00
0.00
0.00
0.00
0.00
0.00
0.00
0.00
0.00
0.00
0.00
0.00
0.00
0.00
0.00
4.40
0.08
-4.20
0.24
2.33
0.38
0.84
-1.91
1.02
-1.66
-0.14
2.76
0.01
-0.89
-1.16
6.91
0.13
0.16
0.51
-1.00
0.12
0.00
0.34
-1.54
1.51
-3.03
1.92
0.86
1.11
2.04
-0.05
-0.70
1.26
1.51
0.76
-0.08
-3.56
0.00
3.50
-0.01
1.76
0.00
-2.38
-6.91
-2.94
0.98
0.17
-2.23
0.36
-0.86
-0.57
-1.36
-0.54
0.00
-1.67
-1.02
6.91
-1.09
-1.20
6.91
0.07
-6.91
0.00
-0.27
-4.18
-2.28
-1.99
0.79
-2.06
1.89
0.00
-0.33
0.48
-3.01
-0.70
0.23
-0.95
6.91
0.00
0.07
0.42
-3.18
-1.62
0.18
-1.75
-0.72
-0.80
-0.06
-2.90
0.00
-0.90
-3.14
-1.81
0.00
0.00
0.00
0.00
0.00
0.00
0.00
0.00
0.00
0.00
0.00
0.00
0.00
0.00
0.00
0.00
0.00
0.00
0.00
0.00
0.00
0.00
-0.29
6.91
0.25
-1.05
-0.28
0.00
0.00
0.67
-1.64
1.95
-6.91
-1.22
-0.92
-0.16
-0.95
0.03
6.91
-2.76
0.00
1.65
0.00
0.84
-2.15
1.02
-1.95
0.51
-0.31
-2.52
-2.23
-0.75
2.08
0.00
-0.06
-6.91
-2.01
-1.64
1.36
0.82
-0.58
0.00
-1.44
-1.19
0.00
0.00
0.00
-0.96
-0.52
6.91
-0.07
6.91
0.00
0.00
1.72
-0.75
0.00
2.73
-6.91
0.00
0.00
-1.42
-0.43
0.00
-1.44
0.64
6.91
0.00
1.46
-0.35
0.00
-3.11
-2.10
0.93
0.00
1.68
0.76
0.00
0.00
-6.61
-1.17
-0.37
0.10
2.25
0.00
-1.72
0.00
0.00
2.35
0.00
0.00
-3.69
0.00
0.00
3.44
0.00
0.00
0.00
0.00
0.00
0.00
0.00
0.00
0.00
0.00
0.00
0.00
0.00
0.00
0.00
0.00
0.00
0.00
0.00
0.00
0.00
0.00
0.00
-6.91
-0.29
0.00
0.00
-6.91
-2.08
-0.46
0.00
-1.22
2.11
0.00
1.67
6.91
0.18
0.00
-2.97
0.00
-0.69
-1.13
-6.91
0.00
0.00
0.00
0.00
-0.74
0.00
0.00
6.91
0.00
-6.91
-5.74
0.00
0.00
0.00
0.00
-1.68
0.00
0.00
0.00
-1.98
-0.20
1.77
1.45
0.68
-1.46
-2.77
0.79
-2.75
0.53
0.80
0.00
0.29
-0.87
1.14
0.33
-0.25
0.00
6.91
-1.74
-6.91
1.51
0.05
-0.68
2.41
0.66
0.92
-1.32
1.20
0.03
0.00
0.09
0.00
0.68
0.46
0.00
2.52
-2.31
0.31
-1.42
-1.00
1.34
8.11
-6.91
2.06
0.00
0.69
0.00
1.02
0.03
1.73
1.40
0.17
0.00
0.00
0.00
0.00
0.00
0.00
0.00
0.00
0.00
0.00
0.00
0.00
0.00
0.00
0.00
0.00
0.00
0.00
0.00
0.00
0.00
0.00
0.00
-2.07
-2.31
3.51
1.55
-0.35
0.12
-5.08
7.22
-1.28
0.41
7.46
0.31
0.54
-0.57
0.00
-0.84
1.62
0.06
-6.91
-0.27
0.00
0.98
-1.25
3.23
-2.23
0.00
6.91
0.26
0.00
-1.10
-0.84
6.91
6.21
6.91
1.23
-6.91
0.00
0.00
-0.96
0.00
0.00
-1.67
-0.86
-6.07
0.58
0.66
-1.74
1.57
-0.81
-6.91
-3.93
-1.66
0.00
-2.16
-0.78
0.00
-1.17
-1.57
0.00
1.07
-2.86
0.00
1.88
-3.34
-2.91
-0.84
1.83
-1.25
0.00
0.00
-0.36
-1.81
-0.56
0.28
-1.16
-2.41
0.00
0.00
1.30
2.37
-1.81
-3.31
1.76
-6.91
-1.70
-0.03
-3.42
-2.24
0.00
-3.30
-1.74
-2.31
0.00
0.00
0.00
0.00
0.00
0.00
0.00
0.00
0.00
0.00
0.00
0.00
0.00
0.00
0.00
0.00
0.00
0.00
0.00
0.00
0.00
0.00
-0.52
0.00
0.69
-6.91
-1.60
0.00
0.00
1.59
-6.91
1.59
-5.17
-6.91
0.11
-1.34
-0.94
-1.06
0.00
-6.91
0.00
1.54
0.00
-0.10
-6.91
0.55
-2.03
1.02
-1.24
-0.77
-0.82
-0.55
0.00
0.00
-1.23
-1.86
-2.96
-1.24
3.25
-0.45
-1.50
0.00
-1.03
-2.10
0.00
0.00
0.00
0.19
-0.61
0.00
-0.61
2.78
0.00
0.00
6.91
-6.91
0.00
1.84
-2.00
0.00
0.00
-6.91
0.12
0.00
-1.20
0.80
0.00
0.00
6.91
-0.07
0.00
-6.91
-1.91
1.22
0.00
2.03
1.18
0.00
0.00
-0.91
-6.91
0.03
0.59
0.00
0.00
-1.18
0.00
0.00
6.91
0.00
0.00
-6.91
0.00
0.00
6.91
0.00
0.00
0.00
0.00
0.00
0.00
0.00
0.00
0.00
0.00
0.00
0.00
0.00
0.00
0.00
0.00
0.00
0.00
0.00
0.00
0.00
0.00
0.00
-2.34
0.99
0.00
0.00
-1.41
-1.43
-0.67
0.00
-0.51
0.00
0.00
2.19
1.64
1.81
0.00
-2.14
0.00
-1.00
0.29
-2.48
0.00
0.00
-0.75
0.00
-0.38
0.00
0.00
0.00
0.00
-1.28
-2.39
0.00
0.00
0.00
0.00
0.20
0.00
0.00
0.03
1.96
2.57
0.01
-0.65
-0.89
0.32
0.18
-2.49
0.90
-6.91
-0.08
-0.21
-6.91
6.91
-1.08
-1.20
0.78
0.43
0.05
1.86
0.19
-1.40
2.01
-1.37
-2.09
-1.42
-1.60
-0.16
-0.06
2.53
6.91
-0.76
-0.02
-6.91
-0.46
0.66
0.34
1.48
6.91
-0.96
-0.80
-0.42
-0.85
0.97
-0.45
1.46
-1.25
-0.54
0.12
1.63
-1.05
-1.70
-1.89
0.00
0.00
0.00
0.00
0.00
0.00
0.00
0.00
0.00
0.00
0.00
0.00
0.00
0.00
0.00
0.00
0.00
0.00
0.00
0.00
0.00
0.00
-0.01
1.18
-0.13
-1.97
-0.85
1.25
1.22
0.12
-0.80
-0.19
-1.19
-0.52
-2.81
-3.26
-2.04
0.68
3.40
-0.81
2.94
0.24
1.90
0.03
-0.95
0.07
-0.80
0.04
0.75
-0.78
-1.63
0.71
0.62
6.91
-0.29
-0.94
-0.19
-1.79
-0.28
1.75
-0.33
-2.43
0.00
0.00
-1.68
-0.71
-0.10
0.00
0.00
-0.36
0.00
1.43
-0.27
-0.46
0.14
0.00
-0.70
1.55
0.00
-1.21
-0.63
0.00
0.00
0.52
0.00
0.00
0.35
-0.14
0.55
0.00
-0.78
0.00
0.00
2.19
-1.25
-0.23
0.89
-6.91
-0.90
0.00
0.00
0.00
0.00
-0.20
-0.19
0.00
-0.96
-2.82
0.06
-2.37
-1.65
0.00
-1.05
0.82
0.37
0.00
0.00
0.00
0.00
0.00
0.00
0.00
0.00
0.00
0.00
0.00
0.00
0.00
0.00
0.00
0.00
0.00
0.00
0.00
0.00
0.00
0.00
-5.46
0.00
0.00
-0.40
-0.36
0.00
0.00
0.00
-1.52
0.00
0.50
-0.39
2.12
0.02
3.55
-1.23
0.00
-0.83
0.00
0.00
0.00
-2.41
-0.03
0.00
-1.21
0.00
-2.49
-0.25
0.59
-6.91
0.00
0.00
-1.27
-1.35
0.22
-0.80
0.00
-1.35
-0.50
-4.74
0.00
0.00
-0.92
-0.90
-0.59
0.00
6.91
-1.40
0.00
0.38
-1.42
-3.90
-0.17
0.00
-0.87
-0.16
0.00
-1.94
-3.46
0.00
0.00
-0.37
0.00
1.08
-0.67
-0.39
-0.09
0.00
-1.32
0.00
0.00
0.06
-1.97
-0.41
-0.12
-6.91
-6.91
0.00
0.00
1.25
6.91
-1.29
-0.18
0.00
-2.32
-6.91
0.76
-6.91
-5.09
0.00
-1.42
-2.05
-0.23
0.00
0.00
0.00
0.00
0.00
0.00
0.00
0.00
0.00
0.00
0.00
0.00
0.00
0.00
0.00
0.00
0.00
0.00
0.00
0.00
0.00
0.00
-6.91
0.00
5.18
-0.34
-2.12
0.00
0.00
6.91
-1.73
0.00
0.02
-2.08
-0.26
0.14
1.54
-2.30
0.00
-1.77
0.00
0.00
0.00
-0.37
-2.85
6.91
-2.22
1.88
-2.78
-1.09
-0.12
-1.80
0.00
0.00
-6.91
-0.84
-6.91
-2.11
0.00
-0.81
-1.92
-6.91
0.00
0.00
-0.73
-0.49
0.26
0.00
0.00
0.32
0.00
0.14
-1.28
-3.43
0.50
0.00
-2.14
0.14
0.00
-1.29
-0.69
0.00
0.00
0.02
0.00
0.00
0.13
0.28
0.40
0.00
-1.47
0.00
0.00
1.73
-1.41
-0.25
0.57
-1.17
-2.61
0.00
0.00
0.00
0.00
-0.15
-0.98
0.00
-0.85
-6.91
1.06
-2.00
-0.78
0.00
-0.43
-0.06
1.12
0.00
0.00
0.00
0.00
0.00
0.00
0.00
0.00
0.00
0.00
0.00
0.00
0.00
0.00
0.00
0.00
0.00
0.00
0.00
0.00
0.00
0.00
-1.39
0.00
0.00
0.34
-0.67
0.00
0.00
0.00
-1.05
0.00
0.42
-0.90
1.72
0.95
0.55
-0.83
0.00
-0.64
0.00
0.00
0.00
-0.72
-0.09
0.00
-2.49
0.00
-2.52
-1.38
-0.01
-6.91
0.00
0.00
-1.77
-0.33
-2.31
-0.75
0.00
-3.89
-1.65
-2.83
0.00
0.00
-1.58
-0.88
-2.02
1.54
1.17
-1.16
1.46
-0.97
-2.90
-1.74
-0.51
0.00
-1.46
-0.48
0.00
-2.18
-3.80
0.00
6.91
-1.42
0.00
1.24
-1.16
-2.58
0.56
1.04
-2.10
0.00
0.00
0.03
-0.31
-0.92
-0.51
-3.62
-6.91
0.00
0.00
0.29
1.34
-1.76
-1.34
1.92
-1.88
-0.17
-0.76
-1.85
-1.21
0.00
-6.91
-1.69
-0.15
0.00
0.00
0.00
0.00
0.00
0.00
0.00
0.00
0.00
0.00
0.00
0.00
0.00
0.00
0.00
0.00
0.00
0.00
0.00
0.00
0.00
0.00
-0.95
0.00
2.16
-0.96
-0.68
0.00
0.00
2.28
-3.27
6.91
-1.26
-2.46
-1.09
-0.87
0.64
-0.52
0.00
-2.83
0.00
3.37
0.00
-1.34
-1.22
1.39
-2.73
1.99
-2.77
-2.79
-0.90
-0.83
0.00
0.00
-1.96
-1.88
-6.91
-0.78
3.57
-0.43
-1.32
0.63
0.70
4.76
-0.52
-1.15
-0.37
-0.83
0.06
-3.43
0.41
-2.29
0.03
-0.30
-1.19
1.90
-0.57
-2.63
1.12
0.13
0.15
0.69
-1.01
-0.63
6.91
0.18
-0.53
-0.66
-3.21
0.80
-0.99
2.38
6.91
-6.91
0.61
-1.26
-6.91
0.34
-0.08
1.16
6.91
-1.19
-0.19
-2.93
-0.65
0.21
-1.29
0.98
-6.91
0.01
-0.66
1.41
-0.81
-0.80
-6.91
0.00
0.00
0.00
0.00
0.00
0.00
0.00
0.00
0.00
0.00
0.00
0.00
0.00
0.00
0.00
0.00
0.00
0.00
0.00
0.00
0.00
0.00
0.06
0.66
-1.46
-0.53
-0.34
1.68
0.72
-0.24
-0.52
-0.14
-0.88
-0.60
-5.43
-1.84
-1.55
-0.23
0.57
-0.12
1.09
0.12
0.79
0.53
-1.23
-0.72
-0.15
-1.15
0.07
-0.36
-0.38
-0.36
1.40
1.81
0.24
-0.84
-0.87
-1.36
-0.38
0.38
0.54
-1.12
1.47
0.00
-0.72
-1.61
-2.43
1.12
-0.19
-0.65
0.56
-1.23
-0.62
0.68
-0.99
0.00
-1.36
-0.93
6.91
0.22
-1.07
1.40
0.75
-0.70
0.00
-0.11
-1.51
-1.01
-1.89
0.77
-0.47
1.43
0.00
-1.29
1.13
-1.92
-0.87
0.18
-1.36
1.01
0.00
-0.45
0.68
-1.66
-0.89
-0.11
-1.39
0.68
-2.15
0.25
-1.70
0.00
-0.05
-0.42
-4.36
0.00
0.00
0.00
0.00
0.00
0.00
0.00
0.00
0.00
0.00
0.00
0.00
0.00
0.00
0.00
0.00
0.00
0.00
0.00
0.00
0.00
0.00
-0.21
1.69
0.26
-0.81
-0.79
2.35
0.00
-0.50
-1.69
0.60
-1.48
-0.42
-0.94
-1.54
-1.08
-0.30
1.52
-2.89
6.91
-0.10
0.00
0.28
-1.84
-0.45
-1.34
-0.62
-0.77
0.07
-1.57
-0.23
1.01
2.17
-0.55
-1.88
-0.85
-0.39
1.02
0.71
0.68
0.79
0.26
1.33
0.12
-0.38
-0.95
-1.43
-1.56
-0.43
-0.76
-0.90
0.04
0.26
-1.17
2.18
-0.28
-1.25
0.74
1.18
0.38
1.75
-0.72
-0.30
1.92
-1.23
-2.02
-0.66
-0.63
0.54
-0.78
0.38
0.68
-6.91
1.11
-0.41
-6.91
0.76
0.44
1.53
1.88
-0.90
-1.43
-1.85
0.42
-0.59
-0.33
0.86
-2.21
0.11
0.27
1.16
-0.19
-1.29
-1.55
0.00
0.00
0.00
0.00
0.00
0.00
0.00
0.00
0.00
0.00
0.00
0.00
0.00
0.00
0.00
0.00
0.00
0.00
0.00
0.00
0.00
0.00
1.42
0.11
-0.56
-1.13
0.57
2.19
2.46
-0.67
0.20
0.29
-1.17
0.22
-6.91
-2.17
-1.18
0.00
1.30
-0.64
1.61
-0.26
1.49
1.73
0.38
-0.70
-0.53
-0.36
0.55
-0.61
-1.36
1.76
0.41
2.86
-0.10
-0.87
0.41
0.21
-0.01
1.47
0.25
0.33
1.36
1.51
-1.12
-1.28
-1.31
0.06
-0.09
-1.54
0.82
-6.91
-1.24
0.02
-1.20
6.91
-1.19
-6.91
6.91
0.78
0.24
0.90
0.01
-1.43
3.76
-0.24
-1.19
-1.17
-6.91
0.34
-1.51
1.66
1.97
-2.18
-0.06
-1.13
-2.15
-0.63
-1.27
0.69
2.75
-0.99
-0.50
-0.76
-0.99
0.68
-0.01
1.70
-6.91
0.90
-1.62
1.96
-1.30
-0.46
-6.91
0.00
0.00
0.00
0.00
0.00
0.00
0.00
0.00
0.00
0.00
0.00
0.00
0.00
0.00
0.00
0.00
0.00
0.00
0.00
0.00
0.00
0.00
0.46
0.87
-0.26
-1.59
-1.04
2.21
2.35
-0.55
-0.97
0.55
-0.97
-0.43
-6.91
-6.91
-2.03
-0.48
1.72
-1.13
6.91
0.37
1.52
1.10
0.04
-0.86
-0.41
-0.03
-0.56
0.38
-0.82
0.27
0.81
6.91
-0.47
-0.78
0.48
-0.36
0.27
2.43
-0.45
-1.95
0.00
0.00
-6.91
-0.20
-0.58
0.00
1.98
-1.44
0.00
-0.04
-4.01
-1.67
-0.17
0.00
-1.79
0.42
0.00
-1.66
-0.68
0.00
0.00
-0.78
0.00
3.90
-0.93
-1.36
0.35
0.00
-5.11
0.00
0.00
0.63
-3.54
0.37
0.67
-2.22
-1.68
0.00
0.00
6.91
0.00
-0.98
-2.52
0.00
-0.46
-1.89
-0.41
-6.91
-3.94
0.00
-0.46
-1.16
-0.02
-6.91
0.00
-6.91
6.91
-1.59
0.00
-0.38
1.20
-1.30
0.00
0.00
-2.58
0.00
-0.20
-0.87
-1.55
-1.45
-2.19
1.17
-0.89
0.07
0.75
0.00
0.00
0.00
0.00
0.00
0.00
0.00
0.00
0.00
0.00
0.00
0.00
0.00
0.00
0.00
-6.91
0.00
-0.33
0.00
0.00
0.00
-0.84
-1.94
6.91
-2.71
1.50
-2.66
-0.86
0.01
-6.91
0.00
0.00
-1.38
-2.46
-1.24
0.01
0.00
-1.13
-6.91
0.00
-6.91
-0.71
0.00
1.92
0.00
-0.09
-0.37
6.91
-2.44
1.39
0.00
0.00
2.54
-0.47
0.00
1.27
-6.91
0.00
0.00
-1.60
-1.55
6.91
-1.59
0.28
3.16
0.00
1.28
-1.18
0.00
-3.83
-0.99
1.98
0.00
1.52
0.05
0.00
0.00
-1.29
-1.90
-0.90
-1.01
1.99
0.00
-1.34
0.00
0.00
1.37
0.00
0.00
-0.79
0.00
0.00
2.26
0.00
-2.44
0.00
-0.88
0.00
-6.91
0.00
0.46
6.91
-1.60
-1.89
0.00
-2.13
1.29
0.00
0.00
0.00
0.00
2.33
2.37
0.47
3.45
0.00
0.00
0.00
0.00
0.00
0.00
0.00
0.00
0.00
0.00
0.00
0.00
0.00
0.00
0.00
0.00
-6.91
0.00
-1.46
-2.30
-3.61
0.00
0.00
-0.43
0.00
-0.02
0.00
0.00
1.52
0.00
-1.37
-6.91
0.00
0.00
0.00
0.00
-0.46
0.00
0.00
3.12
-1.00
1.09
0.28
1.10
1.46
-0.70
-2.22
0.35
-0.53
-0.85
1.42
6.91
-0.27
1.07
0.48
-0.49
-0.78
0.94
1.88
-0.41
-1.91
0.91
0.82
-6.91
0.58
-0.01
-0.48
-1.86
0.25
-0.70
0.73
-0.89
6.91
-0.05
-1.27
2.52
0.96
-0.26
0.95
-6.91
-3.06
0.62
0.16
-1.91
0.30
0.00
-0.07
1.36
0.54
0.25
1.90
-0.07
-0.13
6.91
-0.12
0.80
-4.60
0.17
-0.38
0.44
-2.59
0.22
-0.72
-6.91
1.39
-0.22
-0.61
0.00
2.82
0.00
0.81
-1.47
-0.31
-1.38
0.18
0.00
0.00
0.00
0.00
0.00
0.00
0.00
0.00
0.00
0.00
0.00
0.00
0.00
0.00
0.00
6.93
0.00
1.14
-0.49
-0.97
1.16
0.00
1.11
-1.74
0.45
-6.91
1.43
1.61
0.59
3.48
-0.03
0.07
1.52
1.01
0.34
1.14
-2.70
0.00
1.93
-1.89
0.00
0.00
-3.16
-1.84
-1.30
0.66
0.98
-2.54
1.95
-2.00
-1.12
-1.61
-0.33
0.00
-3.82
-0.09
0.00
-0.90
-0.96
0.00
0.19
-6.91
0.00
1.44
-2.10
-6.91
-1.74
3.78
-6.91
0.00
0.00
-0.14
0.23
-0.86
-1.41
-0.58
-1.56
0.00
0.00
-0.24
0.22
-0.90
-1.96
0.75
-6.91
-0.85
-1.00
-0.28
-1.56
0.00
-1.47
-1.23
-1.33
-1.07
0.00
-1.36
0.30
-6.91
0.00
-1.94
1.35
-1.88
0.00
2.32
-2.62
0.00
-2.14
0.35
-1.03
-0.02
-1.59
-0.13
-1.06
-0.04
-0.73
0.00
0.00
0.00
0.00
0.00
0.00
0.00
0.00
0.00
0.00
0.00
0.00
0.00
0.00
0.00
-0.25
0.00
-6.91
0.00
1.30
0.00
-0.02
-6.91
1.36
-3.80
-0.19
-1.91
-0.52
-1.41
0.02
0.00
0.00
-0.62
-1.67
-2.53
-1.58
0.48
0.42
-0.65
-1.79
0.00
0.00
-1.84
-2.58
-0.68
1.91
1.61
-0.68
0.00
-0.66
-0.63
-2.00
-0.03
0.00
-6.91
-0.23
0.00
-3.04
-1.60
0.00
2.16
-1.47
0.00
6.91
-1.84
-6.91
0.42
1.60
-6.91
0.00
0.00
-0.58
-1.68
-0.56
0.33
-1.86
-1.58
0.00
0.00
1.30
2.65
-0.90
-0.86
1.35
-1.53
-2.51
-0.76
-1.35
-2.50
0.00
-1.49
-0.55
-0.56
-6.91
0.00
-6.91
1.54
-2.17
0.00
-1.57
0.90
-0.07
0.00
2.55
-0.70
0.00
-0.47
-0.51
-1.89
-0.64
-1.36
0.56
-1.04
0.86
-0.05
0.00
0.00
0.00
0.00
0.00
0.00
0.00
0.00
0.00
0.00
0.00
0.00
0.00
0.00
0.00
-2.31
0.00
-1.06
0.00
1.38
0.00
-0.66
-1.25
4.68
-6.91
0.68
-1.44
-0.53
-0.46
-5.59
0.00
0.00
-4.13
-6.91
-2.46
-0.59
1.94
-0.25
-0.24
0.00
-0.84
-3.33
0.00
0.00
0.00
0.42
-0.50
0.00
-1.44
1.76
0.00
0.00
1.15
-3.94
0.00
2.81
-0.88
0.00
0.00
-1.42
-0.62
0.00
-2.49
0.18
0.00
0.00
4.89
-1.02
0.00
-1.11
-1.54
6.91
0.00
1.99
0.73
0.00
0.00
-1.72
-1.60
0.63
-1.23
0.00
0.00
-1.42
0.00
0.00
1.01
0.00
0.00
-2.10
0.00
0.00
1.57
0.00
-6.91
0.00
-0.03
0.00
-2.09
0.00
-0.68
0.00
-0.52
-1.13
0.00
-6.91
0.89
0.00
0.00
0.00
0.00
6.91
3.54
1.92
1.15
0.00
0.00
0.00
0.00
0.00
0.00
0.00
0.00
0.00
0.00
0.00
0.00
0.00
0.00
0.00
0.00
-2.23
0.00
-3.43
0.23
-3.56
0.00
0.00
-0.86
0.00
-0.09
0.00
0.00
0.00
0.00
-4.04
-6.91
0.00
0.00
0.00
0.00
-1.32
0.00
0.00
0.00
-0.87
-0.90
0.00
0.00
0.00
-0.60
-0.47
0.00
-0.98
6.91
0.00
0.00
2.84
-6.91
0.00
1.29
-1.11
0.00
0.00
-3.41
0.08
0.00
-0.93
0.78
0.00
0.00
1.40
-0.83
0.00
-6.91
-4.05
0.88
0.00
6.91
0.34
0.00
0.00
-1.79
-1.43
1.14
-0.51
0.00
0.00
-0.07
0.00
0.00
6.91
0.00
0.00
-1.29
0.00
0.00
6.91
0.00
-1.83
0.00
-0.22
0.00
-1.39
0.00
0.31
0.00
-1.11
0.32
0.00
-3.83
6.91
0.00
0.00
0.00
0.00
1.03
0.00
3.62
1.52
0.00
0.00
0.00
0.00
0.00
0.00
0.00
0.00
0.00
0.00
0.00
0.00
0.00
0.00
0.00
0.00
-4.78
0.00
-0.70
-1.11
-6.91
0.00
0.00
-0.24
0.00
0.59
0.00
0.00
0.00
0.00
-2.34
-2.58
0.00
0.00
0.00
0.00
0.26
0.00
0.00
1.96
0.19
0.27
4.38
0.81
0.99
-1.73
-2.13
1.09
-2.53
0.12
1.14
1.17
-0.49
0.92
2.59
-1.43
-0.83
6.91
2.62
0.12
-6.91
-0.08
0.24
-2.15
-0.12
0.21
-0.19
-4.77
0.72
-0.34
0.07
-0.59
0.00
0.01
0.10
6.91
0.81
-0.02
0.02
-1.96
-1.46
-0.18
2.85
-6.91
1.45
0.00
0.36
6.91
0.82
0.31
4.40
1.66
-0.49
1.57
-0.68
6.91
-1.82
0.33
-0.75
0.43
-1.07
0.38
-0.33
-6.91
3.05
0.20
0.58
0.00
6.91
0.00
1.93
-0.23
0.64
-0.87
-0.99
0.00
0.00
0.00
0.00
0.00
0.00
0.00
0.00
0.00
0.00
0.00
0.00
0.00
0.00
0.00
2.37
-1.78
0.14
-0.18
-1.49
-0.35
0.00
0.65
-3.12
1.26
-6.91
1.61
1.03
1.18
0.00
-1.62
-0.84
1.32
0.37
1.56
0.79
-3.07
0.00
0.00
-3.10
0.00
0.00
-6.91
-2.91
-6.91
2.62
1.61
-1.20
1.32
-0.21
-6.91
-2.12
-1.29
0.00
-6.91
0.01
0.00
-1.75
-1.53
0.00
2.16
-2.59
0.00
0.76
-3.62
-6.95
-0.05
2.08
-1.27
0.00
0.00
-0.53
-1.37
-0.15
-0.44
-1.45
-3.51
0.00
0.00
0.74
0.63
-1.74
-4.89
6.91
-1.95
-1.48
-0.57
-0.70
-6.91
0.00
-0.73
-1.52
-0.52
-1.47
0.00
-3.44
1.33
-6.91
0.00
-2.03
0.21
-0.88
0.00
2.21
-1.86
0.00
-0.72
-0.69
-1.09
-1.17
-3.27
-1.04
-1.24
0.47
-0.76
0.00
0.00
0.00
0.00
0.00
0.00
0.00
0.00
0.00
0.00
0.00
0.00
0.00
0.00
0.00
-1.72
0.00
-6.91
0.00
1.04
0.00
0.11
-6.91
1.93
-1.30
0.56
-1.10
-1.06
-4.28
-0.57
0.00
0.00
-1.80
-6.91
-1.25
-2.72
6.91
-1.09
-1.99
0.00
-0.84
-0.80
1.13
2.06
0.96
-3.72
-1.00
0.39
-2.23
-0.30
1.98
0.00
0.65
-0.29
1.82
-0.43
-1.72
0.00
1.14
-1.82
-6.91
0.67
-0.12
-0.89
0.89
0.73
-0.32
-6.91
2.18
-0.21
-0.24
-0.82
0.00
0.34
-0.92
0.00
6.91
-0.16
0.20
-3.30
-3.00
0.32
0.50
-1.80
0.87
0.00
-0.12
0.00
0.97
-0.02
2.36
0.55
0.10
0.00
-0.72
2.68
-6.91
0.39
-0.01
6.91
-6.91
1.76
-0.25
-6.91
2.78
0.27
-0.35
0.00
0.00
0.00
1.05
-0.80
-0.08
-0.29
0.94
0.00
0.00
0.00
0.00
0.00
0.00
0.00
0.00
0.00
0.00
0.00
0.00
0.00
0.00
0.00
0.00
-0.52
1.97
-0.99
-1.61
-0.26
0.00
0.68
-1.23
1.83
-1.03
0.00
3.09
0.16
0.00
-0.55
-0.13
2.98
0.90
4.00
0.61
-1.46
0.00
0.00
-1.08
6.91
0.00
-1.94
-1.93
-6.91
1.68
0.98
-1.32
1.70
-2.01
-1.84
-0.16
-0.85
0.00
-0.88
-1.78
6.91
-1.29
-0.68
1.49
1.64
-6.91
0.00
-0.04
-2.05
-1.68
-1.63
0.38
-2.87
6.91
0.00
-1.30
-0.88
-1.98
-1.22
0.08
-0.58
5.64
0.00
0.25
1.89
-6.91
-1.04
1.67
-1.09
0.67
-1.83
-0.92
-2.00
0.00
-1.66
-1.92
-2.04
-1.03
2.91
-1.35
0.21
-6.91
0.00
-1.25
1.09
-3.22
6.91
1.55
-6.91
0.00
-1.70
-0.24
-1.55
0.47
-0.64
-1.58
-0.40
-0.47
-0.33
0.00
0.00
0.00
0.00
0.00
0.00
0.00
0.00
0.00
0.00
0.00
0.00
0.00
0.00
0.00
-1.39
6.91
-1.28
0.00
2.51
0.00
-0.40
-2.69
0.04
-0.15
1.03
-0.65
-0.79
-1.71
0.01
3.60
0.00
-1.86
-2.82
-1.35
-6.91
1.57
0.10
-0.18
-1.97
0.00
0.00
-0.85
-1.86
-1.14
0.93
0.52
-1.38
1.34
-0.19
-6.91
-6.91
-0.65
0.00
-1.84
0.52
0.00
-1.20
-2.46
0.00
6.91
-3.48
0.00
1.13
-4.05
-2.58
0.44
6.91
-1.52
0.00
0.00
-0.78
-0.45
-0.87
0.74
-2.75
-1.77
0.00
0.00
0.51
1.02
-1.03
-0.62
1.55
-3.56
-0.30
0.20
-1.52
-1.05
0.00
-2.62
-1.16
-0.59
-0.99
0.00
-1.15
3.03
-0.84
0.00
-0.75
1.53
-3.65
0.00
3.12
-0.83
0.00
-0.59
-0.47
-6.91
-0.32
-2.13
-0.77
-0.70
-0.36
-0.93
0.00
0.00
0.00
0.00
0.00
0.00
0.00
0.00
0.00
0.00
0.00
0.00
0.00
0.00
0.00
-1.37
0.00
-1.20
0.00
2.30
0.00
-0.03
-2.43
1.47
-1.09
3.17
-4.31
-2.13
-0.46
-0.24
0.00
0.00
-1.65
-1.33
-1.58
-1.64
2.39
-0.58
-0.60
0.73
0.43
2.63
-0.66
-1.62
-0.76
0.25
-0.78
-2.45
0.38
-0.87
-0.00
0.19
-6.91
1.11
0.36
-6.91
2.70
0.07
-0.70
0.74
-0.65
-0.77
6.91
-0.62
-2.23
-0.18
-0.88
0.41
-0.42
2.52
6.91
-6.91
0.93
-1.17
-1.57
-0.63
-0.35
0.34
2.04
0.10
-0.31
-0.39
-0.66
0.24
0.01
0.49
-6.91
0.02
0.32
6.91
0.33
-0.18
-0.95
-0.37
0.89
0.48
-0.55
-0.43
2.63
0.09
-1.19
-0.34
1.38
0.50
-1.05
2.06
-1.55
0.23
0.77
0.47
-0.52
-6.91
-2.15
-6.91
-6.91
0.00
0.00
0.00
0.00
0.00
0.00
0.00
0.00
0.00
0.00
0.00
0.00
0.00
0.00
0.00
-0.12
0.73
-1.58
1.39
0.64
0.95
0.66
0.15
-0.28
0.69
-0.29
1.16
-0.82
-0.74
0.42
1.09
1.86
-0.49
-1.18
0.36
-0.52
-0.08
3.29
-0.25
0.06
6.91
1.44
-0.93
-0.82
-1.53
-0.41
-1.15
-4.71
1.24
-6.91
-0.28
0.74
-6.91
0.00
-1.54
-1.72
1.91
0.46
-0.06
1.03
-0.25
-0.65
6.91
-1.19
-0.89
-0.38
-6.91
-0.12
-1.68
1.42
0.00
-1.60
-0.12
-6.91
-0.19
-0.40
-1.07
1.24
2.31
0.28
0.62
-2.38
-1.83
0.02
-0.77
-0.13
-6.91
0.53
-1.37
6.91
-0.47
-0.96
-3.58
-0.08
1.72
0.09
-0.74
-2.63
1.82
-0.80
0.36
-1.04
0.72
-0.04
-0.23
6.91
-6.91
0.07
0.86
1.24
-0.59
-0.81
-3.70
-2.12
-2.95
0.00
0.00
0.00
0.00
0.00
0.00
0.00
0.00
0.00
0.00
0.00
0.00
0.00
0.00
0.00
0.37
1.85
-1.14
3.85
0.01
1.37
0.05
-1.15
-0.19
-1.33
-1.22
0.58
-0.65
-0.55
0.08
2.59
1.22
-0.28
-1.64
-0.08
-0.94
0.17
1.23
0.21
0.41
0.63
0.69
0.31
-1.32
-0.78
-1.18
-0.68
-0.76
-0.41
-1.14
-0.53
-0.11
-1.06
2.75
-0.00
-1.59
0.53
0.57
0.85
1.51
-0.31
-0.49
1.38
-0.49
-1.83
-0.54
-1.67
-0.48
0.23
-0.02
2.25
-6.91
2.56
-0.84
-1.73
-0.14
-0.14
0.49
0.82
-0.63
-0.10
-0.02
0.12
-0.16
-0.13
1.19
-1.90
0.03
-0.23
2.53
0.96
-0.57
-0.80
0.63
0.62
0.93
-0.19
-0.22
1.06
0.53
-1.44
-0.98
1.70
-0.35
0.07
0.84
-1.67
1.59
0.77
3.43
-0.13
-2.17
-1.20
-1.53
-1.28
0.00
0.00
0.00
0.00
0.00
0.00
0.00
0.00
0.00
0.00
0.00
0.00
0.00
0.00
0.00
1.94
0.29
0.28
0.55
-1.05
0.30
3.51
-0.26
-0.57
1.29
-1.04
1.39
0.22
-0.19
2.09
0.27
1.49
0.14
-0.82
-0.42
-0.03
-0.28
1.63
0.70
0.00
0.00
0.00
0.00
0.00
0.00
0.00
0.00
0.00
0.00
0.00
0.00
0.00
0.00
0.00
0.00
0.00
0.00
-6.91
-1.86
0.00
0.00
-0.55
0.00
1.39
-0.19
-1.51
0.32
0.00
-2.86
0.00
0.00
-0.46
-1.89
0.74
0.31
-2.57
-3.81
0.00
0.00
2.07
0.00
-1.05
-2.34
0.00
-0.92
-2.48
-0.37
-6.91
-0.80
0.00
-1.22
-0.83
0.75
-6.91
0.00
-1.97
0.00
-0.98
0.00
-0.60
1.09
0.37
0.00
0.00
-2.26
0.00
0.33
-6.91
-6.91
-3.74
-2.32
-0.18
0.27
1.32
-0.07
-6.91
0.00
3.32
-0.06
-2.45
0.00
0.00
6.91
-2.03
0.00
0.23
-0.77
0.29
-0.18
0.09
0.00
0.00
0.00
0.00
0.00
0.00
0.00
0.00
0.00
0.00
0.00
0.00
0.00
0.00
-1.98
0.00
0.00
-2.60
-1.39
-3.59
-0.60
0.00
-2.92
-6.91
0.00
0.00
0.00
0.00
0.00
0.00
0.00
0.00
0.00
0.00
0.00
0.00
0.00
0.00
0.00
0.00
0.00
0.00
0.00
0.00
-6.91
-0.52
1.45
-2.80
-0.99
6.91
0.00
0.52
-0.54
0.00
-6.91
-1.57
2.11
0.00
1.45
0.58
0.00
0.00
-1.22
-1.13
-0.46
-0.30
3.24
0.00
-1.94
0.00
0.00
2.25
0.00
0.00
-6.91
0.00
0.00
2.72
0.00
-4.14
0.00
-0.25
0.00
-1.05
0.00
-1.20
3.54
-0.89
-1.62
0.00
-1.32
0.89
0.00
0.00
0.00
0.00
1.09
6.91
-0.04
1.35
0.00
-6.91
-0.34
0.00
0.00
-3.94
-1.38
-0.86
0.00
-0.13
1.99
0.00
2.74
1.16
1.20
0.00
0.00
0.00
0.00
0.00
0.00
0.00
0.00
0.00
0.00
0.00
0.00
0.00
0.00
0.00
-6.91
-0.95
0.00
0.00
0.00
0.00
-1.39
0.00
0.00
0.00
0.00
0.00
0.00
0.00
0.00
0.00
0.00
0.00
0.00
0.00
0.00
0.00
0.00
0.00
0.00
0.00
0.00
-0.67
-6.91
0.00
0.63
-4.95
0.00
0.62
-6.91
-6.91
-0.10
2.87
-1.52
0.00
0.00
-0.18
-0.96
-2.02
-0.99
-0.29
-4.51
0.00
0.00
0.77
1.03
-6.91
-2.66
2.92
-1.27
0.10
-1.26
-1.32
-2.07
0.00
-2.65
-1.21
-0.63
-0.94
0.00
-1.64
1.65
-2.43
0.00
-3.01
1.29
-2.43
0.00
1.27
-1.37
0.00
-0.97
0.32
-0.87
-0.79
-2.32
-0.93
-2.60
-0.07
-0.44
-0.29
0.00
-0.05
-6.91
-0.61
0.00
0.00
0.98
-1.08
1.03
-2.32
-0.54
-0.13
-0.54
-1.17
0.00
0.00
0.00
0.00
0.00
0.00
0.00
0.00
0.00
0.00
0.00
0.00
0.00
0.00
-1.26
0.00
0.00
-0.49
-6.91
-0.54
-1.55
2.13
0.58
-0.79
0.00
0.00
0.00
0.00
0.00
0.00
0.00
0.00
0.00
0.00
0.00
0.00
0.00
0.00
0.00
0.00
0.00
0.00
0.00
0.00
-6.91
-0.67
0.00
-6.91
0.17
0.00
0.00
2.43
0.11
0.00
-1.96
-1.40
1.66
0.00
5.26
1.71
0.00
0.00
-0.88
-2.31
0.24
0.19
0.00
0.00
-1.00
0.00
0.00
6.91
0.00
0.00
-0.94
0.00
0.00
6.91
0.00
-3.28
0.00
-0.68
0.00
-2.17
0.00
-0.54
0.00
-2.57
-1.20
0.00
-6.91
6.91
0.00
0.00
0.00
0.00
2.19
6.91
0.99
1.60
0.00
-1.36
-0.66
0.00
0.00
-6.91
-4.18
0.55
0.00
-0.34
0.00
0.00
0.96
3.13
0.20
0.00
0.00
0.00
0.00
0.00
0.00
0.00
0.00
0.00
0.00
0.00
0.00
0.00
0.00
0.00
-1.01
-2.20
0.00
0.00
0.00
0.00
-0.51
0.00
0.00
0.00
0.00
0.00
0.00
0.00
0.00
0.00
0.00
0.00
0.00
0.00
0.00
0.00
0.00
0.00
0.00
0.00
0.00
0.00
2.30
-1.02
-6.91
0.18
-0.75
-1.33
0.07
0.67
-0.41
-6.91
1.06
-1.35
0.75
0.08
0.00
-0.22
-0.11
0.00
1.51
-1.26
0.30
-1.08
-6.91
1.62
3.07
-6.91
6.91
0.00
-0.08
0.00
2.09
-0.14
2.87
0.99
0.49
0.00
-0.33
6.91
-1.29
0.46
-0.87
1.03
-2.65
1.57
-0.27
-6.91
2.16
-0.61
-0.63
0.00
0.00
0.00
4.48
0.49
0.48
-0.06
-0.42
0.00
-0.44
-1.30
1.52
3.36
0.28
-0.47
-3.17
0.59
-2.86
1.86
1.23
-0.24
-0.32
0.22
0.00
0.00
0.00
0.00
0.00
0.00
0.00
0.00
0.00
0.00
0.00
0.00
0.00
0.00
0.00
-1.17
-0.88
6.91
1.90
1.16
0.88
-2.55
0.00
0.00
0.00
0.00
0.00
0.00
0.00
0.00
0.00
0.00
0.00
0.00
0.00
0.00
0.00
0.00
0.00
0.00
0.00
0.00
0.00
0.00
-1.92
-0.75
0.00
-0.94
0.50
0.00
0.00
2.49
0.30
0.00
-2.80
-2.95
3.88
0.00
2.53
0.64
0.00
0.00
-1.71
-2.45
-0.11
-0.56
0.00
0.00
-0.06
0.00
0.00
2.38
0.00
0.00
-3.86
0.00
0.00
6.91
0.00
-0.76
0.00
0.17
0.00
-1.43
0.00
0.75
0.00
-5.23
-1.00
0.00
-2.72
6.91
0.00
0.00
0.00
0.00
3.50
0.00
1.62
1.06
0.00
-1.12
-0.49
0.00
0.00
-1.09
-6.91
-0.52
0.00
-0.50
0.00
0.00
5.16
6.91
1.96
0.00
0.00
0.00
0.00
0.00
0.00
0.00
0.00
0.00
0.00
0.00
0.00
0.00
0.00
0.00
-0.84
-3.32
0.00
0.00
0.00
0.00
-1.01
0.00
0.00
0.00
0.00
0.00
0.00
0.00
0.00
0.00
0.00
0.00
0.00
0.00
0.00
0.00
0.00
0.00
0.00
0.00
0.00
-1.95
-0.26
0.00
0.00
-0.18
0.00
0.00
0.49
0.11
0.94
0.00
-0.25
0.00
0.00
0.27
-0.90
1.55
1.47
-1.03
-1.28
0.00
0.00
0.00
0.00
-0.48
-1.13
0.00
-0.67
-3.56
0.63
-1.00
-0.80
0.00
-0.44
0.88
0.41
-1.89
0.00
-0.38
0.00
-0.81
0.00
-0.59
0.00
0.43
0.00
0.00
-0.11
0.00
0.72
-2.98
-0.63
-2.91
-0.25
2.04
0.72
3.60
1.96
-2.10
0.00
0.00
0.50
-1.88
0.00
0.00
0.00
-0.99
0.00
-0.25
-0.26
0.86
1.61
1.82
0.00
0.00
0.00
0.00
0.00
0.00
0.00
0.00
0.00
0.00
0.00
0.00
0.00
0.00
-0.71
0.00
0.00
-0.34
-0.31
-0.35
0.00
0.00
-1.28
-1.79
0.00
0.00
0.00
0.00
0.00
0.00
0.00
0.00
0.00
0.00
0.00
0.00
0.00
0.00
0.00
0.00
0.00
0.00
-0.99
-2.26
0.00
0.61
-1.84
0.00
0.79
-0.62
-6.91
-0.83
4.79
-2.72
0.00
0.00
-0.12
-0.12
-1.07
-0.77
-1.30
-2.97
0.00
0.00
0.51
3.38
-1.65
-1.15
6.91
-1.90
-0.31
-0.30
-0.74
-1.33
0.00
-3.24
-0.57
-0.49
-2.04
0.00
-1.91
0.68
-2.45
0.00
-1.23
0.94
-0.61
0.00
2.25
-1.50
0.00
-0.27
-0.73
-0.46
-1.04
-1.78
-1.31
-0.44
0.40
-1.26
-3.28
0.00
0.05
-4.08
-1.04
0.00
0.00
0.71
-6.91
1.25
-3.32
-1.57
-0.84
-1.04
-0.51
0.00
0.00
0.00
0.00
0.00
0.00
0.00
0.00
0.00
0.00
0.00
0.00
0.00
0.00
-1.64
0.00
0.00
-6.91
-2.84
-1.72
-1.96
2.79
-0.64
-1.53
0.00
0.00
0.00
0.00
0.00
0.00
0.00
0.00
0.00
0.00
0.00
0.00
0.00
0.00
0.00
0.00
0.00
0.00
2.59
1.07
-0.16
-4.26
0.06
0.37
-4.79
1.13
0.47
0.47
-3.25
0.60
-0.29
0.12
-0.63
0.00
-0.46
-0.95
2.56
3.77
-0.02
-0.76
-1.20
-6.91
1.28
2.30
-1.41
1.15
0.00
0.29
2.54
0.86
-0.09
1.91
0.72
-0.69
6.91
-0.81
0.81
-6.91
0.79
-0.69
0.54
-1.50
-0.17
-0.42
-6.91
0.61
-0.33
-0.07
0.00
2.04
0.00
0.61
-0.04
-0.04
-0.56
-0.48
6.91
-0.34
-0.94
0.22
1.02
-0.39
0.68
-6.91
2.43
-6.91
0.43
0.91
0.44
-0.50
-1.51
0.00
0.00
0.00
0.00
0.00
0.00
0.00
0.00
0.00
0.00
0.00
0.00
0.00
0.00
1.92
0.08
-0.84
2.43
0.70
7.07
1.73
-1.73
0.00
0.00
0.00
0.00
0.00
0.00
0.00
0.00
0.00
0.00
0.00
0.00
0.00
0.00
0.00
0.00
0.00
0.00
0.00
0.00
-1.60
-2.06
0.00
1.75
-2.05
0.00
1.80
-0.50
-1.37
-0.21
6.91
-1.75
0.00
0.00
0.65
-2.02
-1.45
0.19
-6.91
-2.48
0.00
0.00
4.27
6.91
-0.57
-3.74
4.09
-2.68
-0.35
-0.01
-6.91
-6.91
0.00
-6.04
-0.39
-0.77
-1.08
0.00
-1.67
2.74
-0.30
0.00
-4.15
2.09
-0.63
0.00
3.13
-2.39
0.00
-0.35
-1.77
-1.33
-0.49
-4.24
-0.46
-1.01
0.06
0.23
-2.22
0.00
0.86
-0.84
-2.68
0.00
0.00
1.68
-0.77
5.31
-1.15
-0.97
-0.19
-1.12
-0.27
0.00
0.00
0.00
0.00
0.00
0.00
0.00
0.00
0.00
0.00
0.00
0.00
0.00
0.00
-1.96
0.00
0.00
-6.91
-2.45
-1.64
-2.94
6.91
0.18
-0.66
0.00
0.00
0.00
0.00
0.00
0.00
0.00
0.00
0.00
0.00
0.00
0.00
0.00
0.00
0.00
0.00
0.00
0.00
0.67
0.86
0.13
-1.99
-0.48
-0.10
-6.91
-0.35
0.36
-1.45
-3.49
1.76
0.35
0.43
-1.61
2.21
0.10
-1.44
0.96
1.23
-0.72
-0.14
-1.47
-6.51
0.95
1.33
-1.47
0.72
0.00
-1.23
0.87
0.62
0.36
0.96
1.02
0.21
6.91
-0.68
0.67
-0.92
0.15
0.83
0.97
-6.91
0.01
-0.10
-1.39
0.37
-0.47
-0.78
0.00
3.24
0.00
0.56
-0.99
-0.48
-0.93
-1.41
3.61
-0.29
-1.75
0.97
0.51
-0.21
0.54
-6.91
1.59
-6.91
-0.16
1.00
-0.39
-0.58
-0.37
0.00
0.00
0.00
0.00
0.00
0.00
0.00
0.00
0.00
0.00
0.00
0.00
0.00
0.00
1.64
-0.90
-0.38
3.60
0.14
1.37
0.25
-0.81
0.00
6.91
0.00
0.00
0.00
0.00
0.00
0.00
0.00
0.00
0.00
0.00
0.00
0.00
0.00
0.00
0.00
0.00
0.00
0.00
-1.10
-0.73
0.00
0.00
-0.53
0.00
6.91
-0.25
-0.50
0.99
0.00
-2.82
0.00
0.00
-0.14
-1.09
-0.42
-0.14
-3.06
-2.41
0.00
0.00
1.52
0.00
-0.85
-0.68
0.00
-1.34
-1.06
0.56
-1.22
-1.10
0.00
-0.91
-1.19
0.23
-1.19
0.00
-1.07
0.00
-0.60
0.00
-0.52
1.41
-1.15
0.00
0.00
-2.17
0.00
0.11
-0.72
-2.94
-3.38
-0.77
1.00
-0.25
1.14
-0.45
-4.06
0.00
2.08
-1.55
-3.20
0.00
0.00
2.61
-2.35
0.00
-0.30
-1.09
0.45
0.67
1.80
0.00
0.00
0.00
0.00
0.00
0.00
0.00
0.00
0.00
0.00
0.00
0.00
0.00
0.00
-1.23
0.00
0.00
-0.87
-1.30
-2.55
-1.09
0.00
-1.36
-1.13
0.00
0.00
0.00
0.00
0.00
0.00
0.00
0.00
0.00
0.00
0.00
0.00
0.00
0.00
0.00
0.00
0.00
0.00
-1.14
-2.61
0.00
0.91
-0.78
0.00
0.87
-1.57
-0.47
-0.43
3.08
-1.29
0.00
0.00
-0.87
-1.80
-0.11
-0.37
-1.32
-0.87
0.00
0.00
1.58
2.31
-0.55
-2.93
3.16
-6.91
-0.00
-0.69
-2.07
-1.58
0.00
-1.73
-6.91
-1.12
-0.92
0.00
-0.77
2.30
-1.40
0.00
-1.01
1.39
-0.90
0.00
6.91
-1.20
0.00
0.06
-0.90
-1.40
-0.65
-6.91
0.53
-0.63
0.15
-0.94
-1.65
0.00
0.37
-0.40
-0.42
0.00
0.00
1.02
-6.26
6.91
-1.52
-6.91
-0.82
-0.47
0.70
0.00
0.00
0.00
0.00
0.00
0.00
0.00
0.00
0.00
0.00
0.00
0.00
0.00
0.00
-0.53
0.00
0.00
-1.74
-1.13
-2.17
-0.90
1.44
-0.29
-1.26
0.00
0.00
0.00
0.00
0.00
0.00
0.00
0.00
0.00
0.00
0.00
0.00
0.00
0.00
0.00
0.00
0.00
0.00
-0.18
-1.86
2.45
0.61
-1.86
0.00
-0.09
-6.91
-3.00
-0.42
0.94
-2.48
1.81
0.00
-1.36
-1.07
-1.04
-1.21
-1.18
-0.90
1.77
0.00
0.91
1.62
-6.91
-2.89
2.46
-1.69
-0.60
-2.35
-1.52
-0.52
0.00
-0.85
-6.91
-0.77
-0.59
1.68
-0.22
0.40
-1.80
0.00
-5.27
-0.13
-1.61
6.91
2.31
-1.01
0.00
-1.44
0.01
-0.21
0.42
-4.96
-0.21
-1.23
-1.04
-2.51
-0.88
1.51
0.09
-1.00
-1.67
0.00
0.00
1.64
-1.80
0.36
-3.77
-0.86
-2.07
-2.41
-0.76
0.00
0.00
0.00
0.00
0.00
0.00
0.00
0.00
0.00
0.00
0.00
0.00
0.00
0.00
0.26
1.63
0.00
-1.11
-2.26
-0.51
-6.91
0.56
0.82
-0.34
0.00
0.00
0.00
0.00
0.00
0.00
0.00
0.00
0.00
0.00
0.00
0.00
0.00
0.00
0.00
0.00
0.00
0.00
0.00
0.00
0.00
0.00
0.00
0.00
0.00
0.00
0.00
0.00
0.00
0.00
0.00
0.00
0.00
0.00
0.00
0.00
-6.91
-0.83
0.00
0.00
1.52
0.00
-0.55
-1.81
0.00
-0.46
-1.38
0.53
-1.13
-2.01
0.00
-1.58
-0.05
-0.03
-6.91
0.00
-1.93
0.00
-1.78
0.00
-0.19
1.50
-0.33
0.00
0.00
-0.65
0.00
-0.55
-2.33
-2.00
-1.68
-1.73
0.40
0.74
1.53
0.15
-6.91
0.00
6.91
-1.66
-1.75
0.00
0.00
0.00
-1.98
0.00
0.14
-0.85
-0.25
0.42
0.75
-2.26
0.00
-1.70
0.00
0.00
0.00
-4.07
-1.18
6.91
-2.24
1.57
-1.07
-2.37
-0.02
0.00
0.00
0.00
0.00
0.00
0.00
0.00
0.00
0.00
0.00
0.00
0.00
0.00
0.00
0.00
0.00
0.00
0.00
0.00
0.00
0.00
0.00
0.00
0.00
0.00
0.00
0.00
0.00
0.00
0.00
0.00
0.00
0.00
0.00
0.00
0.00
0.00
0.00
0.00
0.00
0.00
0.00
0.00
0.00
0.00
0.00
0.00
0.00
-2.02
-0.99
-0.83
-0.25
6.91
0.00
-1.39
0.00
0.00
2.00
0.00
0.00
-0.74
0.00
0.00
2.54
0.00
-2.34
0.00
-0.97
0.00
-1.01
0.00
-0.31
3.74
-2.14
-2.08
0.00
-4.31
0.83
0.00
0.00
0.00
0.00
1.28
6.91
1.56
5.62
0.00
-1.20
-0.84
0.00
0.00
-3.94
-0.74
-0.21
0.00
-0.72
6.91
0.00
1.12
3.12
1.04
0.00
-3.42
0.00
-4.76
-0.27
-0.82
0.00
0.00
-0.78
0.00
-0.80
0.00
0.00
1.72
0.00
0.00
0.00
0.00
0.00
0.00
0.00
0.00
0.00
0.00
0.00
0.00
0.00
0.00
0.00
0.00
0.00
0.00
0.00
0.00
0.00
0.00
0.00
0.00
0.00
0.00
0.00
0.00
0.00
0.00
0.00
0.00
0.00
0.00
0.00
0.00
0.00
0.00
0.00
0.00
0.00
0.00
0.00
0.00
0.00
0.00
0.00
0.00
-2.03
-3.33
0.91
0.36
0.00
0.00
-0.48
0.00
0.00
1.70
0.00
0.00
-1.11
0.00
0.00
2.88
0.00
-1.19
0.00
0.16
0.00
-1.32
0.00
-0.19
0.00
-6.04
0.09
0.00
-4.60
1.24
0.00
0.00
0.00
0.00
3.07
6.91
3.27
6.91
0.00
-2.79
-0.66
0.00
0.00
-6.91
-2.05
-0.63
0.00
-0.20
0.00
0.00
0.84
6.91
1.51
0.00
-0.74
0.00
-6.91
-1.24
-1.91
0.00
0.00
-0.44
0.00
0.17
0.00
0.00
0.00
0.00
0.00
0.00
0.00
0.00
0.00
0.00
0.00
0.00
0.00
0.00
0.00
0.00
0.00
0.00
0.00
0.00
0.00
0.00
0.00
0.00
0.00
0.00
0.00
0.00
0.00
0.00
0.00
0.00
0.00
0.00
0.00
0.00
0.00
0.00
0.00
0.00
0.00
0.00
0.00
0.00
0.00
0.00
0.00
0.00
0.00
-2.65
-6.91
0.00
0.00
0.79
2.28
-1.44
-3.08
6.91
-4.44
-1.35
-0.64
-0.62
-6.91
0.00
-0.68
-1.78
-1.18
-3.36
0.00
-1.41
1.91
-2.58
0.00
-2.85
0.46
-1.54
0.00
2.10
-6.91
0.00
0.01
-1.71
-1.10
-1.25
-3.33
0.69
-0.64
-0.20
-0.97
-6.91
0.00
4.18
-0.62
-1.47
0.00
0.00
1.49
-5.40
6.91
-1.22
-1.24
-0.30
-0.26
-0.09
-2.55
0.00
-1.28
0.00
6.91
0.00
-1.09
-1.13
0.87
-1.36
1.84
-2.48
-0.85
-0.56
0.00
0.00
0.00
0.00
0.00
0.00
0.00
0.00
0.00
0.00
0.00
0.00
0.00
0.00
0.00
0.00
0.00
0.00
0.00
0.00
0.00
0.00
0.00
0.00
0.00
0.00
0.00
0.00
0.00
0.00
0.00
0.00
0.00
0.00
0.00
0.00
0.00
0.00
0.00
0.00
0.00
0.00
0.00
0.00
0.00
0.00
-2.10
-1.00
0.00
0.00
0.41
1.19
-0.62
-3.96
0.95
-3.86
-0.26
-1.33
-1.78
-1.10
0.00
-2.32
-1.20
-1.63
-2.39
0.00
-6.91
1.74
-6.91
0.00
-6.91
0.74
-0.90
0.00
0.79
-6.91
0.00
0.21
-0.46
-4.58
-0.56
-1.54
-0.56
-1.76
0.51
-0.56
-1.31
0.00
1.46
-6.91
-0.88
0.00
0.00
3.67
-2.39
6.91
-3.40
-1.45
-0.47
-0.88
-0.13
-2.22
0.00
-6.91
0.00
6.91
0.00
-0.48
-4.78
1.74
-4.11
0.54
-1.56
-0.73
-6.91
0.00
0.00
0.00
0.00
0.00
0.00
0.00
0.00
0.00
0.00
0.00
0.00
0.00
0.00
0.00
0.00
0.00
0.00
0.00
0.00
0.00
0.00
0.00
0.00
0.00
0.00
0.00
0.00
0.00
0.00
0.00
0.00
0.00
0.00
0.00
0.00
0.00
0.00
0.00
0.00
0.00
0.00
0.00
0.00
0.00
0.00
-0.76
-1.73
0.00
0.00
0.85
6.91
-2.16
-4.15
1.70
-1.43
-1.88
-0.04
-6.91
-3.55
0.00
-2.59
-1.91
-0.44
-1.03
0.00
-1.31
1.20
-0.45
0.00
-0.88
2.45
-1.36
0.00
6.91
-2.25
0.00
-0.01
-0.35
-1.35
-1.56
-6.91
-0.18
-1.09
-0.53
-0.79
-1.61
0.00
0.55
-2.12
-0.54
0.00
0.00
1.94
-1.18
1.95
-2.80
-6.91
-0.75
0.03
-0.46
-0.80
0.00
-4.29
0.00
6.91
0.00
-1.38
-1.08
1.30
-1.62
1.55
-0.97
-6.91
-1.95
0.00
0.00
0.00
0.00
0.00
0.00
0.00
0.00
0.00
0.00
0.00
0.00
0.00
0.00
0.00
0.00
0.00
0.00
0.00
0.00
0.00
0.00
0.00
0.00
0.00
0.00
0.00
0.00
0.00
0.00
0.00
0.00
0.00
0.00
0.00
0.00
0.00
0.00
0.00
0.00
0.00
0.00
0.00
0.00
0.00
0.00
-2.18
-2.11
0.00
0.00
-0.25
1.71
-6.91
-0.68
2.79
-1.17
-0.69
-1.21
-0.85
-0.81
0.00
-1.33
-2.46
-0.28
-0.13
0.00
-4.16
1.40
-2.61
0.00
-1.14
-0.04
-6.91
0.00
1.98
-2.28
0.00
-1.11
-0.40
-0.26
-1.07
-2.36
-0.33
-2.24
-0.87
-1.21
-1.11
0.00
0.66
-6.91
-2.26
0.00
0.00
1.66
-1.14
1.20
-3.27
-1.69
-0.71
-1.28
0.06
-0.51
0.00
-6.91
0.00
0.45
0.00
0.27
-0.96
0.05
-2.19
0.90
-0.45
-0.70
-3.63
0.00
0.00
0.00
0.00
0.00
0.00
0.00
0.00
0.00
0.00
0.00
0.00
0.00
0.00
0.00
0.00
0.00
0.00
0.00
0.00
0.00
0.00
0.00
0.00
0.00
0.00
0.00
0.00
0.00
0.00
0.00
0.00
0.00
0.00
0.00
0.00
0.00
0.00
0.00
0.00
0.00
0.00
0.00
0.00
0.00
0.00
0.00
6.91
-1.96
-0.70
-3.37
-6.91
1.85
0.72
-6.91
2.40
0.00
-0.49
0.00
6.91
-0.58
2.44
2.53
0.79
0.00
-0.37
3.13
-4.13
1.06
-1.10
2.76
-0.83
0.19
-0.42
-1.38
1.48
0.18
-0.34
0.00
0.00
0.00
6.91
-0.93
-0.08
-0.24
0.81
0.00
-1.00
-1.41
2.68
2.76
-0.53
-0.57
-4.32
1.21
-2.16
0.29
1.45
0.46
-0.25
-1.11
0.00
-1.94
3.11
-0.54
-3.66
-0.10
0.00
1.23
-6.91
1.54
-1.94
0.00
1.60
0.87
0.00
0.00
0.00
0.00
0.00
0.00
0.00
0.00
0.00
0.00
0.00
0.00
0.00
0.00
0.00
0.00
0.00
0.00
0.00
0.00
0.00
0.00
0.00
0.00
0.00
0.00
0.00
0.00
0.00
0.00
0.00
0.00
0.00
0.00
0.00
0.00
0.00
0.00
0.00
0.00
0.00
0.00
0.00
0.00
0.00
0.00
-2.50
-0.34
0.00
0.00
0.00
0.00
0.04
-0.20
0.00
-0.06
-0.74
2.08
-1.22
-0.66
0.00
-0.56
0.51
1.38
-2.32
0.00
-0.85
0.00
-0.07
0.00
0.57
0.00
0.27
0.00
0.00
-0.40
0.00
2.05
-2.45
-0.74
-0.82
-0.52
0.66
2.21
4.42
0.30
-0.69
0.00
0.00
-0.25
-1.38
0.00
0.00
0.00
0.49
0.00
-0.31
-0.55
0.81
0.60
6.91
-0.59
0.00
0.39
0.00
0.00
0.00
-0.27
-0.78
0.00
-0.40
0.00
-1.21
0.16
0.55
0.00
0.00
0.00
0.00
0.00
0.00
0.00
0.00
0.00
0.00
0.00
0.00
0.00
0.00
0.00
0.00
0.00
0.00
0.00
0.00
0.00
0.00
0.00
0.00
0.00
0.00
0.00
0.00
0.00
0.00
0.00
0.00
0.00
0.00
0.00
0.00
0.00
0.00
0.00
0.00
0.00
0.00
0.00
0.00
0.00
0.00
-0.73
-2.52
0.00
0.00
1.41
0.00
-1.12
-1.80
0.00
-0.31
-6.91
-0.33
-1.59
-1.94
0.00
-1.61
-1.25
-0.01
-1.46
0.00
-1.47
0.00
-0.16
0.00
0.02
1.65
0.03
0.00
0.00
-0.40
0.00
0.69
-0.43
-1.21
-0.84
-1.67
1.19
-0.28
1.21
-0.40
-1.22
0.00
4.21
-0.72
-0.90
0.00
0.00
0.00
-0.74
0.00
-0.14
-1.30
0.04
0.03
0.03
-2.63
0.00
-0.98
0.00
0.00
0.00
-1.30
-0.78
0.00
-0.75
6.91
-6.91
-6.91
-1.10
0.00
0.00
0.00
0.00
0.00
0.00
0.00
0.00
0.00
0.00
