0.00
0.00
0.00
0.00
0.00
0.00
0.00
0.00
0.00
0.00
0.00
0.00
0.00
0.00
0.00
0.00
0.00
0.00
-6.91
-1.36
0.00
1.73
-2.16
0.00
0.81
-0.52
-1.66
-0.40
0.00
-2.14
0.00
0.00
-0.25
-0.70
0.11
1.38
-6.91
-1.87
0.00
0.00
1.39
6.91
-0.39
-0.44
0.00
-1.14
-6.91
0.50
-1.42
-6.91
0.00
-0.49
-0.03
-0.45
-6.91
0.00
-0.95
1.79
-1.70
0.00
-0.55
1.44
-0.66
0.00
0.00
-1.42
0.00
-0.76
-0.43
-1.24
-2.37
-1.03
0.51
-0.60
-0.23
0.34
0.00
0.00
0.00
0.00
0.00
0.00
0.00
0.00
0.00
0.00
0.00
0.00
0.00
0.00
0.00
0.00
0.00
0.00
0.00
0.00
0.00
0.00
0.00
0.00
0.00
0.00
0.00
0.00
0.00
0.00
0.00
0.00
0.00
0.00
0.00
0.00
0.00
0.00
0.00
0.00
0.00
0.00
0.00
0.00
0.00
0.00
0.00
0.00
0.00
0.00
0.00
0.00
0.00
0.00
0.00
0.00
0.00
0.00
0.00
-4.07
-0.31
6.91
-1.96
-0.80
6.91
0.00
0.93
-1.20
0.00
-1.21
-0.47
1.80
0.00
4.98
-0.01
0.00
0.00
-6.91
-1.06
-0.41
-0.81
6.91
0.00
-1.94
0.00
0.00
1.54
0.00
0.00
-0.92
0.00
0.00
4.12
0.00
-5.58
0.00
-1.07
0.00
-6.91
0.00
-0.93
3.22
-1.14
-2.24
0.00
-1.44
2.36
0.00
0.00
0.00
0.00
0.40
6.91
1.28
1.21
0.00
0.00
0.00
0.00
0.00
0.00
0.00
0.00
0.00
0.00
0.00
0.00
0.00
0.00
0.00
0.00
0.00
0.00
0.00
0.00
0.00
0.00
0.00
0.00
0.00
0.00
0.00
0.00
0.00
0.00
0.00
0.00
0.00
0.00
0.00
0.00
0.00
0.00
0.00
0.00
0.00
0.00
0.00
0.00
0.00
0.00
0.00
0.00
0.00
0.00
0.00
0.00
0.00
0.00
0.00
0.00
0.00
0.00
0.00
-1.78
-0.91
0.00
-3.61
0.93
0.00
0.00
1.66
0.07
0.00
-0.71
-1.16
4.04
0.00
0.00
0.61
0.00
0.00
-0.74
-6.91
0.04
0.56
0.00
0.00
0.30
0.00
0.00
1.13
0.00
0.00
-1.39
0.00
0.00
0.00
0.00
-0.68
0.00
0.34
0.00
-6.91
0.00
0.25
0.00
-1.98
-1.23
0.00
-1.74
6.91
0.00
0.00
0.00
0.00
1.20
0.00
3.00
2.09
0.00
0.00
0.00
0.00
0.00
0.00
0.00
0.00
0.00
0.00
0.00
0.00
0.00
0.00
0.00
0.00
0.00
0.00
0.00
0.00
0.00
0.00
0.00
0.00
0.00
0.00
0.00
0.00
0.00
0.00
0.00
0.00
0.00
0.00
0.00
0.00
0.00
0.00
0.00
0.00
0.00
0.00
0.00
0.00
0.00
0.00
0.00
0.00
0.00
0.00
0.00
0.00
0.00
0.00
0.00
0.00
0.00
-1.02
-1.76
0.00
6.91
-2.14
0.00
2.24
-0.24
-1.29
-0.03
6.91
-1.27
0.00
0.00
-0.57
-1.71
-0.21
-0.05
-6.91
-3.98
0.00
0.00
1.50
6.91
-1.80
-6.91
6.91
-1.12
-1.79
-0.50
-1.01
-1.45
0.00
-0.61
-1.11
-1.11
-6.91
0.00
-6.91
2.24
-2.24
0.00
-1.03
0.93
-1.48
0.00
6.91
-1.68
0.00
0.11
-0.54
-0.77
-0.57
-0.68
-0.58
0.01
-0.06
0.02
0.00
0.00
0.00
0.00
0.00
0.00
0.00
0.00
0.00
0.00
0.00
0.00
0.00
0.00
0.00
0.00
0.00
0.00
0.00
0.00
0.00
0.00
0.00
0.00
0.00
0.00
0.00
0.00
0.00
0.00
0.00
0.00
0.00
0.00
0.00
0.00
0.00
0.00
0.00
0.00
0.00
0.00
0.00
0.00
0.00
0.00
0.00
0.00
0.00
0.00
0.00
0.00
0.00
0.00
0.00
0.00
0.00
-0.90
-0.91
6.91
0.83
-1.73
0.00
1.09
-6.91
-1.78
-0.45
0.59
-6.91
0.00
0.00
-2.11
-0.65
-0.58
-1.61
-0.96
-2.85
3.51
0.00
1.32
-0.05
-1.22
-3.04
1.51
-1.19
0.37
-1.53
-0.43
-1.93
0.00
-4.36
-1.12
-0.63
-0.54
2.41
-3.26
1.44
-3.34
0.00
-1.33
0.90
-1.67
0.00
0.55
-1.01
0.00
-2.18
-0.65
-1.14
0.12
-0.75
-2.35
-0.55
-0.70
-0.98
0.00
0.00
0.00
0.00
0.00
0.00
0.00
0.00
0.00
0.00
0.00
0.00
0.00
0.00
0.00
0.00
0.00
0.00
0.00
0.00
0.00
0.00
0.00
0.00
0.00
0.00
0.00
0.00
0.00
0.00
0.00
0.00
0.00
0.00
0.00
0.00
0.00
0.00
0.00
0.00
0.00
0.00
0.00
0.00
0.00
0.00
0.00
0.00
0.00
0.00
0.00
0.00
0.00
0.00
0.00
0.00
0.00
-0.58
-6.91
0.00
1.94
-5.23
0.00
0.05
-2.00
-1.68
-1.51
2.82
-6.91
0.00
0.00
-0.09
-0.82
-1.46
-0.32
-0.54
-1.18
0.00
0.00
0.25
0.27
-6.91
-6.91
2.52
-6.91
-0.15
-0.49
-1.63
-3.81
0.00
-0.99
-0.73
-0.46
-1.07
0.00
-5.94
1.45
-2.93
0.00
-1.67
0.97
-2.32
0.00
1.50
-6.91
0.00
-1.69
-0.09
-0.16
-0.73
-3.42
-1.52
-0.34
0.16
-0.43
0.00
0.00
0.00
0.00
0.00
0.00
0.00
0.00
0.00
0.00
0.00
0.00
0.00
0.00
0.00
0.00
0.00
0.00
0.00
0.00
0.00
0.00
0.00
0.00
0.00
0.00
0.00
0.00
0.00
0.00
0.00
0.00
0.00
0.00
0.00
0.00
0.00
0.00
0.00
0.00
0.00
0.00
0.00
0.00
0.00
0.00
0.00
0.00
0.00
0.00
0.00
0.00
0.00
0.00
0.00
0.00
0.00
6.91
3.03
-0.07
-2.46
0.14
0.46
-6.91
1.77
2.95
0.02
-6.91
2.94
-1.51
0.86
-0.84
0.00
0.06
-1.07
6.91
5.67
-1.46
0.05
-3.95
-6.91
0.03
1.27
-1.65
0.77
0.00
0.65
0.00
0.83
-0.28
6.91
1.00
0.20
0.00
-0.28
1.73
-1.24
1.49
-0.33
2.26
-1.26
0.84
0.15
-1.56
3.46
-0.70
-0.04
0.00
0.00
0.00
3.27
-0.74
0.83
-1.14
0.06
0.00
0.00
0.00
0.00
0.00
0.00
0.00
0.00
0.00
0.00
0.00
0.00
0.00
0.00
0.00
0.00
0.00
0.00
0.00
0.00
0.00
0.00
0.00
0.00
0.00
0.00
0.00
0.00
0.00
0.00
0.00
0.00
0.00
0.00
0.00
0.00
0.00
0.00
0.00
0.00
0.00
0.00
0.00
0.00
0.00
0.00
0.00
0.00
0.00
0.00
0.00
0.00
0.00
0.00
0.00
0.00
0.00
1.94
1.90
0.06
-1.53
0.71
0.10
-1.34
0.63
1.12
-0.69
-4.26
0.60
-1.05
0.62
-0.03
0.00
-0.93
-1.40
1.07
2.54
-0.26
0.45
-3.06
-6.91
0.04
0.59
-1.30
1.57
0.00
-0.41
1.59
2.19
1.06
2.96
1.50
-0.11
4.20
-1.13
2.55
-2.00
1.53
0.83
0.25
-6.91
1.16
-0.66
-1.44
1.80
-0.61
0.21
0.00
6.91
0.00
0.62
-1.00
0.58
-0.97
-0.25
0.00
0.00
0.00
0.00
0.00
0.00
0.00
0.00
0.00
0.00
0.00
0.00
0.00
0.00
0.00
0.00
0.00
0.00
0.00
0.00
0.00
0.00
0.00
0.00
0.00
0.00
0.00
0.00
0.00
0.00
0.00
0.00
0.00
0.00
0.00
0.00
0.00
0.00
0.00
0.00
0.00
0.00
0.00
0.00
0.00
0.00
0.00
0.00
0.00
0.00
0.00
0.00
0.00
0.00
0.00
0.00
0.00
-1.40
-1.29
1.91
0.63
-1.04
0.00
0.37
-1.64
-1.79
-1.21
0.20
-0.66
6.91
0.00
-1.44
0.57
-2.37
-0.47
-0.11
-1.19
1.52
0.00
-0.14
0.47
-2.40
-6.91
0.60
-6.91
0.61
-2.34
-0.97
-0.52
0.00
-2.70
-6.91
-0.92
0.03
6.91
-0.93
-0.01
-4.57
0.00
-0.72
-0.57
-1.97
3.18
1.07
-1.65
0.00
-1.51
-0.03
-1.23
-0.72
-2.09
-2.92
-1.16
-0.70
-3.65
0.00
0.00
0.00
0.00
0.00
0.00
0.00
0.00
0.00
0.00
0.00
0.00
0.00
0.00
0.00
0.00
0.00
0.00
0.00
0.00
0.00
0.00
0.00
0.00
0.00
0.00
0.00
0.00
0.00
0.00
0.00
0.00
0.00
0.00
0.00
0.00
0.00
0.00
0.00
0.00
0.00
0.00
0.00
0.00
0.00
0.00
0.00
0.00
0.00
0.00
0.00
0.00
0.00
0.00
0.00
0.00
0.00
0.00
1.33
-0.90
-1.46
1.93
-0.80
-2.11
0.61
1.89
-0.05
-6.91
6.91
-0.07
-0.77
0.51
0.00
-0.28
-0.58
0.00
6.91
-0.25
-1.06
-1.12
-2.68
0.22
1.57
-4.34
2.91
0.00
0.03
0.00
1.04
-0.60
1.40
0.71
-0.27
0.00
-0.74
6.91
-1.53
3.88
-0.16
1.59
-2.00
0.81
-1.73
-6.91
1.08
0.27
0.97
0.00
0.00
0.00
6.91
-0.53
0.95
0.32
1.06
0.00
0.00
0.00
0.00
0.00
0.00
0.00
0.00
0.00
0.00
0.00
0.00
0.00
0.00
0.00
0.00
0.00
0.00
0.00
0.00
0.00
0.00
0.00
0.00
0.00
0.00
0.00
0.00
0.00
0.00
0.00
0.00
0.00
0.00
0.00
0.00
0.00
0.00
0.00
0.00
0.00
0.00
0.00
0.00
0.00
0.00
0.00
0.00
0.00
0.00
0.00
0.00
0.00
0.00
0.00
0.00
0.00
-0.12
0.03
1.27
0.48
-1.72
1.85
-0.43
-0.21
-0.51
-1.86
-0.15
-0.20
0.73
0.00
-1.99
-0.10
-3.19
-3.08
-0.21
-0.17
0.86
2.14
-0.69
0.49
-0.65
-0.74
0.22
-0.24
0.09
-2.44
-0.37
-1.00
1.28
-0.24
-0.13
-6.91
0.57
1.83
-0.45
0.44
-3.81
1.33
-1.39
-0.61
-1.29
3.39
0.83
-1.32
6.91
-3.14
-0.13
-0.45
1.51
0.02
-1.55
-1.27
-1.45
-1.32
0.00
0.00
0.00
0.00
0.00
0.00
0.00
0.00
0.00
0.00
0.00
0.00
0.00
0.00
0.00
0.00
0.00
0.00
0.00
0.00
0.00
0.00
0.00
0.00
0.00
0.00
0.00
0.00
0.00
0.00
0.00
0.00
0.00
0.00
0.00
0.00
0.00
0.00
0.00
0.00
0.00
0.00
0.00
0.00
0.00
0.00
0.00
0.00
0.00
0.00
0.00
0.00
0.00
0.00
0.00
0.00
0.00
-0.53
-0.91
0.00
1.49
-1.86
0.00
1.38
-2.06
-1.01
0.09
0.91
-2.49
0.00
0.00
-0.12
-0.31
-1.85
-0.14
-1.54
-1.15
0.00
0.00
1.53
1.18
-3.03
-2.29
6.91
-3.22
-0.53
-1.04
-2.61
-2.23
0.00
-1.96
-2.36
-1.90
-0.94
0.00
-2.48
0.74
-6.91
0.00
-1.42
0.90
-1.26
0.00
1.19
-6.91
0.00
-1.39
-1.22
-0.83
-0.87
-1.12
-1.14
-0.51
-0.81
-1.33
0.00
0.00
0.00
0.00
0.00
0.00
0.00
0.00
0.00
0.00
0.00
0.00
0.00
0.00
0.00
0.00
0.00
0.00
0.00
0.00
0.00
0.00
0.00
0.00
0.00
0.00
0.00
0.00
0.00
0.00
0.00
0.00
0.00
0.00
0.00
0.00
0.00
0.00
0.00
0.00
0.00
0.00
0.00
0.00
0.00
0.00
0.00
0.00
0.00
0.00
0.00
0.00
0.00
0.00
0.00
0.00
0.00
-1.55
-1.97
0.00
1.35
-0.93
0.00
2.32
-1.24
-1.68
-0.49
0.00
-1.39
0.00
0.00
-0.13
-4.19
-0.16
0.92
-0.64
-2.23
0.00
0.00
1.02
2.72
-1.29
-2.17
0.00
-0.94
-0.45
0.65
-3.80
-1.44
0.00
-1.35
-2.47
-0.83
-0.81
0.00
-0.83
1.96
-0.31
0.00
-2.09
0.81
-0.53
0.00
0.00
-0.74
0.00
0.17
-2.02
-6.91
-0.76
-6.91
0.77
0.52
0.26
-0.16
0.00
0.00
0.00
0.00
0.00
0.00
0.00
0.00
0.00
0.00
0.00
0.00
0.00
0.00
0.00
0.00
0.00
0.00
0.00
0.00
0.00
0.00
0.00
0.00
0.00
0.00
0.00
0.00
0.00
0.00
0.00
0.00
0.00
0.00
0.00
0.00
0.00
0.00
0.00
0.00
0.00
0.00
0.00
0.00
0.00
0.00
0.00
0.00
0.00
0.00
0.00
0.00
0.00
0.00
0.00
0.00
0.00
0.74
0.24
2.22
0.03
-1.21
1.65
-1.24
-0.70
-0.83
-2.47
1.03
-0.19
4.37
2.98
-2.11
0.07
-6.91
-1.75
-0.47
-0.07
4.31
4.35
-0.81
0.15
-2.67
-0.63
-0.30
-0.20
1.20
-1.49
-0.14
-0.94
1.47
-1.33
-0.81
-4.04
0.25
2.07
-0.60
0.18
-1.60
1.04
-1.18
0.07
-0.77
0.62
-0.22
-1.80
1.75
-2.39
1.32
0.16
1.48
-1.17
-1.41
-1.54
-1.14
-2.20
0.00
0.00
0.00
0.00
0.00
0.00
0.00
0.00
0.00
0.00
0.00
0.00
0.00
0.00
0.00
0.00
0.00
0.00
0.00
0.00
0.00
0.00
0.00
0.00
0.00
0.00
0.00
0.00
0.00
0.00
0.00
0.00
0.00
0.00
0.00
0.00
0.00
0.00
0.00
0.00
0.00
0.00
0.00
0.00
0.00
0.00
0.00
0.00
0.00
0.00
0.00
0.00
0.00
0.00
0.00
0.00
0.00
0.00
0.00
-0.78
0.45
0.00
-0.75
-0.24
0.00
0.00
6.91
0.28
0.00
-2.26
-2.27
1.49
0.00
0.00
1.43
0.00
0.00
-0.70
-0.95
0.93
0.54
0.00
0.00
-0.21
0.00
0.00
6.91
0.00
0.00
-3.07
0.00
0.00
0.00
0.00
-2.25
0.00
0.50
0.00
-1.67
0.00
-0.18
0.00
-0.76
0.55
0.00
-1.83
6.91
0.00
0.00
0.00
0.00
6.91
0.00
2.63
2.49
0.00
0.00
0.00
0.00
0.00
0.00
0.00
0.00
0.00
0.00
0.00
0.00
0.00
0.00
0.00
0.00
0.00
0.00
0.00
0.00
0.00
0.00
0.00
0.00
0.00
0.00
0.00
0.00
0.00
0.00
0.00
0.00
0.00
0.00
0.00
0.00
0.00
0.00
0.00
0.00
0.00
0.00
0.00
0.00
0.00
0.00
0.00
0.00
0.00
0.00
0.00
0.00
0.00
0.00
0.00
0.00
0.00
-0.81
-3.50
0.00
0.72
-1.47
0.00
2.23
-2.73
-2.68
-0.05
6.91
-1.68
0.00
0.00
-0.16
-0.25
-0.95
-0.44
-3.53
-6.91
0.00
0.00
2.46
1.53
-0.36
-6.91
2.37
-6.91
-0.54
-0.80
-4.00
-2.51
0.00
-1.32
-1.52
0.06
-2.09
0.00
-2.26
0.54
-0.67
0.00
-1.03
0.76
-0.55
0.00
1.62
-2.60
0.00
-0.24
-0.73
-0.59
-0.43
-1.90
-0.80
-0.35
-0.02
-1.18
0.00
0.00
0.00
0.00
0.00
0.00
0.00
0.00
0.00
0.00
0.00
0.00
0.00
0.00
0.00
0.00
0.00
0.00
0.00
0.00
0.00
0.00
0.00
0.00
0.00
0.00
0.00
0.00
0.00
0.00
0.00
0.00
0.00
0.00
0.00
0.00
0.00
0.00
0.00
0.00
0.00
0.00
0.00
0.00
0.00
0.00
0.00
0.00
0.00
0.00
0.00
0.00
0.00
0.00
0.00
0.00
0.00
-0.49
-0.37
0.79
-0.34
-0.80
1.34
-0.16
-2.00
-1.24
-1.82
-0.62
0.35
0.51
1.54
-1.66
0.43
-1.32
-1.62
0.96
-0.68
0.54
6.91
-1.10
-0.31
-0.93
-0.10
-0.32
-0.61
0.72
-1.18
0.65
-0.34
1.57
-0.88
-1.38
-1.33
1.20
0.85
0.11
-0.89
-0.74
1.58
-0.33
-1.63
-1.65
0.34
0.22
-0.95
6.91
-1.31
1.00
-0.38
0.30
-0.65
-6.91
-0.64
-2.13
-1.41
0.00
0.00
0.00
0.00
0.00
0.00
0.00
0.00
0.00
0.00
0.00
0.00
0.00
0.00
0.00
0.00
0.00
0.00
0.00
0.00
0.00
0.00
0.00
0.00
0.00
0.00
0.00
0.00
0.00
0.00
0.00
0.00
0.00
0.00
0.00
0.00
0.00
0.00
0.00
0.00
0.00
0.00
0.00
0.00
0.00
0.00
0.00
0.00
0.00
0.00
0.00
0.00
0.00
0.00
0.00
0.00
0.00
0.00
0.00
-6.91
-0.95
0.00
-1.47
-0.29
6.91
0.00
0.87
-1.17
0.00
-6.91
-0.82
1.97
0.00
2.69
1.05
0.00
0.00
-1.30
-5.41
0.02
-0.70
1.41
0.00
-0.75
0.00
0.00
2.09
0.00
0.00
-6.91
0.00
0.00
1.02
0.00
-6.91
0.00
-1.19
0.00
-1.42
0.00
-0.72
1.45
-3.54
-0.28
0.00
-1.19
1.64
0.00
0.00
0.00
0.00
0.36
6.91
0.04
6.91
0.00
0.00
0.00
0.00
0.00
0.00
0.00
0.00
0.00
0.00
0.00
0.00
0.00
0.00
0.00
0.00
0.00
0.00
0.00
0.00
0.00
0.00
0.00
0.00
0.00
0.00
0.00
0.00
0.00
0.00
0.00
0.00
0.00
0.00
0.00
0.00
0.00
0.00
0.00
-6.91
0.00
0.00
-1.09
-0.71
-0.42
6.91
1.42
-0.35
0.00
-0.59
-1.40
-3.37
-0.04
0.00
-1.94
-0.42
0.00
0.00
0.00
0.00
0.00
0.00
0.00
0.00
0.00
0.00
0.00
0.00
0.00
0.00
0.00
0.00
0.00
0.00
0.00
-1.53
-3.87
0.00
0.00
1.57
6.91
0.02
-1.87
0.00
-0.81
-1.43
-0.63
-1.81
-6.91
0.00
-0.75
-1.00
0.29
-2.41
0.00
-2.96
6.91
-1.29
0.00
-0.59
1.70
-0.91
0.00
0.00
-1.09
0.00
0.73
-1.41
-0.94
-0.95
-0.52
0.03
-0.38
0.96
0.12
-6.91
0.00
1.03
-0.86
-2.55
0.00
0.00
6.46
-1.62
0.00
-1.21
-3.73
0.65
0.12
0.13
0.00
0.00
0.00
0.00
0.00
0.00
0.00
0.00
0.00
0.00
0.00
0.00
0.00
0.00
0.00
0.00
0.00
0.00
0.00
0.00
0.00
0.00
0.00
0.00
-6.91
0.00
0.00
-6.91
-1.41
-0.90
3.07
1.30
-1.06
6.91
0.14
-6.91
-0.68
-0.01
0.00
-6.91
0.49
0.00
0.00
0.00
0.00
0.00
0.00
0.00
0.00
0.00
0.00
0.00
0.00
0.00
0.00
0.00
0.00
0.00
0.00
0.00
-1.73
-6.91
0.00
0.00
0.35
1.32
-0.17
-1.18
1.39
-1.49
-2.25
-1.14
-3.05
-1.90
0.00
-1.71
-2.85
-0.32
-6.91
0.00
-1.35
3.06
-0.67
0.00
-1.13
1.06
-1.87
0.00
6.91
-1.15
0.00
-0.84
-0.11
-1.47
-0.25
-0.72
0.34
-1.36
-0.58
-1.38
-0.95
0.00
2.92
-6.91
-1.46
0.00
0.00
1.55
-1.14
1.94
-0.69
-0.59
0.20
-0.91
-0.21
0.00
0.00
0.00
0.00
0.00
0.00
0.00
0.00
0.00
0.00
0.00
0.00
0.00
0.00
0.00
0.00
0.00
0.00
0.00
0.00
0.00
0.00
0.00
0.00
0.00
-4.48
-0.87
0.00
2.95
0.00
-1.67
-0.74
1.17
-3.06
4.21
0.00
0.00
1.46
-3.72
0.00
0.86
-1.47
0.00
0.00
0.00
0.00
0.00
0.00
0.00
0.00
0.00
0.00
0.00
0.00
0.00
0.00
0.00
0.00
0.00
0.00
0.00
0.00
-4.26
-2.16
-0.88
-1.63
2.19
0.00
-1.15
0.00
0.00
2.18
0.00
0.00
-1.22
0.00
0.00
0.91
0.00
-2.15
0.00
-0.81
0.00
-2.29
0.00
-0.75
3.19
-1.02
-0.29
0.00
-5.06
0.72
0.00
0.00
0.00
0.00
2.35
2.11
1.63
1.62
0.00
-3.41
0.02
0.00
0.00
-1.79
-3.94
0.17
0.00
-1.75
3.36
0.00
2.04
1.64
0.40
0.00
0.00
0.00
0.00
0.00
0.00
0.00
0.00
0.00
0.00
0.00
0.00
0.00
0.00
0.00
0.00
0.00
0.00
0.00
0.00
0.00
0.00
0.00
0.00
3.47
-0.90
-0.17
2.84
0.77
0.89
-6.91
-1.29
1.19
-1.07
0.31
1.21
1.56
-0.45
0.17
0.93
0.48
-0.93
0.00
0.00
0.00
0.00
0.00
0.00
0.00
0.00
0.00
0.00
0.00
0.00
0.00
0.00
0.00
0.00
0.00
0.00
2.11
6.91
-0.76
-1.03
-0.82
-1.39
0.39
0.39
-6.91
1.81
0.00
-0.31
0.00
1.87
-0.64
2.14
0.80
-0.30
0.00
-1.48
2.23
-1.46
0.72
-1.06
0.94
-0.85
0.32
-1.28
-1.46
1.15
0.06
-0.63
0.00
0.00
0.00
6.91
-0.28
0.58
-1.41
0.80
0.00
-0.34
-1.92
1.95
2.90
0.22
-0.56
-6.91
3.50
-6.91
0.39
3.41
-0.57
-0.65
-1.45
0.00
0.00
0.00
0.00
0.00
0.00
0.00
0.00
0.00
0.00
0.00
0.00
0.00
0.00
0.00
0.00
0.00
0.00
0.00
0.00
0.00
0.00
0.00
0.00
-0.78
3.60
0.00
-1.05
-1.91
-1.97
0.98
0.86
-3.00
0.73
-0.81
-1.62
-1.61
-2.06
0.00
-2.73
-0.55
0.00
0.00
0.00
0.00
0.00
0.00
0.00
0.00
0.00
0.00
0.00
0.00
0.00
0.00
0.00
0.00
0.00
0.00
0.00
-1.76
-0.89
6.91
0.00
-0.36
0.15
-3.12
-4.25
2.50
-6.91
0.19
-0.34
-1.34
-2.43
0.00
-0.69
-1.83
-0.97
-1.51
2.89
-1.00
0.66
-6.91
0.00
-0.76
-0.25
-6.91
0.00
0.30
-0.90
0.00
-0.73
0.57
-1.42
0.38
-0.87
-2.78
-1.88
-0.05
-2.63
-0.30
6.91
0.54
-1.30
-2.81
0.00
0.00
0.57
-2.85
1.77
-0.99
-0.64
-0.74
-0.81
-0.26
0.00
0.00
0.00
0.00
0.00
0.00
0.00
0.00
0.00
0.00
0.00
0.00
0.00
0.00
0.00
0.00
0.00
0.00
0.00
0.00
0.00
0.00
0.00
0.00
0.00
-1.76
-1.49
0.00
0.00
0.00
-0.60
0.50
0.00
-0.46
1.90
0.00
0.00
6.91
-1.01
0.00
1.45
-1.02
0.00
0.00
0.00
0.00
0.00
0.00
0.00
0.00
0.00
0.00
0.00
0.00
0.00
0.00
0.00
0.00
0.00
0.00
0.00
0.00
-0.54
-6.91
0.49
0.52
0.00
0.00
0.19
0.00
0.00
1.51
0.00
0.00
-2.96
0.00
0.00
0.00
0.00
-1.96
0.00
0.13
0.00
-6.91
0.00
-0.41
0.00
-3.32
0.12
0.00
-1.47
2.44
0.00
0.00
0.00
0.00
1.28
0.00
1.61
6.91
0.00
-2.04
0.19
0.00
0.00
-2.04
-0.90
0.23
0.00
0.24
0.00
0.00
6.91
6.91
2.29
0.00
0.00
0.00
0.00
0.00
0.00
0.00
0.00
0.00
0.00
0.00
0.00
0.00
0.00
0.00
0.00
0.00
0.00
0.00
0.00
0.00
0.00
0.00
0.00
4.51
-0.40
0.63
0.75
-0.24
0.46
-4.15
-6.91
0.28
-1.37
-0.16
1.43
6.91
-0.66
0.66
1.92
-1.02
-0.08
0.00
0.00
0.00
0.00
0.00
0.00
0.00
0.00
0.00
0.00
0.00
0.00
0.00
0.00
0.00
0.00
0.00
0.00
1.65
1.63
-1.10
-0.49
-1.57
-1.22
0.36
0.52
-0.95
1.79
0.00
-0.08
6.91
1.01
0.74
2.75
-0.02
0.19
1.51
0.06
0.71
-2.58
1.31
-0.27
0.90
-1.55
-0.38
-0.40
-2.22
1.37
0.00
0.36
0.00
2.10
0.00
1.54
0.09
-0.03
-1.18
-0.23
2.16
0.09
-1.58
0.19
1.02
0.69
0.82
-6.91
0.68
-0.85
1.17
1.71
-0.43
-0.40
-1.12
0.00
0.00
0.00
0.00
0.00
0.00
0.00
0.00
0.00
0.00
0.00
0.00
0.00
0.00
0.00
0.00
0.00
0.00
0.00
0.00
0.00
0.00
0.00
0.00
-0.36
1.58
0.00
-0.55
-2.42
-0.61
1.24
-0.14
-6.91
0.98
-1.90
-1.08
-1.04
-0.39
0.00
-0.90
-1.24
1.49
0.00
0.00
0.00
0.00
0.00
0.00
0.00
0.00
0.00
0.00
0.00
0.00
0.00
0.00
0.00
0.00
0.00
0.00
-1.25
-1.85
6.91
0.00
0.30
0.77
-6.91
-3.09
1.65
-1.84
-0.02
-1.57
0.14
-1.19
0.00
-2.33
-1.63
-1.43
-0.94
6.91
-0.52
1.53
-1.79
0.00
-0.79
0.80
-1.71
3.77
0.59
-0.68
0.00
-1.98
-0.40
-0.69
0.65
-6.91
-2.22
-0.73
-0.83
-0.71
0.06
1.82
0.72
-6.91
-1.34
0.00
0.00
0.32
-0.68
1.05
-3.74
-0.53
-0.65
-0.93
-1.58
0.00
0.00
0.00
0.00
0.00
0.00
0.00
0.00
0.00
0.00
0.00
0.00
0.00
0.00
0.00
0.00
0.00
0.00
0.00
0.00
0.00
0.00
0.00
0.00
-3.81
0.00
0.00
-3.76
-3.35
-6.91
1.25
1.65
-2.03
0.67
-0.95
-1.32
-1.00
-0.67
0.00
-1.59
-1.41
0.00
0.00
0.00
0.00
0.00
0.00
0.00
0.00
0.00
0.00
0.00
0.00
0.00
0.00
0.00
0.00
0.00
0.00
0.00
-3.08
-1.20
0.00
0.00
1.20
1.23
-1.20
-1.27
1.09
-2.02
0.14
-0.97
-0.54
-6.91
0.00
-3.69
-3.72
-1.05
-1.75
0.00
-1.14
2.62
-6.09
0.00
-1.41
0.41
-0.68
0.00
1.56
-6.91
0.00
-1.34
-0.05
-0.30
-1.00
-6.91
-1.32
-0.45
0.11
-1.24
-3.02
0.00
0.05
-2.11
-1.79
0.00
0.00
0.84
-2.66
0.52
-6.91
-1.18
-1.80
-0.91
-0.37
0.00
0.00
0.00
0.00
0.00
0.00
0.00
0.00
0.00
0.00
0.00
0.00
0.00
0.00
0.00
0.00
0.00
0.00
0.00
0.00
0.00
0.00
0.00
0.00
0.85
0.91
6.91
-0.26
-0.37
-1.13
-0.00
-0.34
-1.86
0.79
-6.91
-0.87
0.99
-1.64
6.91
-0.65
-1.82
1.08
0.00
0.00
0.00
0.00
0.00
0.00
0.00
0.00
0.00
0.00
0.00
0.00
0.00
0.00
0.00
0.00
0.00
0.00
0.83
0.16
2.36
6.91
0.09
-0.41
-0.48
-0.16
-0.17
-0.19
0.13
-6.91
0.98
-1.03
1.22
-0.11
-0.86
-6.91
-0.60
0.46
-1.13
0.45
-0.13
0.92
-1.88
-0.75
-1.35
3.92
0.21
-0.45
6.91
-6.91
0.00
0.09
1.71
0.42
-1.11
-2.19
-1.82
-3.92
0.70
2.97
-0.40
-1.22
-0.07
1.42
2.53
-0.73
-1.15
-0.13
-1.29
0.14
-6.91
-2.89
-0.63
0.00
0.00
0.00
0.00
0.00
0.00
0.00
0.00
0.00
0.00
0.00
0.00
0.00
0.00
0.00
0.00
0.00
0.00
0.00
0.00
0.00
0.00
0.00
0.00
0.00
-0.23
0.29
6.91
1.31
2.84
-1.57
-2.50
0.65
-6.91
0.42
6.51
0.00
-0.62
0.25
6.91
-0.78
-1.70
0.00
0.00
0.00
0.00
0.00
0.00
0.00
0.00
0.00
0.00
0.00
0.00
0.00
0.00
0.00
0.00
0.00
0.00
0.00
2.34
-1.85
0.05
-0.74
-2.03
2.01
1.09
-6.91
2.64
0.00
0.11
0.00
4.22
-0.63
1.07
0.52
1.10
0.00
-1.61
1.38
-1.47
1.14
-0.81
6.91
-1.81
2.62
-0.04
-6.91
1.37
-0.32
-0.49
0.00
0.00
0.00
2.72
0.39
-0.01
0.31
0.52
0.00
-1.97
-1.65
2.09
2.82
-1.06
-0.80
-1.39
1.81
-2.77
1.54
6.91
0.72
0.28
0.06
0.00
0.00
0.00
0.00
0.00
0.00
0.00
0.00
0.00
0.00
0.00
0.00
0.00
0.00
0.00
0.00
0.00
0.00
0.00
0.00
0.00
0.00
0.00
0.00
-2.20
0.00
0.00
-2.68
-2.98
-3.80
1.47
0.45
-1.84
2.81
-0.17
-1.37
-1.50
-0.64
0.00
-3.38
-0.86
0.00
0.00
0.00
0.00
0.00
0.00
0.00
0.00
0.00
0.00
0.00
0.00
0.00
0.00
0.00
0.00
0.00
0.00
0.00
-2.39
-1.82
0.00
0.00
1.20
4.72
-2.85
-2.14
1.44
-1.35
-1.49
0.05
-1.90
-3.89
0.00
-6.91
-3.78
-1.03
-1.12
0.00
-5.10
1.33
-6.91
0.00
-6.91
0.57
-3.74
0.00
6.91
-3.26
0.00
-0.87
-1.01
-3.23
-0.37
-1.22
-0.94
-0.28
0.07
-1.05
-1.07
0.00
0.76
-6.91
-2.09
0.00
0.00
0.73
-1.61
6.91
-6.91
-1.51
0.23
-0.22
0.46
0.00
0.00
0.00
0.00
0.00
0.00
0.00
0.00
0.00
0.00
0.00
0.00
0.00
0.00
0.00
0.00
0.00
0.00
0.00
0.00
0.00
0.00
0.00
0.00
0.00
-4.96
-0.58
0.00
0.00
0.00
0.22
-0.33
1.73
-1.72
2.82
0.00
0.00
2.07
-1.37
0.00
0.32
-2.37
0.00
0.00
0.00
0.00
0.00
0.00
0.00
0.00
0.00
0.00
0.00
0.00
0.00
0.00
0.00
0.00
0.00
0.00
0.00
0.00
-6.91
-3.00
0.38
-0.25
3.18
0.00
-1.07
0.00
0.00
1.73
0.00
0.00
-0.85
0.00
0.00
1.99
0.00
-6.91
0.00
-0.58
0.00
-1.37
0.00
0.05
2.50
-1.83
-0.12
0.00
-2.76
1.03
0.00
0.00
0.00
0.00
0.38
6.91
0.99
6.91
0.00
-6.91
0.38
0.00
0.00
-1.62
-3.52
-0.84
0.00
-0.64
6.91
0.00
1.10
3.38
1.53
0.00
0.00
0.00
0.00
0.00
0.00
0.00
0.00
0.00
0.00
0.00
0.00
0.00
0.00
0.00
0.00
0.00
0.00
0.00
0.00
0.00
0.00
0.00
0.00
0.00
-1.97
-1.83
0.00
0.00
0.00
-0.19
0.17
0.00
-1.06
0.00
0.00
0.00
1.79
-4.92
0.00
4.55
-2.16
0.00
0.00
0.00
0.00
0.00
0.00
0.00
0.00
0.00
0.00
0.00
0.00
0.00
0.00
0.00
0.00
0.00
0.00
0.00
0.00
-0.68
-0.54
0.12
1.00
0.00
0.00
0.19
0.00
0.00
6.91
0.00
0.00
-0.94
0.00
0.00
0.00
0.00
-2.09
0.00
-0.39
0.00
-1.27
0.00
0.26
0.00
-2.77
-0.64
0.00
-6.91
6.91
0.00
0.00
0.00
0.00
6.91
0.00
3.35
6.91
0.00
-0.41
0.01
0.00
0.00
-1.20
-6.91
0.83
0.00
0.10
0.00
0.00
6.91
0.00
1.83
0.00
0.00
0.00
0.00
0.00
0.00
0.00
0.00
0.00
0.00
0.00
0.00
0.00
0.00
0.00
0.00
0.00
0.00
0.00
0.00
0.00
0.00
0.00
0.00
0.33
0.83
1.24
-0.19
-2.56
-1.35
0.27
-0.22
-2.33
0.19
-1.48
-0.12
0.13
-6.13
6.91
-0.63
-5.34
0.47
0.00
0.00
0.00
0.00
0.00
0.00
0.00
0.00
0.00
0.00
0.00
0.00
0.00
0.00
0.00
0.00
0.00
0.00
0.52
0.44
1.21
1.16
-0.23
0.08
-0.64
-1.45
-0.70
0.09
0.81
-1.86
0.81
-0.52
1.23
0.43
-0.39
-2.37
0.90
0.50
0.25
-0.72
-2.50
6.91
-0.69
-0.89
-0.44
2.61
-0.41
-0.06
1.62
-1.26
1.82
0.17
1.05
-1.09
-1.33
-0.75
-6.91
-2.09
1.04
0.73
-0.20
-0.26
0.21
2.48
1.14
-0.48
-0.39
-0.85
-0.37
0.29
-2.40
-3.93
-1.76
0.00
0.00
0.00
0.00
0.00
0.00
0.00
0.00
0.00
0.00
0.00
0.00
0.00
0.00
0.00
0.00
0.00
0.00
0.00
0.00
0.00
0.00
0.00
0.00
-0.91
0.00
0.00
-1.48
-0.47
-0.58
0.00
0.00
-0.42
0.00
0.15
-1.51
-5.28
0.87
0.00
-0.20
0.91
0.00
0.00
0.00
0.00
0.00
0.00
0.00
0.00
0.00
0.00
0.00
0.00
0.00
0.00
0.00
0.00
0.00
0.00
0.00
-2.66
-2.25
0.00
0.00
0.00
0.00
-0.42
-0.55
0.00
-1.69
-6.91
-0.17
-1.38
-1.95
0.00
-1.22
0.24
1.21
-2.59
0.00
-0.54
0.00
-0.34
0.00
-1.51
0.00
-0.93
0.00
0.00
-1.42
0.00
0.40
-1.64
-1.31
-1.78
-0.64
0.27
0.24
1.74
-0.25
-6.91
0.00
1.81
-0.96
-1.37
0.00
0.00
0.00
-1.83
0.00
-0.47
-1.66
1.38
0.13
1.63
0.00
0.00
0.00
0.00
0.00
0.00
0.00
0.00
0.00
0.00
0.00
0.00
0.00
0.00
0.00
0.00
0.00
0.00
0.00
0.00
0.00
0.00
0.00
0.00
0.12
2.91
0.00
-0.01
-1.80
-0.36
-0.64
-0.68
-2.90
-0.24
-6.91
-0.39
-0.08
-6.91
0.00
-0.30
-0.64
2.20
0.00
0.00
0.00
0.00
0.00
0.00
0.00
0.00
0.00
0.00
0.00
0.00
0.00
0.00
0.00
0.00
0.00
0.00
0.22
0.03
0.74
6.91
-0.82
-0.43
-2.06
-0.53
0.08
-1.31
0.24
-2.59
-0.15
-0.30
6.91
-1.42
-2.09
-6.91
0.68
1.92
0.04
-0.46
-0.72
6.91
-2.15
0.05
-1.15
1.12
0.01
-1.04
2.27
-1.56
-0.10
0.51
0.14
-1.44
-0.75
-6.91
-1.78
-4.90
-0.55
2.62
-0.96
-1.21
-1.10
6.91
6.91
-0.73
-1.35
0.61
-1.26
-0.42
-2.09
-6.91
-2.17
0.00
0.00
0.00
0.00
0.00
0.00
0.00
0.00
0.00
0.00
0.00
0.00
0.00
0.00
0.00
0.00
0.00
0.00
0.00
0.00
0.00
0.00
0.00
0.00
0.84
1.17
1.37
-0.12
-0.21
-1.23
-0.12
-0.24
-0.98
0.13
-0.58
-0.66
0.04
-1.75
0.61
0.48
-6.91
0.91
0.00
0.00
0.00
0.00
0.00
0.00
0.00
0.00
0.00
0.00
0.00
0.00
0.00
0.00
0.00
0.00
0.00
0.00
0.37
-0.22
0.35
1.95
-0.92
-0.76
-2.17
0.14
0.28
-0.95
1.87
-2.19
1.26
-0.19
1.61
-0.64
0.20
-1.02
1.20
1.06
0.50
-1.16
-0.80
1.00
0.37
-1.56
-0.46
-0.01
0.47
-0.28
1.64
-0.69
3.33
1.02
2.96
0.38
-6.91
-1.59
-6.91
-4.88
1.26
1.11
-0.79
-0.84
-0.31
0.44
2.99
-0.29
0.34
-0.04
-0.70
-0.73
-1.73
-0.21
-2.12
0.00
0.00
0.00
0.00
0.00
0.00
0.00
0.00
0.00
0.00
0.00
0.00
0.00
0.00
0.00
0.00
0.00
0.00
0.00
0.00
0.00
0.00
0.00
0.00
-2.90
0.00
0.00
-1.35
-0.65
-0.78
1.39
3.49
-0.65
0.00
-0.11
-1.09
-0.68
0.52
0.00
-0.91
0.65
0.00
-6.91
-6.91
0.00
6.91
-1.02
0.00
2.38
-0.78
-0.41
0.27
0.00
-2.70
0.00
0.00
1.00
-6.91
-0.15
0.68
0.00
0.00
0.00
0.00
0.00
0.00
0.00
0.00
0.00
0.00
0.00
0.00
0.00
0.00
0.00
0.00
0.00
0.00
-4.82
0.00
-6.91
2.93
-1.81
0.00
-1.48
1.81
-1.34
0.00
0.00
-0.51
0.00
-0.44
-1.70
-6.91
-1.18
-0.91
-0.13
0.09
0.46
0.29
-2.29
0.00
3.60
-1.50
-1.90
0.00
0.00
2.06
-0.84
0.00
-0.45
-2.45
0.87
0.72
0.50
-6.91
0.00
-0.70
0.00
0.00
0.00
-0.50
-1.42
2.82
-1.24
6.91
-6.91
-1.52
-0.90
0.00
0.00
0.00
0.00
0.00
0.00
0.00
0.00
0.00
0.00
-1.05
0.00
0.00
-6.91
-1.58
-6.91
6.91
2.97
-0.41
6.91
0.22
-1.58
-6.91
-0.77
0.00
-1.21
-0.36
0.00
-2.51
-1.91
0.00
2.58
-1.61
0.00
2.90
-1.28
-0.76
-0.55
2.64
-2.15
0.00
0.00
0.00
-2.10
0.23
-0.13
0.00
0.00
0.00
0.00
0.00
0.00
0.00
0.00
0.00
0.00
0.00
0.00
0.00
0.00
0.00
0.00
0.00
0.00
-1.31
0.00
-1.84
3.29
-2.90
0.00
-2.58
2.59
-0.88
0.00
6.91
-1.59
0.00
0.46
-0.87
-2.75
-0.39
-1.45
0.16
-0.36
0.93
0.18
-1.37
0.00
1.55
-0.63
-1.79
0.00
0.00
1.85
-1.98
1.74
-0.64
-2.53
-0.72
-0.76
-0.01
-6.91
0.00
-2.70
0.00
6.91
0.00
-2.25
-6.91
2.12
-4.19
0.89
-1.52
-0.73
-0.26
0.00
0.00
0.00
0.00
0.00
0.00
0.00
0.00
0.00
0.00
0.00
-6.17
-2.19
0.00
6.91
0.00
-0.06
0.14
6.91
-1.69
1.65
0.00
0.00
0.95
-0.90
0.00
0.82
-6.91
0.00
0.00
-2.08
-0.18
1.63
-4.20
0.08
2.58
0.00
1.59
-1.51
0.00
-6.91
-5.96
1.00
0.00
1.67
1.13
0.00
0.00
0.00
0.00
0.00
0.00
0.00
0.00
0.00
0.00
0.00
0.00
0.00
0.00
0.00
0.00
0.00
0.00
0.00
-6.91
0.00
-1.38
0.00
-0.86
0.00
-0.91
3.62
-6.91
-0.63
0.00
-1.54
0.82
0.00
0.00
0.00
0.00
1.89
2.36
0.97
2.38
0.00
-6.91
0.65
0.00
0.00
-3.57
-0.84
-0.99
0.00
-0.42
2.04
0.00
2.54
1.70
0.72
0.00
-6.91
0.00
-1.55
-1.24
-5.20
0.00
0.00
-0.47
0.00
-1.04
0.00
0.00
6.91
0.00
0.00
0.00
0.00
0.00
0.00
0.00
0.00
0.00
0.00
0.00
-5.32
-6.91
0.00
0.00
0.00
0.03
0.98
0.00
-1.58
1.80
0.00
0.00
1.98
-0.66
0.00
1.26
-2.01
0.00
0.00
-1.21
-0.31
0.00
-6.91
-0.19
0.00
0.00
6.91
-0.09
0.00
-1.36
-1.07
1.53
0.00
2.98
2.59
0.00
0.00
0.00
0.00
0.00
0.00
0.00
0.00
0.00
0.00
0.00
0.00
0.00
0.00
0.00
0.00
0.00
0.00
0.00
-6.91
0.00
0.56
0.00
-3.91
0.00
0.64
0.00
-0.55
-1.19
0.00
-1.64
2.83
0.00
0.00
0.00
0.00
6.91
0.00
0.81
2.07
0.00
-0.94
0.56
0.00
0.00
-1.19
-1.73
0.61
0.00
-0.02
0.00
0.00
6.91
3.15
1.74
0.00
-6.91
0.00
-6.91
-0.20
-2.10
0.00
0.00
-0.81
0.00
1.06
0.00
0.00
0.00
0.00
0.00
0.00
0.00
0.00
0.00
0.00
0.00
0.00
0.00
1.15
-1.20
0.51
1.61
0.45
0.09
-4.76
-6.91
0.84
-1.67
0.38
1.97
1.60
-1.13
0.95
1.60
-0.61
-0.10
3.21
1.18
-0.71
-6.91
0.05
-0.19
-8.17
0.34
1.15
-0.66
-2.67
0.70
-0.37
1.06
-0.66
0.00
-0.56
-0.24
0.00
0.00
0.00
0.00
0.00
0.00
0.00
0.00
0.00
0.00
0.00
0.00
0.00
0.00
0.00
0.00
0.00
0.00
1.56
-1.17
1.28
-3.35
0.45
0.42
-0.09
-3.39
0.34
-0.14
-1.68
0.71
-0.09
-1.14
0.00
2.60
0.00
2.51
-0.76
-0.42
-0.93
-1.27
1.15
0.42
-6.91
0.89
2.38
0.87
-0.00
-4.12
1.24
-2.76
-0.39
1.99
-0.69
0.45
-1.75
6.91
-0.47
0.57
-0.41
-6.91
0.05
0.00
0.12
-2.17
3.69
-6.91
6.91
1.62
0.23
0.00
0.00
0.00
0.00
0.00
0.00
0.00
0.00
0.00
0.00
1.68
-0.50
-0.08
2.12
0.41
1.66
-2.41
-1.92
0.14
-2.10
-0.14
4.47
1.46
0.59
0.72
1.39
-0.01
0.19
3.55
0.77
0.10
-6.91
1.26
-0.06
-2.26
0.39
0.41
0.02
-2.60
0.98
0.05
-0.09
-0.99
0.00
-0.17
-1.06
0.00
0.00
0.00
0.00
0.00
0.00
0.00
0.00
0.00
0.00
0.00
0.00
0.00
0.00
0.00
0.00
0.00
0.00
0.00
-0.24
1.57
-2.92
0.59
0.07
0.78
-1.23
0.89
-0.68
-1.08
0.73
-0.53
0.64
0.00
6.91
0.00
3.51
-0.01
-0.09
-0.05
0.06
0.00
-0.95
-1.11
1.28
1.75
-0.80
-0.69
-4.56
1.86
-2.14
1.06
2.83
0.09
-0.71
-0.16
0.00
-1.72
1.39
-0.81
-1.17
0.15
0.00
1.14
-1.56
1.07
-1.70
0.00
1.49
0.70
0.00
0.00
0.00
0.00
0.00
0.00
0.00
0.00
0.00
0.00
-0.35
6.91
0.00
-2.14
-1.25
-0.56
0.17
0.16
-6.91
0.30
-0.43
-3.83
-1.26
-1.71
0.00
-0.89
-0.37
2.18
0.00
-1.67
6.91
0.16
-6.91
0.00
-0.41
-6.91
-0.81
-0.42
1.07
-0.51
4.46
0.00
-1.06
-0.69
-2.92
-1.09
0.00
0.00
0.00
0.00
0.00
0.00
0.00
0.00
0.00
0.00
0.00
0.00
0.00
0.00
0.00
0.00
0.00
0.00
-1.38
6.91
-2.15
0.57
-1.07
0.00
-3.05
1.24
-6.91
6.91
0.16
-1.27
0.00
-0.36
-0.21
-0.03
-0.64
-0.90
-0.53
-2.64
-1.62
-2.13
-0.41
6.91
0.78
-3.42
-1.09
0.00
0.00
0.02
-1.91
0.04
-3.94
-2.89
-1.24
-1.41
-1.81
-0.07
6.91
-0.92
0.00
1.05
0.00
0.46
-3.30
0.80
-1.87
0.57
-0.25
-1.56
-1.33
0.00
0.00
0.00
0.00
0.00
0.00
0.00
0.00
0.00
0.00
-1.89
0.00
0.00
-1.56
-7.44
-6.91
0.45
0.70
-1.03
1.68
-1.49
-1.87
-1.47
-2.05
0.00
-6.91
0.03
0.00
-1.76
-6.91
0.00
3.56
-1.19
0.00
0.58
-1.33
-2.73
-0.55
1.49
-2.92
0.00
0.00
-1.07
-0.54
-2.82
-0.93
0.00
0.00
0.00
0.00
0.00
0.00
0.00
0.00
0.00
0.00
0.00
0.00
0.00
0.00
0.00
0.00
0.00
0.00
-0.45
0.00
-1.15
1.84
-1.24
0.00
-1.44
0.75
-0.52
0.00
1.69
-1.85
0.00
-0.22
-0.12
-1.55
-0.87
-0.80
-0.97
-1.10
-0.19
-1.24
-1.03
0.00
0.84
-1.14
-2.40
0.00
0.00
1.60
-6.91
1.40
-0.55
-0.95
-1.06
-0.89
-1.05
-0.30
0.00
-2.99
0.00
1.57
0.00
0.35
-1.29
1.01
-6.91
1.40
-0.69
-2.36
-1.26
0.00
0.00
0.00
0.00
0.00
0.00
0.00
0.00
0.00
0.00
0.00
-1.20
-0.20
6.91
0.47
1.62
-6.91
-3.68
1.56
-6.91
1.03
1.84
0.00
0.02
-0.49
2.76
0.61
-1.78
0.00
2.84
-1.67
-6.91
0.39
0.12
-6.91
1.81
0.72
0.39
-1.54
1.49
-1.81
0.34
0.62
0.00
-0.16
-1.05
0.00
0.00
0.00
0.00
0.00
0.00
0.00
0.00
0.00
0.00
0.00
0.00
0.00
0.00
0.00
0.00
0.00
0.00
0.00
-0.77
2.29
-2.24
0.78
-1.26
1.74
-3.83
1.11
-0.86
-1.59
1.34
-0.62
0.44
0.00
0.00
0.00
3.39
-0.56
1.45
0.38
0.08
0.00
-1.21
-2.90
2.12
6.91
0.19
0.14
-3.20
1.29
-1.77
0.87
6.91
0.15
0.62
-1.18
0.00
-1.73
2.95
0.02
-1.34
-0.92
0.00
2.25
-0.96
6.91
-3.10
0.00
1.95
0.42
0.00
0.00
0.00
0.00
0.00
0.00
0.00
0.00
0.00
0.00
-2.14
0.00
0.00
-4.42
-1.20
-6.91
2.59
1.80
-0.57
0.78
-0.42
-6.91
-1.13
-0.21
0.00
-2.40
-0.08
0.00
-1.30
-2.57
0.00
1.71
-2.85
0.00
0.97
-0.63
-6.91
0.10
4.36
-1.38
0.00
0.00
-1.27
-1.01
-1.21
-1.16
0.00
0.00
0.00
0.00
0.00
0.00
0.00
0.00
0.00
0.00
0.00
0.00
0.00
0.00
0.00
0.00
0.00
0.00
-1.10
0.00
-3.66
0.31
-2.07
0.00
-6.91
0.17
-1.34
0.00
2.03
-1.76
0.00
-0.49
-0.28
-1.23
-1.40
-6.91
-1.00
-1.43
-1.00
-1.22
-1.38
0.00
1.32
-1.17
-2.01
0.00
0.00
0.32
-1.71
2.23
-2.90
-4.71
-0.38
0.03
-0.51
-2.45
0.00
-1.90
0.00
3.95
0.00
-0.33
-1.80
1.54
-1.37
1.76
-2.31
-2.42
-1.64
0.00
0.00
0.00
0.00
0.00
0.00
0.00
0.00
0.00
0.00
-0.88
0.00
0.00
-0.30
0.54
-1.24
0.00
0.00
0.11
0.00
0.39
-1.72
-3.86
1.45
0.00
-0.85
2.06
0.00
-1.21
-0.75
0.00
0.00
0.26
0.00
0.00
-0.51
-0.99
1.25
0.00
-0.93
0.00
0.00
0.78
-6.91
0.21
3.27
0.00
0.00
0.00
0.00
0.00
0.00
0.00
0.00
0.00
0.00
0.00
0.00
0.00
0.00
0.00
0.00
0.00
0.00
-1.68
0.00
-1.94
0.00
-1.12
0.00
-0.55
0.00
-0.25
0.00
0.00
0.16
0.00
1.80
-1.88
-1.18
-6.91
-1.14
0.75
0.47
0.44
0.32
-6.91
0.00
0.00
-0.97
-1.65
0.00
0.00
0.00
-1.38
0.00
-0.31
-1.59
0.85
0.21
2.20
-1.17
0.00
-0.77
0.00
0.00
0.00
-2.91
-0.23
0.00
-0.67
0.00
-6.91
-0.58
-0.60
0.00
0.00
0.00
0.00
0.00
0.00
0.00
0.00
0.00
0.00
-0.74
0.46
6.91
-0.84
-1.06
-0.96
0.68
-0.68
-0.47
0.30
-6.91
0.05
0.13
-2.36
1.38
0.24
-1.58
0.98
-0.23
-1.28
0.92
0.38
-1.92
6.91
-1.15
-2.11
-0.28
-1.53
0.27
0.09
0.63
1.77
-1.80
1.69
-2.62
-1.36
0.00
0.00
0.00
0.00
0.00
0.00
0.00
0.00
0.00
0.00
0.00
0.00
0.00
0.00
0.00
0.00
0.00
0.00
-0.36
2.16
-0.46
-0.04
-0.86
4.59
-0.81
-1.10
-1.31
6.91
0.84
0.02
1.50
-1.69
0.29
0.14
0.27
0.39
-1.35
-1.85
-4.18
-6.91
-0.06
0.50
-0.54
-0.64
-0.97
2.00
6.91
-0.45
-0.44
-0.21
-0.87
-0.03
-2.19
-3.79
-1.28
-0.03
1.81
-0.22
0.87
0.57
1.01
0.09
-1.14
0.53
-0.54
-1.12
1.06
0.56
-0.79
0.00
0.00
0.00
0.00
0.00
0.00
0.00
0.00
0.00
0.00
-6.91
0.00
0.00
-1.48
-0.60
-0.12
0.00
1.81
-0.77
0.00
-0.42
-1.07
-6.91
-0.22
0.00
-1.58
-0.09
0.00
-4.44
-1.86
0.00
0.00
-0.60
0.00
6.91
-0.48
-0.93
0.47
0.00
-0.52
0.00
0.00
-0.32
-1.66
-0.59
1.61
0.00
0.00
0.00
0.00
0.00
0.00
0.00
0.00
0.00
0.00
0.00
0.00
0.00
0.00
0.00
0.00
0.00
0.00
-6.91
0.00
-0.96
6.91
-1.69
0.00
-1.37
1.69
-0.76
0.00
0.00
-1.41
0.00
0.81
-1.96
-6.91
-1.64
-1.67
0.52
0.24
-0.06
0.25
-0.92
0.00
6.91
-0.67
-3.36
0.00
0.00
6.91
-2.85
0.00
-1.67
-0.95
-0.60
-0.66
1.71
-6.91
0.00
-2.18
0.00
0.00
0.00
-1.19
-1.62
6.91
-2.18
1.85
-2.27
-6.37
-1.71
0.00
0.00
0.00
0.00
0.00
0.00
0.00
0.00
0.00
0.00
-6.91
0.00
0.00
-3.41
-2.28
-6.91
6.91
2.48
-2.84
6.91
-0.33
-3.32
-3.27
-1.02
0.00
-3.83
-0.47
0.00
-2.06
-1.33
0.00
6.91
-3.94
0.00
1.86
-1.50
-6.91
-0.99
3.20
-2.12
0.00
0.00
-0.42
-1.90
-1.58
0.61
0.00
0.00
0.00
0.00
0.00
0.00
0.00
0.00
0.00
0.00
0.00
0.00
0.00
0.00
0.00
0.00
0.00
0.00
-1.60
0.00
-6.91
1.75
-1.13
0.00
-6.91
1.89
-0.75
0.00
2.53
-2.38
0.00
-0.08
-0.86
-2.39
-0.71
-1.95
-0.81
-1.72
0.10
-1.46
-0.73
0.00
0.44
-1.78
-2.05
0.00
0.00
0.68
-2.12
0.86
-1.34
-2.78
0.09
-1.38
-0.41
-0.71
0.00
-6.91
0.00
6.91
0.00
-1.80
-6.91
4.67
-6.91
0.31
-1.50
-1.45
-3.69
0.00
0.00
0.00
0.00
0.00
0.00
0.00
0.00
0.00
0.00
0.00
-3.45
-6.91
0.00
0.00
0.00
-0.64
-0.59
0.00
-1.06
2.07
0.00
0.00
6.91
-6.91
0.00
5.15
-2.30
0.00
0.00
-0.81
-0.12
0.00
-1.18
-0.40
0.00
0.00
1.52
-0.86
0.00
-2.00
-6.91
5.33
0.00
1.66
1.93
0.00
0.00
0.00
0.00
0.00
0.00
0.00
0.00
0.00
0.00
0.00
0.00
0.00
0.00
0.00
0.00
0.00
0.00
0.00
-0.94
0.00
-0.41
0.00
-3.87
0.00
-0.33
0.00
-6.91
0.15
0.00
-1.67
6.91
0.00
0.00
0.00
0.00
1.98
0.00
0.77
1.25
0.00
-1.57
-0.25
0.00
0.00
-4.52
-1.74
-0.23
0.00
-0.90
0.00
0.00
1.96
1.71
0.92
0.00
-2.56
0.00
-2.65
-0.54
-6.91
0.00
0.00
0.00
0.00
0.42
0.00
0.00
0.00
0.00
0.00
0.00
0.00
0.00
0.00
0.00
0.00
0.00
0.00
-1.38
0.00
0.00
-2.50
-3.19
-1.35
2.43
2.32
-1.46
3.82
0.06
-4.35
-2.28
-1.14
0.00
-0.73
-0.50
0.00
-5.77
-0.76
0.00
1.48
-1.54
0.00
0.96
-1.33
-0.89
0.43
6.91
-6.91
0.00
0.00
-0.23
-0.34
0.24
-0.13
0.00
0.00
0.00
0.00
0.00
0.00
0.00
0.00
0.00
0.00
0.00
0.00
0.00
0.00
0.00
0.00
0.00
0.00
-2.25
0.00
-1.24
0.86
-0.94
0.00
-6.91
1.34
-0.55
0.00
2.06
-6.91
0.00
-0.90
-1.23
-2.39
-1.37
-6.91
-0.04
-0.69
0.00
-0.35
-0.41
0.00
0.64
-1.61
-0.68
0.00
0.00
0.81
-0.85
6.91
-0.60
-6.91
-0.96
-0.15
0.25
-1.82
0.00
-1.15
0.00
2.89
0.00
0.28
-1.35
1.04
-0.89
1.62
-2.10
-6.91
-0.87
0.00
0.00
0.00
0.00
0.00
0.00
0.00
0.00
0.00
0.00
-1.46
0.00
0.00
-1.36
-6.91
-1.61
1.08
0.12
-4.90
1.02
-1.48
-1.49
-1.78
-0.24
0.00
-3.12
-0.20
0.00
-1.10
-1.49
0.00
1.04
-2.48
0.00
0.54
-1.39
-0.91
-0.13
1.21
-4.29
0.00
0.00
-1.25
-1.11
-0.54
-1.02
0.00
0.00
0.00
0.00
0.00
0.00
0.00
0.00
0.00
0.00
0.00
0.00
0.00
0.00
0.00
0.00
0.00
0.00
-0.02
0.00
-2.27
0.65
-1.62
0.00
-1.08
0.68
-1.44
0.00
0.57
-1.54
0.00
-1.62
0.64
-1.94
-0.85
-0.78
-0.39
-2.06
-0.94
-0.67
-0.88
0.00
0.06
-0.85
-1.54
0.00
0.00
0.49
-1.17
0.38
-6.91
-1.41
-0.08
-0.06
-1.10
-0.49
0.00
-1.51
0.00
2.01
0.00
-0.09
-1.58
0.65
-1.21
0.39
-0.47
-0.71
-6.91
0.00
0.00
0.00
0.00
0.00
0.00
0.00
0.00
0.00
0.00
-1.10
1.58
0.00
-0.29
-2.15
-0.34
0.03
-0.05
-0.76
1.12
-7.14
-1.53
0.26
-1.39
0.00
-1.94
-6.91
3.13
-0.46
-1.59
1.00
-0.38
-3.51
0.00
-0.17
-0.43
-1.28
-1.67
0.59
-0.06
2.50
0.00
-1.16
0.26
-1.76
-0.28
0.00
0.00
0.00
0.00
0.00
0.00
0.00
0.00
0.00
0.00
0.00
0.00
0.00
0.00
0.00
0.00
0.00
0.00
0.11
1.00
-1.62
0.88
-1.49
6.91
-0.39
-0.07
-0.92
2.11
1.05
-0.56
2.13
-2.10
0.33
-0.07
-0.08
-1.30
-1.26
-1.50
-1.41
-1.20
0.47
1.14
-0.32
-1.80
-0.02
2.51
1.88
-0.67
-1.75
-0.18
-1.73
-0.17
-1.17
-3.13
-1.24
0.47
1.92
-3.38
1.99
-0.04
6.91
0.19
-1.17
0.07
0.17
-0.47
-0.51
-0.32
-1.82
0.00
0.00
0.00
0.00
0.00
0.00
0.00
0.00
0.00
0.00
-1.73
0.00
0.00
-1.72
-0.29
-0.79
0.00
6.91
-0.98
0.00
0.77
-1.42
-0.71
0.15
0.00
-0.85
-0.18
0.00
-1.68
-2.18
0.00
0.00
-0.81
0.00
3.24
0.16
-1.08
0.71
0.00
-0.71
0.00
0.00
0.41
-6.91
-0.50
0.44
-1.87
-1.93
0.00
0.00
1.49
0.00
-0.27
-0.88
0.00
-2.36
-2.57
1.01
-0.84
-6.91
0.00
-0.87
-1.32
-0.67
0.00
0.00
0.00
0.00
0.00
0.00
0.00
0.00
0.00
0.00
0.00
0.00
0.00
0.00
0.00
0.00
0.00
0.00
0.00
0.00
0.00
0.00
-6.91
0.00
1.25
-1.35
-1.71
0.00
0.00
3.64
-1.43
0.00
-1.36
-0.76
0.29
0.76
1.23
-1.43
0.00
-1.04
0.00
0.00
0.00
-2.99
-1.71
6.91
-1.61
1.91
-4.29
-0.82
-0.48
-3.70
0.00
0.00
-2.16
-2.14
-2.17
-0.66
0.00
-0.75
-2.41
0.00
-6.91
-1.23
0.00
2.06
0.00
-1.21
-1.28
1.05
-0.34
1.60
0.00
0.00
1.64
-0.92
0.00
0.61
-3.67
0.00
0.00
-1.75
-0.66
3.32
-1.51
0.10
2.97
0.00
0.68
-1.31
0.00
-0.95
-2.42
0.54
0.00
6.91
1.29
0.00
0.00
-2.08
-3.48
-0.32
-0.20
2.76
0.00
-0.33
0.00
0.00
0.44
0.00
0.00
-0.73
0.00
0.00
1.44
0.00
0.00
0.00
0.00
0.00
0.00
0.00
0.00
0.00
0.00
0.00
0.00
0.00
0.00
0.00
0.00
0.00
0.00
0.00
0.00
0.00
0.00
0.00
-6.91
-0.21
0.00
0.00
-2.97
-2.58
-0.62
0.00
-1.07
1.66
0.00
0.63
0.96
1.66
0.00
-6.91
0.00
-1.94
-0.66
-2.80
0.00
0.00
-0.42
0.00
-0.95
0.00
0.00
3.06
0.00
-6.91
-2.51
0.00
0.00
0.00
0.00
-0.50
0.00
0.00
-2.39
0.00
0.00
-4.87
-1.45
-1.64
6.91
3.00
-1.59
6.91
0.17
-1.96
-0.75
-0.22
0.00
-6.91
0.26
0.00
-4.00
-2.43
0.00
2.59
-1.60
0.00
1.41
-1.76
-1.85
0.26
6.91
-2.55
0.00
0.00
0.15
-0.41
-0.45
-0.39
-6.91
-1.53
0.00
0.00
0.54
1.39
-0.45
-6.91
2.86
-1.13
-1.63
0.32
-1.48
-1.59
0.00
-4.67
-0.78
-1.02
0.00
0.00
0.00
0.00
0.00
0.00
0.00
0.00
0.00
0.00
0.00
0.00
0.00
0.00
0.00
0.00
0.00
0.00
0.00
0.00
0.00
0.00
-6.91
0.00
1.51
-3.54
-6.91
0.00
0.00
6.91
-1.07
1.04
-1.56
-2.13
-0.10
-1.35
-0.28
-0.72
0.00
-1.12
0.00
1.89
0.00
-0.80
-1.22
1.51
-6.74
0.39
-4.13
-1.00
-1.09
-6.91
0.00
0.00
-2.25
-1.67
-1.11
-1.16
1.60
-0.18
-1.71
1.14
-0.75
0.64
0.80
0.98
2.17
-2.63
-6.91
1.26
-1.69
0.36
1.05
6.91
-0.27
-0.68
2.42
0.27
0.29
6.91
1.40
-0.16
-2.69
0.33
-0.15
-6.91
0.78
0.97
-0.17
-3.81
0.57
-1.41
0.15
-0.90
0.00
0.73
-0.72
2.20
4.73
-0.35
-0.20
-1.73
-6.91
0.16
1.53
-2.15
0.69
0.00
-0.07
6.91
3.88
0.76
0.86
1.57
-0.68
0.00
0.00
0.00
0.00
0.00
0.00
0.00
0.00
0.00
0.00
0.00
0.00
0.00
0.00
0.00
0.00
0.00
0.00
0.00
0.00
0.00
0.00
2.77
-0.35
-6.91
1.24
5.43
0.20
0.27
-5.31
1.20
-3.24
1.45
1.11
-0.72
-0.31
-0.01
0.00
-0.13
1.47
0.14
-1.52
0.54
0.00
3.30
-6.91
1.63
-1.04
0.00
1.26
0.41
0.00
-1.27
-0.52
6.91
2.39
0.74
0.39
-1.32
0.00
0.00
-1.00
0.00
0.00
-5.53
-1.71
-2.77
1.10
0.67
-2.35
1.48
-0.35
-1.08
-0.55
-0.97
0.00
-0.64
-0.93
0.00
-2.32
-0.85
0.00
0.18
-6.91
0.00
1.18
-1.17
-1.62
-1.91
2.45
-1.09
0.00
0.00
-1.30
0.21
-1.07
-1.01
-0.80
-1.66
0.00
0.00
1.31
1.23
-6.91
-1.56
0.53
-1.69
-0.27
-0.92
-2.15
-0.98
0.00
-2.40
-2.88
-0.66
0.00
0.00
0.00
0.00
0.00
0.00
0.00
0.00
0.00
0.00
0.00
0.00
0.00
0.00
0.00
0.00
0.00
0.00
0.00
0.00
0.00
0.00
-0.61
0.00
0.11
-6.91
-1.01
0.00
0.00
0.83
-0.82
0.77
-6.91
-0.83
-1.21
-2.54
-1.22
-1.05
0.00
-6.91
0.00
1.20
0.00
0.01
-2.34
0.48
-1.07
0.76
-0.06
-1.37
-6.91
-0.42
0.00
0.00
-0.51
-2.03
-1.32
-1.47
0.83
-0.51
-0.01
0.00
-2.25
-6.91
0.00
0.00
0.00
-0.14
-0.43
0.00
-0.75
2.92
0.00
0.00
1.02
-1.92
0.00
1.68
-2.05
0.00
0.00
-1.50
-1.17
0.00
-2.24
-0.65
0.00
0.00
3.23
-1.40
0.00
-1.74
-0.59
0.89
0.00
1.40
0.62
0.00
0.00
-2.09
-3.62
-0.05
-1.11
0.00
0.00
0.25
0.00
0.00
2.54
0.00
0.00
-6.91
0.00
0.00
3.33
0.00
0.00
0.00
0.00
0.00
0.00
0.00
0.00
0.00
0.00
0.00
0.00
0.00
0.00
0.00
0.00
0.00
0.00
0.00
0.00
0.00
0.00
0.00
-3.76
-0.48
0.00
0.00
-1.96
-2.13
0.35
0.00
0.31
0.00
0.00
1.01
2.24
1.27
0.00
-0.87
0.00
-2.04
-0.32
-2.12
0.00
0.00
0.08
0.00
-0.09
0.00
0.00
0.00
0.00
-2.04
-1.29
0.00
0.00
0.00
0.00
-0.97
0.00
0.00
-1.55
0.00
0.00
-1.19
-6.91
-6.91
2.90
0.88
-2.28
2.48
-0.81
-1.18
-0.34
-0.44
0.00
-2.74
-1.23
0.00
-2.09
-6.91
0.00
1.20
-1.72
0.00
1.22
-1.18
-5.00
-0.75
2.73
-2.05
0.00
0.00
-0.67
-0.69
-2.33
-0.93
-1.02
-1.51
0.00
0.00
0.14
1.41
-0.66
-6.91
6.91
-6.91
-0.45
-0.68
-1.87
-2.08
0.00
-2.65
-1.58
-0.62
0.00
0.00
0.00
0.00
0.00
0.00
0.00
0.00
0.00
0.00
0.00
0.00
0.00
0.00
0.00
0.00
0.00
0.00
0.00
0.00
0.00
0.00
-1.11
0.00
1.01
-1.13
-2.35
0.00
0.00
2.35
-1.59
0.66
-1.46
-0.50
-0.64
-1.51
-0.70
-0.80
0.00
-2.48
0.00
3.51
0.00
-1.00
-1.32
2.13
-1.20
1.12
-1.00
-1.14
-3.04
-0.86
0.00
0.00
-4.29
-6.91
-1.16
-2.83
0.77
-0.12
-1.17
2.29
-1.07
-0.02
1.71
-0.28
1.41
-6.91
-2.67
0.76
-6.91
-1.14
1.64
0.80
-1.28
-0.27
1.05
-1.96
-0.20
6.91
1.89
-0.71
-6.91
0.69
-0.31
-1.60
-0.02
1.22
-0.49
-0.82
1.60
0.64
1.16
-1.33
0.00
-0.29
-1.79
6.91
0.52
-0.98
-0.02
-6.91
-6.91
-0.32
0.49
-1.64
2.04
0.00
-0.66
1.39
2.63
0.87
0.59
1.11
-0.68
0.00
0.00
0.00
0.00
0.00
0.00
0.00
0.00
0.00
0.00
0.00
0.00
0.00
0.00
0.00
0.00
0.00
0.00
0.00
0.00
0.00
0.00
1.90
-0.04
-2.54
0.75
1.47
-0.53
-0.20
-1.09
0.81
-2.58
1.09
2.17
-1.01
-0.22
-1.34
0.99
0.31
0.34
-0.51
-1.46
1.18
0.00
1.97
-6.91
0.79
-6.91
1.46
0.95
0.23
6.91
-0.98
0.63
2.15
1.47
2.47
1.56
-2.48
0.00
2.89
-0.89
6.91
0.00
-0.30
-1.81
-0.82
0.86
0.10
-2.04
0.25
-2.32
-1.04
-1.20
-2.25
0.00
-0.57
-1.11
2.59
0.08
-0.50
6.91
1.54
-1.88
0.00
1.10
-1.64
-2.47
-1.12
0.35
-0.75
1.37
0.00
-2.14
-0.23
-2.01
-0.37
-1.22
-1.01
6.91
0.00
0.80
-0.03
-6.91
-1.66
0.42
-0.80
0.10
-2.55
-1.24
-0.58
0.00
-1.15
-1.39
-2.55
0.00
0.00
0.00
0.00
0.00
0.00
0.00
0.00
0.00
0.00
0.00
0.00
0.00
0.00
0.00
0.00
0.00
0.00
0.00
0.00
0.00
0.00
0.03
6.91
0.49
-0.98
-1.87
0.00
0.00
1.04
-0.53
1.10
-2.30
-1.53
-0.69
-1.45
-1.49
-0.01
3.04
-6.91
0.00
1.61
0.00
0.26
-0.91
0.76
-0.75
0.65
-0.61
-1.14
-3.18
-0.38
2.67
0.00
-0.42
-1.90
-1.31
-3.47
1.30
-0.53
-0.72
0.00
-0.93
-2.03
0.00
0.00
0.00
-1.21
0.58
2.81
-0.89
1.97
0.00
0.00
1.62
-2.77
0.00
1.33
-2.37
0.00
0.00
-6.91
-1.09
0.00
-0.53
-0.80
6.91
0.00
1.84
-0.72
0.00
-1.79
-0.69
0.69
0.00
3.15
0.63
0.00
0.00
-1.39
-1.31
-0.70
-0.05
6.91
0.00
-0.96
0.00
0.00
3.80
0.00
0.00
-2.61
0.00
0.00
1.26
0.00
0.00
0.00
0.00
0.00
0.00
0.00
0.00
0.00
0.00
0.00
0.00
0.00
0.00
0.00
0.00
0.00
0.00
0.00
0.00
0.00
0.00
0.00
-2.38
0.01
0.00
0.00
-1.45
-1.14
-0.84
0.00
-1.44
6.91
0.00
0.70
6.91
1.21
0.00
-6.91
0.00
-0.73
-0.38
-0.88
0.00
0.00
0.36
0.00
0.01
0.00
0.00
2.96
0.00
-2.42
-0.61
0.00
0.00
0.00
0.00
-1.21
0.00
0.00
0.00
-0.21
0.25
3.95
0.76
0.91
-1.43
-2.04
0.49
-6.91
1.14
2.57
0.00
0.26
0.14
6.91
0.53
-1.98
0.00
6.91
-1.13
-6.91
1.41
-0.19
-6.91
2.15
2.73
-0.16
-6.91
1.27
-2.04
-0.34
-0.74
0.00
-0.25
0.52
0.00
3.07
-0.28
0.08
-0.57
-1.88
0.58
1.08
-6.91
1.13
0.00
0.08
0.00
6.91
-1.28
1.21
1.15
-0.34
0.00
0.00
0.00
0.00
0.00
0.00
0.00
0.00
0.00
0.00
0.00
0.00
0.00
0.00
0.00
0.00
0.00
0.00
0.00
0.00
0.00
0.00
0.00
-2.33
-0.48
0.87
1.78
-1.69
-0.27
-3.51
1.56
-6.91
1.33
6.91
0.46
1.16
-0.57
0.00
-1.08
3.13
-1.38
-6.91
0.19
0.00
1.57
-2.24
6.91
-4.07
0.00
6.91
1.20
0.00
-1.73
-1.34
3.82
1.94
6.91
1.02
-6.91
0.00
0.00
-0.79
0.00
0.00
-1.74
-3.67
-3.68
1.92
0.25
-6.91
6.91
-0.04
-2.65
-0.41
-1.21
0.00
-1.59
-0.82
0.00
-2.25
-1.98
0.00
0.57
-1.78
0.00
0.02
-0.92
-2.51
-0.69
3.56
-2.60
0.00
0.00
0.12
-0.96
-0.93
-0.51
-0.76
-4.00
0.00
0.00
0.93
1.73
-1.13
-6.91
0.72
-6.91
-1.12
-0.60
-1.77
-6.91
0.00
-1.81
-0.91
-1.14
0.00
0.00
0.00
0.00
0.00
0.00
0.00
0.00
0.00
0.00
0.00
0.00
0.00
0.00
0.00
0.00
0.00
0.00
0.00
0.00
0.00
0.00
-0.86
0.00
1.68
-6.91
-1.11
0.00
0.00
0.49
-3.15
1.06
-1.33
-0.73
-1.30
-1.34
0.36
-1.29
0.00
-6.91
0.00
0.75
0.00
0.08
-2.38
1.16
-1.08
0.22
-1.67
-3.70
-1.63
-1.35
0.00
0.00
-1.18
-6.91
-6.91
-1.66
0.84
-0.42
-0.65
0.00
-1.56
-2.89
0.00
0.00
0.00
0.28
1.04
0.00
0.26
6.91
0.00
0.00
1.87
-3.12
0.00
0.68
-1.02
0.00
0.00
-1.24
-1.01
0.00
-6.91
-0.18
0.00
0.00
1.02
-0.59
0.00
-3.63
-1.83
0.82
0.00
6.91
0.99
0.00
0.00
-2.14
-3.87
1.10
-0.97
0.00
0.00
-1.12
0.00
0.00
6.91
0.00
0.00
-6.91
0.00
0.00
1.63
0.00
0.00
0.00
0.00
0.00
0.00
0.00
0.00
0.00
0.00
0.00
0.00
0.00
0.00
0.00
0.00
0.00
0.00
0.00
0.00
0.00
0.00
0.00
-0.78
0.45
0.00
0.00
-3.36
-6.91
-0.69
0.00
0.48
0.00
0.00
6.91
6.91
0.70
0.00
-1.04
0.00
-1.36
0.20
-2.01
0.00
0.00
-0.47
0.00
0.25
0.00
0.00
0.00
0.00
-1.30
-3.34
0.00
0.00
0.00
0.00
-0.40
0.00
0.00
0.70
0.99
1.72
-0.71
-1.08
-1.24
-0.43
-0.82
-2.75
0.83
-4.38
0.04
-0.53
-1.14
2.05
-0.58
-0.86
0.85
-0.02
-0.22
0.92
0.24
-0.99
6.91
-1.00
-0.69
-0.73
-5.73
0.07
-0.05
1.32
6.91
-1.07
0.05
-6.91
-0.70
0.83
-0.46
1.51
5.88
0.32
0.06
-1.37
-0.10
1.04
-0.36
0.15
-1.95
-0.43
-0.81
6.91
-1.04
-0.49
-6.91
0.00
0.00
0.00
0.00
0.00
0.00
0.00
0.00
0.00
0.00
0.00
0.00
0.00
0.00
0.00
0.00
0.00
0.00
0.00
0.00
0.00
0.00
1.00
0.69
-0.50
-0.71
-0.67
6.91
6.91
-0.79
-1.37
0.09
-0.66
-0.08
-3.95
-6.91
-0.79
0.06
0.62
-0.56
6.91
-0.13
3.13
1.66
-0.33
-0.62
-0.18
0.04
0.74
-0.90
-1.26
0.77
2.71
3.69
0.20
-0.43
-0.41
-1.60
0.39
1.25
0.95
-2.27
0.00
0.00
-1.27
0.10
-0.54
0.00
0.00
0.85
0.00
-0.27
0.01
-0.13
1.40
0.00
-1.25
1.66
0.00
-1.91
-0.48
0.00
0.00
0.28
0.00
0.00
0.83
-0.18
0.40
0.00
-0.15
0.00
0.00
1.31
-2.35
-0.07
2.71
-1.73
-1.08
0.00
0.00
0.00
0.00
0.74
-1.31
0.00
-0.52
-2.95
0.05
-0.88
-0.39
0.00
-0.78
-0.30
0.27
0.00
0.00
0.00
0.00
0.00
0.00
0.00
0.00
0.00
0.00
0.00
0.00
0.00
0.00
0.00
0.00
0.00
0.00
0.00
0.00
0.00
0.00
-0.68
0.00
0.00
-0.40
-1.05
0.00
0.00
0.00
-0.09
0.00
0.23
-0.93
0.45
1.28
2.31
-3.05
0.00
0.12
0.00
0.00
0.00
-2.06
-0.47
0.00
-0.49
0.00
-1.89
-0.07
0.24
-0.96
0.00
0.00
-0.72
0.25
-0.06
-1.01
0.00
-0.84
-0.16
-1.58
0.00
0.00
-1.59
-0.57
-1.34
0.00
3.83
-0.66
0.00
0.54
-3.98
-2.69
0.12
0.00
-0.70
1.08
0.00
-2.03
-0.61
0.00
0.00
-0.39
0.00
6.91
-0.70
-2.09
0.67
0.00
-0.81
0.00
0.00
0.92
-1.25
0.39
0.55
-2.70
-0.99
0.00
0.00
3.87
6.91
-0.45
-0.85
0.00
-1.21
-3.59
0.85
-1.74
-2.59
0.00
-1.82
-0.41
0.41
0.00
0.00
0.00
0.00
0.00
0.00
0.00
0.00
0.00
0.00
0.00
0.00
0.00
0.00
0.00
0.00
0.00
0.00
0.00
0.00
0.00
0.00
-4.28
0.00
5.69
-0.34
-1.77
0.00
0.00
1.73
-0.72
0.00
-0.72
-1.59
0.01
-0.26
1.51
-2.45
0.00
-0.72
0.00
0.00
0.00
-2.34
-1.55
6.91
-2.58
1.01
-6.91
-1.64
-0.11
-4.11
0.00
0.00
-6.91
-2.46
-4.86
-0.72
0.00
-1.61
-2.21
-4.82
0.00
0.00
-0.63
0.60
-1.00
0.00
0.00
0.61
0.00
0.24
-0.72
-0.71
0.31
0.00
-1.05
1.60
0.00
-6.23
-2.20
0.00
0.00
-0.86
0.00
0.00
-0.06
-0.92
0.10
0.00
-1.07
0.00
0.00
0.48
-6.91
1.45
2.51
-6.91
-0.89
0.00
0.00
0.00
0.00
0.77
-0.54
0.00
0.10
-6.91
0.47
-1.41
-1.08
0.00
-2.02
-0.28
-0.21
0.00
0.00
0.00
0.00
0.00
0.00
0.00
0.00
0.00
0.00
0.00
0.00
0.00
0.00
0.00
0.00
0.00
0.00
0.00
0.00
0.00
0.00
-1.55
0.00
0.00
0.25
-2.78
0.00
0.00
0.00
-0.28
0.00
-0.28
-1.34
1.03
1.43
1.40
-1.04
0.00
0.13
0.00
0.00
0.00
-1.56
-0.82
0.00
-0.38
0.00
-3.09
-0.83
0.08
-0.79
0.00
0.00
-1.44
-0.23
-0.40
-0.48
0.00
-1.09
-0.83
-2.00
0.00
0.00
-0.93
-6.91
-1.13
2.45
0.61
-0.81
1.88
-0.74
-0.98
-6.91
-0.82
0.00
-1.23
0.18
0.00
-0.80
-1.73
0.00
3.84
-1.27
0.00
0.82
-2.08
-0.91
0.55
6.91
-2.03
0.00
0.00
0.37
-0.08
-0.73
0.40
-1.23
-1.64
0.00
0.00
3.29
6.91
-1.48
-0.84
3.38
-2.61
-1.12
-0.44
-1.74
-2.29
0.00
-2.95
-2.39
0.11
0.00
0.00
0.00
0.00
0.00
0.00
0.00
0.00
0.00
0.00
0.00
0.00
0.00
0.00
0.00
0.00
0.00
0.00
0.00
0.00
0.00
0.00
-1.81
0.00
0.39
-0.96
-2.37
0.00
0.00
2.38
-6.91
1.67
-6.91
-3.10
-0.36
-0.82
-0.32
-0.91
0.00
-0.66
0.00
1.28
0.00
-0.59
-1.01
1.07
-2.56
1.68
-3.80
-1.59
-3.21
-2.77
0.00
0.00
-4.70
-6.91
-2.69
-2.83
3.21
-1.31
-0.81
-0.22
1.05
2.84
-0.08
-2.57
-0.59
-0.89
-1.33
-0.81
0.62
-0.86
-1.03
-0.23
-2.08
6.91
0.35
-1.33
0.40
0.95
0.57
0.50
0.58
-0.92
2.34
-0.36
-0.28
-0.82
-6.91
0.82
-0.31
3.48
4.39
-1.47
0.29
-1.67
-1.05
-0.51
0.25
0.74
2.16
-0.96
-0.89
-1.74
0.14
-0.63
-0.33
1.60
-6.91
0.87
0.44
1.04
-0.06
-0.49
-1.48
0.00
0.00
0.00
0.00
0.00
0.00
0.00
0.00
0.00
0.00
0.00
0.00
0.00
0.00
0.00
0.00
0.00
0.00
0.00
0.00
0.00
0.00
0.16
1.32
-0.53
-0.22
-0.68
2.03
0.95
0.11
-0.63
-0.45
-0.56
-0.97
-6.91
-2.47
-1.34
0.92
1.79
-0.99
1.35
0.27
2.36
2.61
-0.77
-1.11
-0.30
-0.82
0.14
-0.10
-1.30
-0.37
0.34
2.09
-0.38
-0.31
0.11
-1.13
-0.29
3.07
-0.13
-0.28
1.56
0.00
-0.76
-0.52
-0.90
-0.51
0.19
-0.80
0.73
-5.75
-0.43
0.44
-2.41
0.00
-0.97
-1.62
0.99
-1.08
-0.05
0.78
0.32
-2.08
0.00
-0.21
-2.60
-0.47
-2.60
0.17
-0.67
3.41
0.00
-2.22
0.31
-6.91
-2.36
0.55
-1.12
0.85
0.00
-0.12
-0.62
-1.24
-0.80
0.03
-1.76
0.27
-1.79
-0.05
-0.09
0.00
0.17
-0.28
-2.16
0.00
0.00
0.00
0.00
0.00
0.00
0.00
0.00
0.00
0.00
0.00
0.00
0.00
0.00
0.00
0.00
0.00
0.00
0.00
0.00
0.00
0.00
0.39
1.28
0.25
-0.71
-0.75
2.00
0.00
0.62
-0.75
0.80
-2.91
-0.45
-2.14
-1.30
-2.07
-0.05
1.64
-2.44
6.91
1.16
0.00
1.13
-0.36
0.46
-1.46
-0.40
-0.51
-0.82
-1.35
0.57
1.04
2.35
0.17
-1.89
0.12
-1.71
0.74
0.62
0.79
0.97
1.35
0.82
-0.11
-0.75
-1.02
-0.13
-0.92
-0.22
0.48
-1.26
-1.04
-0.29
-1.24
1.63
0.47
-2.18
1.17
0.33
0.52
1.21
-0.40
-0.36
4.02
-1.61
-0.29
-0.98
-0.77
-0.58
-0.80
1.87
0.91
-1.32
0.39
-0.70
-1.91
0.79
0.38
0.51
1.12
-2.08
-1.38
-1.52
0.33
-0.64
0.12
1.78
-1.45
1.50
-0.67
1.15
0.57
-0.03
-0.39
0.00
0.00
0.00
0.00
0.00
0.00
0.00
0.00
0.00
0.00
0.00
0.00
0.00
0.00
0.00
0.00
0.00
0.00
0.00
0.00
0.00
0.00
0.62
1.31
-1.47
-1.47
0.77
1.27
3.45
-0.36
0.33
0.47
-1.98
0.62
-5.84
-2.78
-6.91
1.01
0.51
-0.75
2.12
-0.91
0.64
0.85
-0.93
-0.26
0.14
-1.28
0.39
-0.37
-1.05
0.73
0.39
2.19
0.96
-0.14
0.23
-0.46
-0.57
0.70
0.33
0.21
0.76
6.91
-0.02
-2.67
-1.80
0.44
-1.09
-0.66
0.30
-6.91
-0.70
-0.61
-6.91
6.91
-1.56
-6.91
0.92
-0.66
-0.15
0.75
0.75
-0.96
6.91
-1.06
-1.01
-0.54
-2.54
0.56
0.01
1.96
6.91
-2.98
0.35
-1.13
-0.87
-0.70
-0.84
0.53
3.59
-0.82
0.28
-1.86
-1.31
-0.44
-1.83
0.02
-6.91
0.91
-0.62
1.29
-0.56
-0.05
-6.91
0.00
0.00
0.00
0.00
0.00
0.00
0.00
0.00
0.00
0.00
0.00
0.00
0.00
0.00
0.00
0.00
0.00
0.00
0.00
0.00
0.00
0.00
0.56
1.53
0.26
-2.12
0.31
4.12
1.32
0.08
-0.21
0.11
-1.99
-0.05
-1.39
-6.91
-1.70
-0.51
5.83
-2.20
1.87
0.49
1.52
1.14
-0.83
0.17
0.16
-1.39
0.51
-0.27
-1.18
-0.16
2.45
1.23
-0.24
-1.53
0.08
-2.18
0.11
2.12
-0.05
0.00
0.00
0.00
0.00
0.00
0.00
0.00
0.00
0.00
0.00
0.00
0.00
0.00
0.00
0.00
0.00
0.00
0.00
-2.56
-2.13
0.00
0.00
-0.83
0.00
1.51
-1.27
-2.39
-0.53
0.00
-2.68
0.00
0.00
0.76
-6.91
0.77
0.13
-6.91
-1.08
0.00
0.00
1.32
0.00
-1.41
-0.91
0.00
-3.03
-2.62
-0.37
-1.36
-0.92
0.00
-1.88
-0.36
-0.34
-1.33
0.00
-2.19
2.00
-0.75
0.00
-0.42
1.99
-1.14
0.00
0.00
-0.60
0.00
-0.41
-0.69
-4.08
-2.19
-1.31
0.80
0.53
0.69
-0.70
0.00
0.00
0.00
0.00
0.00
0.00
0.00
0.00
0.00
0.00
0.00
0.00
0.00
0.00
0.00
-1.94
0.00
-1.79
0.00
0.00
0.00
-3.54
-0.89
6.91
-6.91
2.78
-6.91
-0.43
-0.30
-6.91
0.00
0.00
-4.75
-2.91
-1.77
-2.02
0.00
-3.05
-1.34
0.00
0.00
0.00
0.00
0.00
0.00
0.00
0.00
0.00
0.00
0.00
0.00
0.00
0.00
0.00
0.00
0.00
0.00
0.00
0.00
-2.51
-0.52
6.91
-0.54
-0.72
1.62
0.00
2.85
-0.35
0.00
-6.91
-2.25
1.61
0.00
0.67
0.57
0.00
0.00
-6.91
-2.07
-0.90
-0.46
2.43
0.00
-0.94
0.00
0.00
1.92
0.00
0.00
-1.44
0.00
0.00
6.26
0.00
-2.37
0.00
-0.01
0.00
-1.14
0.00
-0.63
6.91
-2.33
-0.33
0.00
-1.24
0.54
0.00
0.00
0.00
0.00
2.47
1.37
1.69
3.03
0.00
0.00
0.00
0.00
0.00
0.00
0.00
0.00
0.00
0.00
0.00
0.00
0.00
0.00
0.00
0.00
-6.91
0.00
-2.41
-1.49
-1.51
0.00
0.00
-1.23
0.00
-0.66
0.00
0.00
6.91
0.00
-6.91
-3.46
0.00
0.00
0.00
0.00
-1.54
0.00
0.00
0.00
0.00
0.00
0.00
0.00
0.00
0.00
0.00
0.00
0.00
0.00
0.00
0.00
0.00
0.00
0.00
0.00
0.00
1.79
0.49
-0.29
-1.19
0.06
0.18
-7.04
0.30
0.07
-1.19
-1.64
1.07
-0.17
0.85
-1.01
2.45
-0.99
-0.05
2.00
1.22
-0.00
-0.09
-1.29
-6.91
0.37
1.12
-0.75
0.32
0.00
-1.19
0.91
0.25
-0.44
0.79
0.34
-0.25
1.64
-0.16
2.50
-6.91
0.32
0.58
0.43
-3.53
0.59
0.24
-0.72
1.24
0.93
-0.27
0.00
1.34
0.00
2.12
-0.53
-0.10
-1.95
-1.08
0.00
0.00
0.00
0.00
0.00
0.00
0.00
0.00
0.00
0.00
0.00
0.00
0.00
0.00
0.00
6.91
0.33
0.07
0.40
-6.91
0.84
0.00
0.67
-6.91
2.46
-6.91
2.62
2.16
0.64
1.73
-0.08
0.01
3.39
1.17
1.43
0.64
-0.95
0.00
1.76
0.00
0.00
0.00
0.00
0.00
0.00
0.00
0.00
0.00
0.00
0.00
0.00
0.00
0.00
0.00
0.00
0.00
0.00
-0.65
-2.20
0.00
0.90
-1.92
0.00
-0.04
-0.87
-6.91
-0.62
1.22
-1.09
0.00
0.00
-1.79
0.35
-1.63
-0.76
-0.77
-1.64
0.00
0.00
0.44
1.46
-3.21
-6.91
1.94
-1.17
0.47
-0.50
-0.84
-2.44
0.00
-0.58
-3.50
-0.63
-0.04
0.00
-2.09
0.71
-1.86
0.00
-6.91
0.61
-1.78
0.00
1.34
-1.07
0.00
-1.68
-0.15
-2.21
-0.34
-1.20
-1.81
-1.21
-1.25
-1.60
0.00
0.00
0.00
0.00
0.00
0.00
0.00
0.00
0.00
0.00
0.00
0.00
0.00
0.00
0.00
-1.19
0.00
-6.91
0.00
0.55
0.00
-0.18
-6.91
0.50
-1.92
-0.13
-0.42
-1.76
-2.16
-2.00
0.00
0.00
-1.21
-2.17
-1.47
-2.14
0.63
0.00
-0.61
0.00
0.00
0.00
0.00
0.00
0.00
0.00
0.00
0.00
0.00
0.00
0.00
0.00
0.00
0.00
0.00
0.00
0.00
-1.67
-6.91
0.00
1.50
-0.30
0.00
0.95
-0.50
-6.91
-0.66
1.66
-2.67
0.00
0.00
-0.18
-1.87
-0.77
0.11
-1.22
-6.91
0.00
0.00
1.89
2.42
-0.42
-2.65
1.49
-2.85
-1.62
-1.09
-1.36
-6.91
0.00
-1.79
-0.83
-0.62
-6.91
0.00
-1.20
2.00
-0.39
0.00
-1.86
6.91
-0.58
0.00
6.91
-0.77
0.00
-0.71
-0.62
-0.72
-0.61
-1.97
-0.36
-0.03
0.84
-0.25
0.00
0.00
0.00
0.00
0.00
0.00
0.00
0.00
0.00
0.00
0.00
0.00
0.00
0.00
0.00
-3.12
0.00
-1.09
0.00
6.91
0.00
-0.78
-1.39
1.28
-2.79
3.54
-1.03
-1.11
-0.46
-6.91
0.00
0.00
-6.91
-2.40
-0.79
-1.62
6.91
-1.32
-1.60
0.00
0.00
0.00
0.00
0.00
0.00
0.00
0.00
0.00
0.00
0.00
0.00
0.00
0.00
0.00
0.00
0.00
0.00
0.00
0.00
-1.45
-0.29
0.00
-1.94
-0.63
0.00
0.00
5.02
-0.29
0.00
-1.54
-1.34
1.66
0.00
6.91
2.03
0.00
0.00
-2.35
-6.91
-0.52
-0.83
0.00
0.00
-0.38
0.00
0.00
1.54
0.00
0.00
-2.36
0.00
0.00
6.91
0.00
-1.03
0.00
-0.25
0.00
-6.91
0.00
-0.09
0.00
-5.87
-0.01
0.00
-6.91
1.73
0.00
0.00
0.00
0.00
0.82
1.67
0.51
1.56
0.00
0.00
0.00
0.00
0.00
0.00
0.00
0.00
0.00
0.00
0.00
0.00
0.00
0.00
0.00
0.00
-6.91
0.00
-2.14
-0.85
-2.22
0.00
0.00
-0.80
0.00
-0.13
0.00
0.00
0.00
0.00
-1.75
-6.91
0.00
0.00
0.00
0.00
-0.97
0.00
0.00
0.00
0.00
0.00
0.00
0.00
0.00
0.00
0.00
0.00
0.00
0.00
0.00
0.00
0.00
0.00
0.00
0.00
0.00
0.00
0.00
-0.90
0.42
0.00
-2.16
0.73
0.00
0.00
5.51
-0.97
0.00
-2.93
-2.14
3.25
0.00
1.81
0.35
0.00
0.00
-6.91
-1.02
-0.36
0.14
0.00
0.00
-0.12
0.00
0.00
1.94
0.00
0.00
-1.78
0.00
0.00
6.91
0.00
-2.38
0.00
0.42
0.00
-1.87
0.00
0.95
0.00
-1.54
0.29
0.00
-4.97
6.91
0.00
0.00
0.00
0.00
2.26
0.00
0.91
1.17
0.00
0.00
0.00
0.00
0.00
0.00
0.00
0.00
0.00
0.00
0.00
0.00
0.00
0.00
0.00
0.00
-2.49
0.00
-0.87
0.40
-6.91
0.00
0.00
-0.39
0.00
-0.39
0.00
0.00
0.00
0.00
-6.91
-1.71
0.00
0.00
0.00
0.00
0.35
0.00
0.00
0.00
0.00
0.00
0.00
0.00
0.00
0.00
0.00
0.00
0.00
0.00
0.00
0.00
0.00
0.00
0.00
0.00
0.00
1.88
2.19
-0.30
-1.51
0.88
-0.06
-6.91
-0.01
2.39
-0.60
-2.24
1.04
-0.78
-0.18
-0.00
0.00
-0.19
-0.72
1.57
1.38
0.07
-0.66
-1.75
-6.91
0.94
1.84
-1.26
1.06
0.00
0.21
6.91
1.11
0.18
0.65
0.31
0.77
1.50
-0.14
1.78
-2.78
0.78
-0.05
1.26
-1.20
0.45
-1.37
-1.29
1.11
-0.68
-0.61
0.00
6.91
0.00
1.17
0.27
-0.22
-1.29
0.24
0.00
0.00
0.00
0.00
0.00
0.00
0.00
0.00
0.00
0.00
0.00
0.00
0.00
0.00
0.00
6.91
-0.34
0.68
-0.64
-1.60
-0.11
0.00
0.56
-6.91
2.06
-3.18
6.91
2.57
0.67
0.00
-0.10
-0.46
1.20
1.21
6.91
1.28
-6.91
0.00
0.00
0.00
0.00
0.00
0.00
0.00
0.00
0.00
0.00
0.00
0.00
0.00
0.00
0.00
0.00
0.00
0.00
0.00
0.00
-3.61
-1.09
0.00
6.91
-0.89
0.00
0.46
-1.37
-4.19
-0.55
2.39
-3.17
0.00
0.00
-0.81
-1.66
-0.84
-0.96
-1.42
-6.91
0.00
0.00
0.90
0.63
-0.52
-6.91
0.90
-6.91
-1.46
-0.69
-2.18
-6.91
0.00
-1.26
-1.61
-0.47
-0.43
0.00
-0.87
0.55
-0.89
0.00
-6.91
0.51
-6.91
0.00
2.76
-6.91
0.00
-0.31
-1.03
-0.92
-0.99
-6.91
-0.58
-1.10
-0.66
-0.97
0.00
0.00
0.00
0.00
0.00
0.00
0.00
0.00
0.00
0.00
0.00
0.00
0.00
0.00
0.00
-0.71
0.00
-2.05
0.00
1.39
0.00
-0.93
-6.91
0.88
-6.91
1.00
-1.29
-0.97
-1.25
-2.01
0.00
0.00
-1.44
-1.31
-6.91
-2.32
3.18
-1.06
-0.27
0.00
0.00
0.00
0.00
0.00
0.00
0.00
0.00
0.00
0.00
0.00
0.00
0.00
0.00
0.00
0.00
0.00
0.00
0.00
3.56
-0.80
-6.91
1.64
-0.42
-1.99
2.27
2.95
0.18
-1.34
0.78
-0.35
-0.84
0.46
0.00
0.72
-0.56
0.00
1.01
-0.91
-1.26
-1.59
-6.91
0.77
1.52
-1.75
6.91
0.00
-0.02
0.00
2.93
-0.72
1.83
1.41
-0.43
0.00
-0.52
1.80
-1.68
1.08
-0.15
1.71
-0.78
0.43
-1.59
-1.45
1.69
-1.02
-0.41
0.00
0.00
0.00
1.15
0.64
-0.05
-0.26
-0.53
0.00
0.00
0.00
0.00
0.00
0.00
0.00
0.00
0.00
0.00
0.00
0.00
0.00
0.00
0.00
0.00
-1.78
2.07
-1.22
-1.61
-0.95
0.00
0.80
-6.91
1.82
-0.92
0.00
6.91
1.36
0.00
-1.47
0.24
1.16
0.94
6.91
0.53
-1.97
0.00
0.00
0.00
0.00
0.00
0.00
0.00
0.00
0.00
0.00
0.00
0.00
0.00
0.00
0.00
0.00
0.00
0.00
0.00
0.00
-0.30
-1.63
6.91
0.59
-6.91
0.00
0.49
-2.01
-0.81
-1.92
1.68
-3.50
6.91
0.00
-0.23
-0.18
-2.49
-1.42
-0.02
-1.82
6.91
0.00
0.42
1.41
-6.91
-1.71
2.18
-0.72
0.12
-2.21
-0.10
-2.53
0.00
-1.38
-2.69
-0.40
-0.59
4.09
-1.10
0.42
-2.16
0.00
-0.80
0.30
-6.91
6.91
0.98
-4.39
0.00
-1.19
-0.25
-0.98
-0.07
-0.68
-0.76
-0.77
-1.00
-2.81
0.00
0.00
0.00
0.00
0.00
0.00
0.00
0.00
0.00
0.00
0.00
0.00
0.00
0.00
0.00
0.24
6.91
-1.73
0.00
0.45
0.00
0.00
-1.78
1.62
-0.66
0.10
0.06
-3.07
-2.69
-1.45
1.80
0.00
-0.77
-1.34
-3.22
-1.29
0.30
0.61
-0.19
0.00
0.00
0.00
0.00
0.00
0.00
0.00
0.00
0.00
0.00
0.00
0.00
0.00
0.00
0.00
0.00
0.00
0.00
-4.43
-0.65
0.00
0.93
-0.44
0.00
3.69
-0.34
-1.01
0.15
6.91
-4.41
0.00
0.00
0.19
-0.17
-0.02
0.51
-2.15
-0.98
0.00
0.00
0.48
1.05
-0.71
-1.54
2.98
-0.90
-0.39
-0.57
-1.32
-3.86
0.00
-2.63
-2.26
-1.06
-2.61
0.00
-1.28
1.54
-0.73
0.00
-0.88
0.97
-0.98
0.00
2.17
-1.89
0.00
0.45
-1.21
-2.64
-0.47
-6.91
-0.39
-0.82
0.57
-0.68
0.00
0.00
0.00
0.00
0.00
0.00
0.00
0.00
0.00
0.00
0.00
0.00
0.00
0.00
0.00
-1.87
0.00
-1.68
0.00
6.91
0.00
-1.06
-1.44
6.91
-1.12
0.83
-2.34
-6.91
-3.03
-1.45
0.00
0.00
-1.02
-1.89
-6.91
-6.91
6.91
-1.30
-1.75
0.00
0.00
0.00
0.00
0.00
0.00
0.00
0.00
0.00
0.00
0.00
0.00
0.00
0.00
0.00
0.00
0.00
0.00
0.31
-0.56
0.51
-0.19
-1.73
6.91
-0.18
-0.84
-0.14
-6.91
0.57
0.24
1.65
6.91
-6.91
0.19
-3.87
-1.50
0.40
-0.01
1.41
2.03
-0.47
-0.06
-3.29
-0.13
-0.34
-0.93
0.23
-6.91
0.62
0.26
1.65
0.02
-0.97
-1.40
-0.16
2.27
-0.72
0.44
-1.77
6.91
-0.57
-0.13
-2.89
0.91
0.83
-0.80
1.00
-6.91
2.04
-0.60
2.00
0.31
-2.14
-6.91
-1.40
-2.66
0.00
0.00
0.00
0.00
0.00
0.00
0.00
0.00
0.00
0.00
0.00
0.00
0.00
0.00
0.00
-0.42
0.39
-0.23
2.26
-0.44
1.03
0.43
-0.55
0.23
0.02
-0.64
0.59
-0.20
-1.30
0.43
0.54
1.13
0.01
0.13
-0.19
-0.35
-0.06
0.48
1.05
0.00
0.00
0.00
0.00
0.00
0.00
0.00
0.00
0.00
0.00
0.00
0.00
0.00
0.00
0.00
0.00
0.00
0.00
-0.20
-0.20
1.56
0.87
-0.92
6.91
0.05
-0.36
-1.25
-2.54
0.49
-1.30
3.84
0.00
-6.91
-0.13
-6.91
-0.35
0.30
0.31
5.07
6.91
-0.90
0.42
-2.00
-0.55
0.33
-0.48
0.99
-6.91
0.86
-0.83
3.85
-0.23
-0.94
-1.23
-0.29
2.05
-1.34
-0.26
-1.38
6.91
-1.08
-0.62
-0.16
0.76
-0.31
-0.14
1.48
-6.91
0.07
-0.12
0.49
-0.32
-1.55
-1.56
-1.34
-2.46
0.00
0.00
0.00
0.00
0.00
0.00
0.00
0.00
0.00
0.00
0.00
0.00
0.00
0.00
0.00
0.00
4.56
-2.46
3.15
-0.42
1.63
0.75
-0.72
-0.16
-0.12
-0.49
-0.43
-0.89
-1.39
-0.43
1.95
1.59
0.30
-0.95
0.47
-1.18
0.83
0.81
0.77
0.00
0.00
0.00
0.00
0.00
0.00
0.00
0.00
0.00
0.00
0.00
0.00
0.00
0.00
0.00
0.00
0.00
0.00
0.60
0.84
0.14
-0.05
-0.33
1.21
-0.89
-1.51
0.08
-1.01
0.09
-0.35
0.13
1.76
-1.04
1.95
-2.14
-2.49
-0.02
-0.23
1.16
0.88
-0.71
0.12
0.02
-0.31
0.39
-0.68
0.68
-2.44
0.16
-0.62
2.23
0.58
-0.13
-1.57
0.83
0.75
0.70
-1.11
-0.26
0.88
0.48
-1.52
-1.23
0.72
0.09
0.37
0.35
-3.31
0.70
0.72
0.72
-0.45
-1.61
-0.67
-6.91
-0.52
0.00
0.00
0.00
0.00
0.00
0.00
0.00
0.00
0.00
0.00
0.00
0.00
0.00
0.00
0.00
0.34
-0.04
-1.40
2.79
-0.47
1.74
0.83
-0.21
-0.65
1.20
-2.08
0.12
-0.03
-1.24
0.32
-0.09
2.23
1.00
-0.50
-0.46
-0.90
0.10
2.47
0.53
0.00
0.00
0.00
0.00
0.00
0.00
0.00
0.00
0.00
0.00
0.00
0.00
0.00
0.00
0.00
0.00
0.00
0.00
0.00
0.00
0.00
0.00
0.00
0.00
0.00
0.00
0.00
0.00
0.00
0.00
0.00
0.00
0.00
0.00
0.00
0.00
-6.91
-0.94
0.00
0.00
1.49
0.00
-0.19
-0.43
0.00
-0.53
-7.52
-0.09
-6.91
-2.23
0.00
-2.77
0.14
-0.88
-3.27
0.00
-1.40
0.00
0.11
0.00
-1.68
6.91
-0.04
0.00
0.00
-0.43
0.00
0.37
-1.74
-2.24
-1.57
-1.16
1.02
0.69
0.44
0.98
-6.91
0.00
6.91
-1.43
-6.91
0.00
0.00
6.91
-2.92
0.00
-0.72
-1.54
0.57
-0.07
0.46
0.00
0.00
0.00
0.00
0.00
0.00
0.00
0.00
0.00
0.00
0.00
0.00
0.00
0.00
-1.72
0.00
0.00
-2.88
-0.32
-0.96
-0.13
0.00
-1.01
-1.54
0.00
0.00
0.00
0.00
0.00
0.00
0.00
0.00
0.00
0.00
0.00
0.00
0.00
0.00
0.00
0.00
0.00
0.00
0.00
0.00
0.00
0.00
0.00
0.00
0.00
0.00
0.00
0.00
0.00
0.00
0.00
0.00
0.00
0.00
0.00
0.00
0.00
0.00
-1.71
-1.38
0.24
-0.94
4.92
0.00
-1.23
0.00
0.00
0.34
0.00
0.00
-2.38
0.00
0.00
6.91
0.00
-1.98
0.00
-1.80
0.00
-2.90
0.00
-0.01
6.91
-0.98
-2.86
0.00
-6.91
1.81
0.00
0.00
0.00
0.00
1.26
0.79
-0.07
1.47
0.00
-6.91
-0.81
0.00
0.00
-1.76
-2.09
-0.95
0.00
-0.97
6.91
0.00
1.43
0.65
1.20
0.00
0.00
0.00
0.00
0.00
0.00
0.00
0.00
0.00
0.00
0.00
0.00
0.00
0.00
0.00
-2.79
-1.55
0.00
0.00
0.00
0.00
-0.22
0.00
0.00
0.00
0.00
0.00
0.00
0.00
0.00
0.00
0.00
0.00
0.00
0.00
0.00
0.00
0.00
0.00
0.00
0.00
0.00
0.00
0.00
0.00
0.00
0.00
0.00
0.00
0.00
0.00
0.00
0.00
0.00
0.00
0.00
0.00
0.00
0.00
0.00
-2.34
-0.48
0.00
0.00
-0.15
1.18
-1.14
-0.90
0.66
-1.68
0.26
-0.35
-1.77
-6.91
0.00
-1.85
-0.93
-0.59
-1.41
0.00
-3.09
0.27
-1.42
0.00
-2.77
0.63
-6.91
0.00
3.75
-1.84
0.00
-0.12
0.60
-0.77
-0.21
-0.93
-1.24
-3.30
-0.99
-2.86
-1.89
0.00
0.51
-1.70
-1.74
0.00
0.00
0.29
-2.12
0.66
-6.91
-3.82
-1.73
-0.56
-1.41
0.00
0.00
0.00
0.00
0.00
0.00
0.00
0.00
0.00
0.00
0.00
0.00
0.00
0.00
-1.55
0.00
0.00
-2.01
-6.91
-1.84
-3.78
1.06
-0.54
-1.65
0.00
0.00
0.00
0.00
0.00
0.00
0.00
0.00
0.00
0.00
0.00
0.00
0.00
0.00
0.00
0.00
0.00
0.00
0.00
0.00
0.00
0.00
0.00
0.00
0.00
0.00
0.00
0.00
0.00
0.00
0.00
0.00
0.00
0.00
0.00
0.00
0.00
0.00
-2.45
-6.91
0.59
0.13
0.00
0.00
-0.40
0.00
0.00
1.30
0.00
0.00
-1.06
0.00
0.00
2.21
0.00
-3.90
0.00
-0.76
0.00
-6.91
0.00
0.56
0.00
-1.74
-0.22
0.00
-1.56
1.74
0.00
0.00
0.00
0.00
1.52
1.36
1.09
6.91
0.00
-1.81
0.84
0.00
0.00
-4.01
-3.31
0.50
0.00
-0.76
0.00
0.00
1.84
1.82
0.97
0.00
0.00
0.00
0.00
0.00
0.00
0.00
0.00
0.00
0.00
0.00
0.00
0.00
0.00
0.00
-6.48
-6.91
0.00
0.00
0.00
0.00
-0.71
0.00
0.00
0.00
0.00
0.00
0.00
0.00
0.00
0.00
0.00
0.00
0.00
0.00
0.00
0.00
0.00
0.00
0.00
0.00
0.00
0.00
0.00
0.00
0.00
0.00
0.00
0.00
0.00
0.00
0.00
0.00
0.00
0.00
0.00
0.00
0.00
0.00
0.00
0.00
6.91
-0.41
-1.01
-1.64
-1.67
0.27
6.91
-3.75
2.58
0.00
-0.06
0.00
1.55
-0.26
0.98
1.66
-0.27
0.00
-0.41
3.46
-1.60
1.03
-0.53
1.75
-3.00
0.44
-1.19
-6.91
6.91
-0.30
-0.20
0.00
0.00
0.00
0.89
-0.51
1.02
-0.55
0.57
0.00
-0.57
-2.04
1.29
6.91
-1.24
0.20
-2.30
1.39
-2.49
0.75
6.91
-0.80
-0.39
-0.43
0.00
0.00
0.00
0.00
0.00
0.00
0.00
0.00
0.00
0.00
0.00
0.00
0.00
0.00
0.00
-1.59
-1.26
6.91
1.25
2.38
2.36
-6.91
0.00
0.00
0.00
0.00
0.00
0.00
0.00
0.00
0.00
0.00
0.00
0.00
0.00
0.00
0.00
0.00
0.00
0.00
0.00
0.00
0.00
0.00
0.00
0.00
0.00
0.00
0.00
0.00
0.00
0.00
0.00
0.00
0.00
0.00
0.00
0.00
0.00
0.00
0.00
0.00
-1.56
-6.91
0.35
0.44
0.00
0.00
-0.60
0.00
0.00
2.07
0.00
0.00
-6.91
0.00
0.00
1.41
0.00
-6.91
0.00
-0.72
0.00
-3.89
0.00
-0.01
0.00
-1.79
0.22
0.00
-2.57
1.38
0.00
0.00
0.00
0.00
1.27
0.00
0.86
3.23
0.00
-1.05
0.10
0.00
0.00
-6.91
-4.79
-0.62
0.00
0.44
0.00
0.00
6.91
6.91
0.65
0.00
0.00
0.00
0.00
0.00
0.00
0.00
0.00
0.00
0.00
0.00
0.00
0.00
0.00
0.00
-1.90
-3.91
0.00
0.00
0.00
0.00
-1.23
0.00
0.00
0.00
0.00
0.00
0.00
0.00
0.00
0.00
0.00
0.00
0.00
0.00
0.00
0.00
0.00
0.00
0.00
0.00
0.00
0.00
0.00
0.00
0.00
0.00
0.00
0.00
0.00
0.00
0.00
0.00
0.00
0.00
0.00
0.00
0.00
0.00
0.00
-0.76
-1.67
0.00
0.00
0.00
0.00
0.09
-1.22
0.00
-0.13
-1.72
0.25
-1.25
-0.52
0.00
-0.38
-0.38
-0.08
-0.90
0.00
-0.08
0.00
-0.65
0.00
0.16
0.00
0.68
0.00
0.00
-0.61
0.00
1.35
-1.57
-1.60
-6.91
-1.18
0.52
0.49
6.91
1.22
-0.82
0.00
0.00
-0.56
-0.30
0.00
0.00
0.00
-0.41
0.00
-0.61
0.22
0.54
1.14
1.93
0.00
0.00
0.00
0.00
0.00
0.00
0.00
0.00
0.00
0.00
0.00
0.00
0.00
0.00
-6.91
0.00
0.00
-0.66
-0.07
-0.46
-0.62
0.00
-0.85
-1.49
0.00
0.00
0.00
0.00
0.00
0.00
0.00
0.00
0.00
0.00
0.00
0.00
0.00
0.00
0.00
0.00
0.00
0.00
0.00
0.00
0.00
0.00
0.00
0.00
0.00
0.00
0.00
0.00
0.00
0.00
0.00
0.00
0.00
0.00
0.00
0.00
-0.52
-3.44
0.00
0.00
1.82
0.74
-1.20
-6.91
6.91
-1.94
-0.14
-0.29
-2.53
-2.88
0.00
-0.96
-1.25
-0.47
-2.78
0.00
-1.51
0.81
-1.35
0.00
-6.91
1.74
-2.24
0.00
1.14
-2.22
0.00
-0.62
-1.21
-3.43
-1.27
-1.56
-0.64
-1.84
-0.75
-1.15
-0.46
0.00
1.39
-2.12
-2.19
0.00
0.00
3.37
-6.91
2.57
-1.11
-1.07
0.22
-1.44
-0.23
0.00
0.00
0.00
0.00
0.00
0.00
0.00
0.00
0.00
0.00
0.00
0.00
0.00
0.00
-1.89
0.00
0.00
-2.11
-2.52
-6.91
-4.07
1.49
-0.54
-1.92
0.00
0.00
0.00
0.00
0.00
0.00
0.00
0.00
0.00
0.00
0.00
0.00
0.00
0.00
0.00
0.00
0.00
0.00
0.00
0.00
0.00
0.00
0.00
0.00
0.00
0.00
0.00
0.00
0.00
0.00
0.00
0.00
0.00
0.00
0.00
0.00
1.37
2.17
0.10
0.04
-1.26
-2.08
-0.06
0.45
-3.43
0.48
0.00
0.34
6.91
0.96
0.67
2.34
2.00
-0.69
6.91
0.03
6.91
-6.91
0.33
-0.76
2.40
-1.24
0.57
0.11
-1.07
2.07
-0.03
-0.84
0.00
2.00
0.00
1.70
-0.75
0.46
-0.63
0.24
2.19
-0.25
-6.50
0.92
0.88
-1.05
-0.23
-6.91
1.38
-6.91
-0.13
1.19
-0.44
0.50
-0.60
0.00
0.00
0.00
0.00
0.00
0.00
0.00
0.00
0.00
0.00
0.00
0.00
0.00
0.00
2.06
-0.03
-1.03
1.56
0.32
0.96
1.63
-1.65
0.00
0.00
0.00
0.00
0.00
0.00
0.00
0.00
0.00
0.00
0.00
0.00
0.00
0.00
0.00
0.00
0.00
0.00
0.00
0.00
0.00
0.00
0.00
0.00
0.00
0.00
0.00
0.00
0.00
0.00
0.00
0.00
0.00
0.00
0.00
0.00
0.00
0.00
-1.70
-6.91
0.00
0.00
2.40
1.31
-0.09
-6.91
2.60
-6.91
-2.36
-0.03
-0.80
-6.91
0.00
-2.50
-0.30
-0.14
-1.80
0.00
-1.99
2.61
-0.76
0.00
-2.41
1.78
-0.58
0.00
6.91
-1.10
0.00
0.15
-1.05
-6.91
-1.10
-0.61
-0.53
-0.54
-0.47
0.19
-1.44
0.00
0.63
-1.92
-6.91
0.00
0.00
1.02
-2.24
6.91
-0.98
-0.80
-0.39
-0.58
0.46
0.00
0.00
0.00
0.00
0.00
0.00
0.00
0.00
0.00
0.00
0.00
0.00
0.00
0.00
-0.82
0.00
0.00
-6.91
-1.11
-0.47
-0.24
2.24
-0.31
-0.47
0.00
0.00
0.00
0.00
0.00
0.00
0.00
0.00
0.00
0.00
0.00
0.00
0.00
0.00
0.00
0.00
0.00
0.00
0.00
0.00
0.00
0.00
0.00
0.00
0.00
0.00
0.00
0.00
0.00
0.00
0.00
0.00
0.00
0.00
0.00
0.00
1.92
1.16
-0.14
1.24
-1.56
-6.91
0.29
0.32
-2.07
0.81
0.00
-0.19
1.58
0.52
0.59
2.82
1.21
-0.27
1.19
-1.00
3.37
-3.58
1.07
0.19
0.27
-6.91
-0.22
0.26
-0.97
0.69
-0.26
-0.00
0.00
6.91
0.00
1.59
-0.66
0.29
-0.20
-0.77
2.97
0.22
-3.04
-0.36
1.19
-0.60
0.24
-1.01
0.67
-0.68
0.38
1.55
-0.00
-0.71
-1.79
0.00
0.00
0.00
0.00
0.00
0.00
0.00
0.00
0.00
0.00
0.00
0.00
0.00
0.00
1.87
0.54
0.85
2.99
1.71
2.62
-0.11
-2.10
0.00
6.91
0.00
0.00
0.00
0.00
0.00
0.00
0.00
0.00
0.00
0.00
0.00
0.00
0.00
0.00
0.00
0.00
0.00
0.00
0.00
0.00
0.00
0.00
0.00
0.00
0.00
0.00
0.00
0.00
0.00
0.00
0.00
0.00
0.00
0.00
0.00
0.00
-4.93
-0.88
0.00
0.00
3.53
0.00
0.25
-1.82
0.00
-0.34
-1.86
0.73
-6.91
-1.59
0.00
-1.07
-1.48
0.54
-5.62
0.00
-2.10
0.00
-1.43
0.00
-1.25
1.04
-1.44
0.00
0.00
-1.95
0.00
-0.08
-2.18
-6.91
-0.94
-3.71
0.08
0.72
0.66
1.03
-1.82
0.00
6.91
-1.62
-1.21
0.00
0.00
6.91
-1.31
0.00
-0.63
-2.14
-0.21
0.76
1.23
0.00
0.00
0.00
0.00
0.00
0.00
0.00
0.00
0.00
0.00
0.00
0.00
0.00
0.00
-2.79
0.00
0.00
-0.66
-2.82
-1.33
-0.03
0.00
-3.55
-3.75
0.00
0.00
0.00
0.00
0.00
0.00
0.00
0.00
0.00
0.00
0.00
0.00
0.00
0.00
0.00
0.00
0.00
0.00
0.00
0.00
0.00
0.00
0.00
0.00
0.00
0.00
0.00
0.00
0.00
0.00
0.00
0.00
0.00
0.00
0.00
0.00
-0.88
-2.08
0.00
0.00
0.71
0.81
-3.64
-0.42
1.86
-1.12
-0.16
-0.81
-6.91
-1.49
0.00
-3.28
-0.90
0.09
-1.93
0.00
-2.07
4.27
-0.75
0.00
-3.41
1.43
-0.61
0.00
1.73
-3.43
0.00
-1.00
-0.75
-1.64
-1.75
-6.91
0.66
-0.73
-0.53
-0.55
-1.72
0.00
2.74
-0.60
-2.98
0.00
0.00
0.96
-2.25
2.64
-3.65
-6.91
0.18
-0.87
0.78
0.00
0.00
0.00
0.00
0.00
0.00
0.00
0.00
0.00
0.00
0.00
0.00
0.00
0.00
-1.32
0.00
0.00
-1.71
-1.89
-5.47
-1.56
6.91
-1.55
-6.91
0.00
0.00
0.00
0.00
0.00
0.00
0.00
0.00
0.00
0.00
0.00
0.00
0.00
0.00
0.00
0.00
0.00
0.00
0.00
0.00
0.00
0.00
0.00
0.00
0.00
0.00
0.00
0.00
0.00
0.00
0.00
0.00
0.00
0.00
0.00
0.00
-1.10
-0.89
6.91
0.00
0.40
-0.04
-6.91
-0.77
2.27
-2.63
-0.61
-0.21
-0.18
-1.68
0.00
-0.60
-3.00
-2.05
-0.62
6.91
-0.88
0.64
-2.03
0.00
-1.90
-0.28
-6.91
2.29
0.97
-6.91
0.00
-1.97
0.49
-1.29
0.23
-1.64
-0.59
-2.32
-0.68
-2.41
-0.40
3.59
0.29
-1.81
-1.02
0.00
0.00
0.51
-1.56
0.37
-3.26
-2.85
-1.82
-1.62
-0.33
0.00
0.00
0.00
0.00
0.00
0.00
0.00
0.00
0.00
0.00
0.00
0.00
0.00
0.00
-0.40
3.06
0.00
-0.80
-2.97
-3.68
-1.65
1.83
0.11
-0.25
0.00
0.00
0.00
0.00
0.00
0.00
0.00
0.00
0.00
0.00
0.00
0.00
0.00
0.00
0.00
0.00
0.00
0.00
0.00
0.00
0.00
0.00
0.00
0.00
0.00
0.00
0.00
0.00
0.00
0.00
0.00
0.00
0.00
0.00
0.00
0.00
0.00
0.00
0.00
0.00
0.00
0.00
0.00
0.00
0.00
0.00
0.00
0.00
0.00
0.00
0.00
0.00
0.00
0.00
-6.91
0.00
-1.84
0.00
-0.02
0.00
-0.28
6.91
-0.30
0.00
0.00
-1.13
0.00
0.78
-6.91
-2.83
-2.27
-1.35
0.67
-0.74
1.14
-0.57
-1.56
0.00
4.41
-0.44
-6.91
0.00
0.00
0.00
-1.83
0.00
-0.62
-1.76
0.77
0.71
1.86
-2.32
0.00
-0.51
0.00
0.00
0.00
-1.53
-1.44
3.33
-6.91
1.65
-1.31
-0.25
-0.66
0.00
0.00
0.00
0.00
0.00
0.00
0.00
0.00
0.00
0.00
0.00
0.00
0.00
0.00
0.00
0.00
0.00
0.00
0.00
0.00
0.00
0.00
0.00
0.00
0.00
0.00
0.00
0.00
0.00
0.00
0.00
0.00
0.00
0.00
0.00
0.00
0.00
0.00
0.00
0.00
0.00
0.00
0.00
0.00
0.00
0.00
0.00
0.00
0.00
0.00
0.00
0.00
0.00
0.00
0.00
0.00
0.00
0.00
0.00
0.00
0.00
0.00
0.00
0.00
0.00
-2.15
0.00
-0.73
0.00
-1.59
0.00
0.39
6.91
-1.86
-1.13
0.00
-0.74
1.10
0.00
0.00
0.00
0.00
0.80
6.91
0.79
1.91
0.00
-6.91
-0.33
0.00
0.00
-1.68
-1.77
0.10
0.00
-1.17
3.75
0.00
1.07
2.99
0.76
0.00
-1.27
0.00
-2.45
-0.10
-4.31
0.00
0.00
-1.08
0.00
-1.04
0.00
0.00
6.91
0.00
0.00
0.00
0.00
0.00
0.00
0.00
0.00
0.00
0.00
0.00
0.00
0.00
0.00
0.00
0.00
0.00
0.00
0.00
0.00
0.00
0.00
0.00
0.00
0.00
0.00
0.00
0.00
0.00
0.00
0.00
0.00
0.00
0.00
0.00
0.00
0.00
0.00
0.00
0.00
0.00
0.00
0.00
0.00
0.00
0.00
0.00
0.00
0.00
0.00
0.00
0.00
0.00
0.00
0.00
0.00
0.00
0.00
0.00
0.00
0.00
0.00
0.00
0.00
0.00
-2.38
0.00
-0.07
0.00
-1.28
0.00
0.20
0.00
-0.88
-0.59
0.00
-1.49
6.91
0.00
0.00
0.00
0.00
1.23
6.91
1.07
1.05
0.00
-6.91
0.56
0.00
0.00
-2.92
-2.23
-0.37
0.00
-1.54
0.00
0.00
1.72
3.05
0.47
0.00
-1.53
0.00
-6.91
-0.45
-6.91
0.00
0.00
-1.04
0.00
0.28
0.00
0.00
0.00
0.00
0.00
0.00
0.00
0.00
0.00
0.00
0.00
0.00
0.00
0.00
0.00
0.00
0.00
0.00
0.00
0.00
0.00
0.00
0.00
0.00
0.00
0.00
0.00
0.00
0.00
0.00
0.00
0.00
0.00
0.00
0.00
0.00
0.00
0.00
0.00
0.00
0.00
0.00
0.00
0.00
0.00
0.00
0.00
0.00
0.00
0.00
0.00
0.00
0.00
0.00
0.00
0.00
0.00
0.00
0.00
0.00
0.00
0.00
0.00
0.00
0.00
0.00
0.00
-0.93
0.00
-6.91
2.54
-2.04
0.00
-2.28
0.71
-1.82
0.00
6.91
-2.22
0.00
-0.95
-2.51
-0.78
-1.15
-1.90
0.66
-0.73
0.16
-0.58
-1.23
0.00
0.46
-0.42
-6.91
0.00
0.00
2.29
-6.91
1.47
-1.51
-2.58
-0.73
-0.06
0.87
-2.60
0.00
-2.43
0.00
6.91
0.00
-0.22
-2.40
3.47
-6.91
3.74
-1.20
-1.32
-1.31
0.00
0.00
0.00
0.00
0.00
0.00
0.00
0.00
0.00
0.00
0.00
0.00
0.00
0.00
0.00
0.00
0.00
0.00
0.00
0.00
0.00
0.00
0.00
0.00
0.00
0.00
0.00
0.00
0.00
0.00
0.00
0.00
0.00
0.00
0.00
0.00
0.00
0.00
0.00
0.00
0.00
0.00
0.00
0.00
0.00
0.00
0.00
0.00
0.00
0.00
0.00
0.00
0.00
0.00
0.00
0.00
0.00
0.00
0.00
0.00
0.00
0.00
0.00
0.00
-3.26
0.00
-1.26
1.05
-2.42
0.00
-6.91
1.07
-6.91
0.00
0.72
-6.91
0.00
-0.36
-1.48
-2.31
-1.46
-0.91
-1.29
-0.33
-0.94
-1.00
-0.62
0.00
0.65
-2.56
-0.70
0.00
0.00
1.90
-8.51
3.01
-1.69
-4.50
-0.07
-1.68
0.23
-1.21
0.00
-1.45
0.00
3.29
0.00
-1.41
-3.66
3.71
-2.84
1.16
-1.95
-1.77
-0.87
0.00
0.00
0.00
0.00
0.00
0.00
0.00
0.00
0.00
0.00
0.00
0.00
0.00
0.00
0.00
0.00
0.00
0.00
0.00
0.00
0.00
0.00
0.00
0.00
0.00
0.00
0.00
0.00
0.00
0.00
0.00
0.00
0.00
0.00
0.00
0.00
0.00
0.00
0.00
0.00
0.00
0.00
0.00
0.00
0.00
0.00
0.00
0.00
0.00
0.00
0.00
0.00
0.00
0.00
0.00
0.00
0.00
0.00
0.00
0.00
0.00
0.00
0.00
0.00
-3.97
0.00
-1.68
0.83
-1.61
0.00
-2.31
1.71
-1.56
0.00
6.91
-3.38
0.00
0.58
-0.88
-1.06
-2.16
-1.54
-0.50
-0.09
-0.74
-0.64
-1.66
0.00
1.35
-5.74
-2.81
0.00
0.00
6.91
-0.88
6.91
-0.50
-6.91
-0.73
-0.66
0.85
-3.30
0.00
-1.22
0.00
2.81
0.00
-1.11
-2.47
6.91
-0.66
2.10
-2.15
-6.91
-1.61
0.00
0.00
0.00
0.00
0.00
0.00
0.00
0.00
0.00
0.00
0.00
0.00
0.00
0.00
0.00
0.00
0.00
0.00
0.00
0.00
0.00
0.00
0.00
0.00
0.00
0.00
0.00
0.00
0.00
0.00
0.00
0.00
0.00
0.00
0.00
0.00
0.00
0.00
0.00
0.00
0.00
0.00
0.00
0.00
0.00
0.00
0.00
0.00
0.00
0.00
0.00
0.00
0.00
0.00
0.00
0.00
0.00
0.00
0.00
0.00
0.00
0.00
0.00
0.00
-1.27
0.00
-0.75
1.61
-3.42
0.00
-2.03
1.18
-1.88
0.00
1.01
-1.11
0.00
-0.88
-0.18
-0.39
-0.38
-1.02
-0.77
-1.70
-0.89
-1.02
-1.78
0.00
1.10
-1.28
-0.51
0.00
0.00
0.32
-3.85
2.24
-2.47
-0.72
-1.08
-0.85
0.31
0.05
0.00
-1.78
0.00
0.49
0.00
-0.44
-0.95
0.46
-0.25
1.14
-0.30
-0.83
-3.13
0.00
0.00
0.00
0.00
0.00
0.00
0.00
0.00
0.00
0.00
0.00
0.00
0.00
0.00
0.00
0.00
0.00
0.00
0.00
0.00
0.00
0.00
0.00
0.00
0.00
0.00
0.00
0.00
0.00
0.00
0.00
0.00
0.00
0.00
0.00
0.00
0.00
0.00
0.00
0.00
0.00
0.00
0.00
0.00
0.00
0.00
0.00
0.00
0.00
0.00
0.00
0.00
0.00
0.00
0.00
0.00
0.00
0.00
0.00
0.00
0.00
0.00
0.00
0.00
0.00
-2.26
1.80
-6.91
1.25
-0.28
6.91
-2.29
0.70
-0.78
-2.57
2.22
0.28
0.28
0.00
0.00
0.00
2.85
0.43
0.04
0.35
0.90
0.00
-0.31
-2.54
0.68
6.91
-1.26
-0.78
-6.91
0.90
-2.16
1.27
6.91
-0.26
-0.08
-0.17
0.00
-2.42
0.36
-1.15
-1.44
-0.14
0.00
0.90
-2.12
1.14
-0.92
0.00
6.91
1.00
0.00
0.00
0.00
0.00
0.00
0.00
0.00
0.00
0.00
0.00
0.00
0.00
0.00
0.00
0.00
0.00
0.00
0.00
0.00
0.00
0.00
0.00
0.00
0.00
0.00
0.00
0.00
0.00
0.00
0.00
0.00
0.00
0.00
0.00
0.00
0.00
0.00
0.00
0.00
0.00
0.00
0.00
0.00
0.00
0.00
0.00
0.00
0.00
0.00
0.00
0.00
0.00
0.00
0.00
0.00
0.00
0.00
0.00
0.00
0.00
0.00
0.00
0.00
0.00
-1.12
0.00
-0.66
0.00
-0.57
0.00
-0.94
0.00
-0.18
0.00
0.00
0.04
0.00
0.31
-2.24
-2.09
-6.91
-1.16
0.66
2.07
1.95
0.48
-0.91
0.00
0.00
-0.41
-0.97
0.00
0.00
0.00
0.37
0.00
0.62
-0.85
2.20
1.99
0.95
-0.34
0.00
-0.11
0.00
0.00
0.00
-1.13
-0.18
0.00
-0.42
0.00
-1.63
-0.45
0.72
0.00
0.00
0.00
0.00
0.00
0.00
0.00
0.00
0.00
0.00
0.00
0.00
0.00
0.00
0.00
0.00
0.00
0.00
0.00
0.00
0.00
0.00
0.00
0.00
0.00
0.00
0.00
0.00
0.00
0.00
0.00
0.00
0.00
0.00
0.00
0.00
0.00
0.00
0.00
0.00
0.00
0.00
0.00
0.00
0.00
0.00
0.00
0.00
0.00
0.00
0.00
0.00
0.00
0.00
0.00
0.00
0.00
0.00
0.00
0.00
0.00
0.00
0.00
0.00
-0.81
0.00
-0.45
0.00
-1.32
0.00
-1.29
1.86
-0.88
0.00
0.00
-0.46
0.00
0.84
-1.37
-1.96
-2.24
-5.85
0.82
0.77
0.77
0.55
-4.02
0.00
6.91
-0.44
-0.83
0.00
0.00
0.00
-0.92
0.00
0.19
-1.99
0.26
-0.49
1.13
-0.81
0.00
-1.60
0.00
0.00
0.00
-1.07
-2.03
0.00
-0.33
1.93
-3.86
-1.15
-0.52
0.00
0.00
0.00
0.00
0.00
0.00
0.00
0.00
0.00
0.00
