0.00
0.00
0.00
0.00
0.00
0.00
0.00
0.00
0.00
0.00
0.00
0.00
0.00
0.00
0.00
0.00
0.00
0.00
-6.91
-1.36
0.00
1.73
-2.16
0.00
0.81
-0.52
-1.66
-0.40
0.00
-2.14
0.00
0.00
-0.25
-0.70
0.11
1.38
-6.91
-1.87
0.00
0.00
1.39
6.91
-0.39
-0.44
0.00
-1.14
-6.91
0.50
-1.42
-6.91
0.00
-0.49
-0.03
-0.45
-6.91
0.00
-0.95
1.79
-1.70
0.00
-0.55
1.44
-0.66
0.00
0.00
-1.42
0.00
-0.76
-0.43
-1.24
-2.37
-1.03
0.51
-0.60
-0.23
0.34
-2.70
0.00
3.03
-0.82
-3.45
0.00
0.00
1.63
-0.63
0.00
-1.11
-1.48
0.69
0.54
1.05
-1.44
0.00
-2.34
0.00
0.00
0.00
-1.77
-0.98
2.34
-2.95
6.91
-6.91
-1.14
-0.14
0.00
0.00
0.00
0.00
0.00
0.00
0.00
0.00
0.00
0.00
0.00
0.00
0.00
0.00
0.00
0.00
0.00
0.00
0.00
0.00
0.00
0.00
0.00
0.00
0.00
0.00
0.00
0.00
0.00
0.00
-1.96
-0.72
2.32
-6.91
-1.00
3.23
0.00
2.90
-2.37
0.00
-1.82
-0.70
0.44
0.00
7.36
1.23
0.00
0.00
-6.91
-1.93
-1.14
-0.63
6.91
0.00
-1.68
0.00
0.00
2.26
0.00
0.00
-0.98
0.00
0.00
2.05
0.00
-2.68
0.00
-1.71
0.00
-0.91
0.00
-0.87
2.13
-1.14
-0.30
0.00
-6.91
2.54
0.00
0.00
0.00
0.00
2.37
3.30
0.48
1.32
0.00
-6.91
-1.04
0.00
0.00
-1.30
-1.12
-1.30
0.00
-0.42
2.30
0.00
2.20
3.06
1.49
0.00
-6.91
0.00
-1.08
-0.25
-1.10
0.00
0.00
-0.19
0.00
0.54
0.00
0.00
6.91
0.00
0.00
0.00
0.00
0.00
0.00
0.00
0.00
0.00
0.00
0.00
0.00
0.00
0.00
0.00
0.00
0.00
0.00
0.00
0.00
0.00
0.00
0.00
0.00
0.00
0.00
0.00
0.00
0.00
0.00
-2.17
-0.54
0.00
-2.02
0.10
0.00
0.00
1.26
-0.48
0.00
-1.10
-0.37
1.31
0.00
0.00
0.88
0.00
0.00
-0.63
-1.74
-0.23
-0.18
0.00
0.00
-0.12
0.00
0.00
6.91
0.00
0.00
-1.16
0.00
0.00
0.00
0.00
-1.77
0.00
-0.37
0.00
-6.91
0.00
-0.07
0.00
-1.09
-0.81
0.00
-1.20
2.31
0.00
0.00
0.00
0.00
1.51
0.00
6.91
6.91
0.00
-0.81
0.78
0.00
0.00
-1.58
-1.30
0.61
0.00
-0.59
0.00
0.00
6.91
3.11
2.64
0.00
-1.58
0.00
-1.74
-0.05
-1.87
0.00
0.00
0.68
0.00
1.06
0.00
0.00
0.00
0.00
0.00
0.00
0.00
0.00
0.00
0.00
0.00
0.00
0.00
0.00
0.00
0.00
0.00
0.00
0.00
0.00
0.00
0.00
0.00
0.00
0.00
0.00
0.00
0.00
0.00
0.00
0.00
-6.91
-2.57
0.00
6.91
-2.38
0.00
0.46
-1.67
-3.89
0.26
1.26
-2.32
0.00
0.00
-1.00
-1.20
0.14
-0.69
-0.97
-6.91
0.00
0.00
1.61
4.80
-0.33
-3.72
6.91
-2.59
-2.16
0.09
-0.58
-2.31
0.00
-2.06
-2.26
-0.13
-1.65
0.00
-1.96
3.50
-0.96
0.00
-6.91
2.56
-1.93
0.00
1.38
-3.12
0.00
-0.11
-0.36
-3.21
-0.19
-1.38
-0.03
-0.16
-0.70
-0.04
-2.53
0.00
0.40
-2.21
-1.46
0.00
0.00
0.96
-1.34
0.98
-0.31
-1.64
-0.50
-0.53
0.73
-1.04
0.00
-2.32
0.00
0.98
0.00
-1.88
-4.79
2.78
-6.91
1.60
-0.97
-2.08
-1.50
0.00
0.00
0.00
0.00
0.00
0.00
0.00
0.00
0.00
0.00
0.00
0.00
0.00
0.00
0.00
0.00
0.00
0.00
0.00
0.00
0.00
0.00
0.00
0.00
0.00
0.00
0.00
0.00
-0.48
-0.69
6.91
0.86
-6.91
0.00
0.72
-2.66
-1.22
-0.72
0.78
-1.81
0.00
0.00
-2.29
-0.86
-0.94
0.08
-1.10
-2.63
1.78
0.00
1.30
1.55
-1.33
-1.33
1.56
-0.98
0.00
-2.39
-0.14
-2.77
0.00
-0.56
-0.84
-1.25
-1.83
6.91
-3.30
1.79
-6.91
0.00
-2.26
-0.14
-2.33
0.00
1.75
-6.91
0.00
-0.79
-0.47
-1.87
-0.94
-1.50
-0.58
-2.46
0.01
-2.80
-0.84
6.91
0.28
-3.10
-0.57
0.00
0.00
0.47
-0.77
1.64
-2.70
-0.67
-0.66
-1.08
0.12
-0.17
6.91
-6.91
0.00
0.99
0.00
0.40
-5.38
1.37
-2.20
0.37
-0.81
-0.88
-1.53
0.00
0.00
0.00
0.00
0.00
0.00
0.00
0.00
0.00
0.00
0.00
0.00
0.00
0.00
0.00
0.00
0.00
0.00
0.00
0.00
0.00
0.00
0.00
0.00
0.00
0.00
0.00
0.00
-0.79
-1.55
0.00
1.01
-0.96
0.00
0.89
-1.09
-6.91
-1.73
0.95
-6.91
0.00
0.00
-0.64
-0.10
-2.67
-0.91
-2.61
-1.09
0.00
0.00
0.70
1.52
-1.47
-6.91
0.99
-5.19
-0.22
-0.39
-0.93
-6.91
0.00
-0.82
-0.49
-0.47
-0.41
0.00
-1.73
1.36
-6.91
0.00
-1.75
0.85
-0.58
0.00
5.25
-6.91
0.00
-1.35
0.24
-1.70
-0.30
-0.75
-1.94
-0.51
0.17
-1.94
-1.59
0.00
1.45
-6.91
-1.45
0.00
0.00
0.29
-5.59
1.00
-1.63
-0.36
-0.61
-0.66
-0.39
-0.96
0.00
-6.91
0.00
2.70
0.00
0.38
-2.43
1.92
-2.52
1.11
-0.50
-1.60
-3.21
0.00
0.00
0.00
0.00
0.00
0.00
0.00
0.00
0.00
0.00
0.00
0.00
0.00
0.00
0.00
0.00
0.00
0.00
0.00
0.00
0.00
0.00
0.00
0.00
0.00
0.00
0.00
0.00
2.32
1.89
-0.66
-6.91
0.60
-0.88
-1.14
0.24
0.76
0.47
-6.91
0.57
-0.11
0.58
0.56
0.00
0.18
-1.02
2.63
6.91
-1.75
0.05
-1.99
-2.67
0.70
1.09
-4.76
0.64
0.00
-0.87
0.00
1.02
-0.81
2.59
1.46
-0.42
0.00
-1.77
2.85
-1.91
1.44
-0.59
0.90
-4.47
0.78
-0.89
-6.91
2.48
0.58
-0.59
0.00
0.00
0.00
3.10
-1.08
-0.18
-0.35
0.77
0.00
-1.41
-1.46
0.83
0.96
-0.53
-0.24
-2.14
1.14
-6.91
0.71
1.08
-0.80
-0.71
-0.29
0.00
-0.26
1.42
0.40
-1.75
-0.34
0.00
1.06
-6.91
1.26
-2.95
0.00
1.15
2.08
0.00
0.00
0.00
0.00
0.00
0.00
0.00
0.00
0.00
0.00
0.00
0.00
0.00
0.00
0.00
0.00
0.00
0.00
0.00
0.00
0.00
0.00
0.00
0.00
0.00
0.00
0.00
0.00
6.91
2.44
-1.05
-1.58
0.99
0.93
-3.66
1.12
0.54
-0.09
-2.10
0.53
-0.31
1.47
-0.01
0.00
0.13
-1.45
6.91
0.47
-0.33
-0.36
-2.96
-6.91
0.29
1.27
-4.94
0.55
0.00
-0.85
6.91
2.03
0.47
1.17
1.50
-0.59
3.05
-0.80
1.05
-6.91
0.75
0.75
0.20
-1.59
0.50
-0.12
-1.08
0.07
-0.49
-0.68
0.00
1.87
0.00
1.24
-0.17
0.33
-1.14
0.35
2.61
-1.11
-6.91
1.61
2.91
0.25
0.99
-3.39
2.17
-0.76
1.38
1.49
-0.44
0.04
-1.33
6.91
0.22
-0.09
0.22
-1.18
0.66
0.00
0.25
-2.71
1.47
-1.67
6.91
1.24
0.01
0.00
0.00
0.00
0.00
0.00
0.00
0.00
0.00
0.00
0.00
0.00
0.00
0.00
0.00
0.00
0.00
0.00
0.00
0.00
0.00
0.00
0.00
0.00
0.00
0.00
0.00
0.00
0.00
-0.66
-0.16
2.78
0.77
-6.91
0.00
-0.32
-2.24
-1.40
-1.64
0.13
-1.01
2.29
0.00
-2.67
-0.56
-1.01
-1.01
-0.30
-1.58
1.86
0.00
-0.52
-0.06
-1.60
-1.75
1.77
-3.35
0.33
-2.50
-1.13
-0.92
0.00
-1.60
-6.91
-1.70
-0.40
1.67
-1.50
-0.22
-2.09
0.00
-2.04
-0.53
-3.52
6.91
2.12
-2.39
0.00
-2.67
-0.00
-1.00
-0.62
-0.82
-0.43
-0.90
-1.12
-1.50
-0.10
1.07
-0.65
-1.05
-0.27
0.00
0.00
0.06
-0.75
0.11
-6.91
-0.78
-0.84
-1.38
-2.00
-0.75
6.91
-6.91
0.00
1.43
0.00
0.90
-1.76
0.21
-0.08
0.75
0.03
-0.90
-2.48
0.00
0.00
0.00
0.00
0.00
0.00
0.00
0.00
0.00
0.00
0.00
0.00
0.00
0.00
0.00
0.00
0.00
0.00
0.00
0.00
0.00
0.00
0.00
0.00
0.00
0.00
0.00
0.00
0.00
1.83
-2.38
-1.56
1.28
-0.43
-0.52
1.68
6.91
0.17
-2.71
1.32
-1.50
-0.27
-0.39
0.00
0.77
0.65
0.00
6.91
-1.45
-0.25
-3.62
-1.86
0.58
4.71
-1.92
6.91
0.00
-0.08
0.00
1.65
-1.02
1.08
1.51
0.23
0.00
-1.01
6.91
-3.19
1.98
-0.97
0.83
-1.96
2.17
-0.48
-6.91
1.31
-1.44
-0.00
0.00
0.00
0.00
3.13
0.57
0.57
0.47
-0.38
0.00
-0.48
-0.94
2.14
0.00
-0.43
0.00
-1.29
6.91
-6.91
2.36
6.91
-0.05
0.59
-0.76
0.00
-1.29
3.43
-0.21
-1.69
-0.02
0.00
2.18
-1.34
0.00
-1.61
0.00
1.95
1.92
0.00
0.00
0.00
0.00
0.00
0.00
0.00
0.00
0.00
0.00
0.00
0.00
0.00
0.00
0.00
0.00
0.00
0.00
0.00
0.00
0.00
0.00
0.00
0.00
0.00
0.00
0.00
0.00
-0.24
-1.39
6.91
0.91
-1.17
6.91
0.12
-0.62
-1.39
-1.20
0.35
-1.69
2.11
0.00
-0.98
-0.30
-6.33
-0.69
0.38
-0.13
2.26
6.91
-0.52
-0.36
-2.03
-1.60
1.15
-0.98
1.44
-6.91
0.06
-1.30
6.91
-0.78
-1.82
-2.36
0.27
1.40
0.28
-0.19
-1.03
1.15
-0.22
0.42
-1.59
6.91
0.04
-0.86
6.91
-2.82
1.35
0.46
0.48
-0.89
-1.31
-3.03
-2.25
-6.91
-0.22
1.37
-0.42
-1.11
-0.79
6.91
1.44
-0.58
-0.73
-0.31
-0.36
-0.85
-3.50
-1.78
-2.04
0.29
2.05
-0.48
1.34
-0.14
6.91
0.34
-0.73
0.00
0.01
-0.63
-0.05
-0.53
-0.43
0.00
0.00
0.00
0.00
0.00
0.00
0.00
0.00
0.00
0.00
0.00
0.00
0.00
0.00
0.00
0.00
0.00
0.00
0.00
0.00
0.00
0.00
0.00
0.00
0.00
0.00
0.00
0.00
-1.15
-2.36
0.00
1.28
-6.91
0.00
0.33
-1.21
-1.05
-0.62
2.62
-6.91
0.00
0.00
-0.45
-0.87
-0.58
-0.86
-2.31
-6.91
0.00
0.00
1.35
0.87
-0.69
-1.40
1.88
-6.91
-1.51
-1.11
-2.34
-1.05
0.00
-2.21
-1.13
-1.88
-2.01
0.00
-2.10
1.16
-1.80
0.00
-6.91
0.62
-1.87
0.00
6.91
-1.88
0.00
-0.34
-0.27
-0.61
-1.76
-1.96
-0.70
-1.87
-0.21
-0.37
-3.62
0.00
0.17
-6.91
-5.31
0.00
0.00
1.32
-6.91
0.80
-1.59
-1.15
-0.22
-0.67
-0.89
-0.59
0.00
-6.91
0.00
6.91
0.00
-1.28
-1.70
1.51
-0.71
1.01
-2.01
-1.51
-3.34
0.00
0.00
0.00
0.00
0.00
0.00
0.00
0.00
0.00
0.00
0.00
0.00
0.00
0.00
0.00
0.00
0.00
0.00
0.00
0.00
0.00
0.00
0.00
0.00
0.00
0.00
0.00
0.00
-1.78
-2.24
0.00
3.74
-0.88
0.00
0.99
-0.12
-1.52
0.01
0.00
-0.62
0.00
0.00
0.83
-2.08
0.45
0.60
-6.91
-1.27
0.00
0.00
0.80
6.91
-0.96
-0.47
0.00
-1.09
-1.72
0.54
-6.91
-0.66
0.00
-2.30
-1.32
0.20
-0.77
0.00
-1.55
6.91
-0.40
0.00
-0.20
1.78
-0.93
0.00
0.00
-0.76
0.00
0.34
-2.23
-6.91
-1.23
-2.14
0.41
-0.13
0.06
-0.63
-1.03
0.00
2.49
-1.59
-2.73
0.00
0.00
2.29
-1.33
0.00
-0.14
-1.50
0.10
0.05
0.81
-0.70
0.00
-1.73
0.00
0.00
0.00
-0.15
-0.92
1.66
-0.60
2.29
-6.91
-6.91
-1.30
0.00
0.00
0.00
0.00
0.00
0.00
0.00
0.00
0.00
0.00
0.00
0.00
0.00
0.00
0.00
0.00
0.00
0.00
0.00
0.00
0.00
0.00
0.00
0.00
0.00
0.00
0.00
0.00
0.85
0.16
0.61
0.24
-2.86
1.21
-1.13
-0.64
-0.91
-6.91
0.51
-1.60
6.91
6.91
-1.36
1.33
-2.85
-3.23
0.34
0.24
0.80
6.91
-0.50
0.56
-0.44
-0.20
-0.38
-1.62
-0.08
-1.54
1.00
-1.39
6.91
-0.46
-0.15
-2.98
0.52
2.96
0.18
-0.53
-1.77
2.42
-0.28
-0.73
-2.57
0.96
-0.56
-1.91
6.91
-2.23
0.03
0.07
1.19
-0.44
-6.91
-6.91
-6.91
-6.91
0.09
2.11
-0.24
-2.20
0.19
1.77
1.81
-0.70
-0.72
0.81
-0.35
-0.82
-6.91
-1.08
-1.60
0.90
1.43
-0.93
2.84
0.12
1.33
2.10
-1.36
-0.32
0.26
-0.59
0.03
-0.29
-1.32
0.00
0.00
0.00
0.00
0.00
0.00
0.00
0.00
0.00
0.00
0.00
0.00
0.00
0.00
0.00
0.00
0.00
0.00
0.00
0.00
0.00
0.00
0.00
0.00
0.00
0.00
0.00
0.00
0.00
0.00
-1.55
0.32
0.00
-1.74
0.19
0.00
0.00
2.31
0.26
0.00
-1.00
-1.25
3.54
0.00
0.00
1.23
0.00
0.00
-4.95
-2.57
0.58
-0.49
0.00
0.00
0.60
0.00
0.00
1.89
0.00
0.00
-6.91
0.00
0.00
0.00
0.00
-0.85
0.00
0.02
0.00
-6.91
0.00
1.47
0.00
-0.73
-0.55
0.00
-6.91
1.64
0.00
0.00
0.00
0.00
3.60
0.00
1.29
4.51
0.00
-2.46
0.63
0.00
0.00
-1.88
-6.91
-0.43
0.00
-0.09
0.00
0.00
6.91
0.00
1.20
0.00
-3.69
0.00
-1.96
0.67
-6.91
0.00
0.00
-0.43
0.00
1.11
0.00
0.00
0.00
0.00
0.00
0.00
0.00
0.00
0.00
0.00
0.00
0.00
0.00
0.00
0.00
0.00
0.00
0.00
0.00
0.00
0.00
0.00
0.00
0.00
0.00
0.00
0.00
0.00
0.00
0.00
0.00
-2.31
-2.24
0.00
0.91
-0.62
0.00
1.05
-0.74
-6.91
0.34
6.91
-2.67
0.00
0.00
0.20
-0.86
-0.12
-0.41
-6.91
-1.29
0.00
0.00
0.36
1.03
-0.86
-6.91
1.01
-6.91
-0.77
-0.56
-1.16
-1.82
0.00
-1.59
-1.12
-0.38
-1.76
0.00
-6.91
2.63
-1.39
0.00
-6.91
0.55
-1.97
0.00
5.75
-6.91
0.00
-0.18
-0.55
-5.39
-1.78
-2.22
-0.84
-0.06
-0.89
-0.16
-0.67
0.00
0.50
-3.22
-1.19
0.00
0.00
1.58
-1.92
1.06
-1.68
-1.26
-0.49
-1.00
0.90
-3.68
0.00
-6.91
0.00
0.89
0.00
0.09
-1.96
3.66
-6.91
1.95
-0.89
-6.91
-1.79
0.00
0.00
0.00
0.00
0.00
0.00
0.00
0.00
0.00
0.00
0.00
0.00
0.00
0.00
0.00
0.00
0.00
0.00
0.00
0.00
0.00
0.00
0.00
0.00
0.00
0.00
0.00
0.00
1.00
-0.78
1.52
0.06
-0.70
6.91
-1.88
-1.09
-0.86
-1.22
0.77
0.19
1.59
3.87
-1.92
0.78
-0.74
-5.23
0.61
-0.05
0.43
4.16
-0.33
-0.66
-0.69
0.24
-0.37
-0.28
1.97
-1.21
-0.10
-0.37
1.53
0.02
-1.72
-6.91
-0.27
1.72
0.43
-0.56
-1.55
1.67
-0.06
-1.04
-1.24
1.43
0.51
-0.23
4.70
-1.33
1.14
0.86
1.61
-0.24
-2.11
-2.59
-6.91
-3.03
0.06
0.69
-0.74
-0.72
0.16
2.31
3.57
-0.64
-0.21
0.28
-1.20
0.01
-6.91
-1.51
-6.91
-0.24
1.99
-0.19
1.58
-0.42
3.35
2.40
0.02
-0.01
-0.08
-0.34
1.22
-0.72
-0.46
0.00
0.00
0.00
0.00
0.00
0.00
0.00
0.00
0.00
0.00
0.00
0.00
0.00
0.00
0.00
0.00
0.00
0.00
0.00
0.00
0.00
0.00
0.00
0.00
0.00
0.00
0.00
0.00
0.00
0.00
-6.91
-0.13
0.00
-2.60
-0.19
6.91
0.00
0.98
-0.73
0.00
-1.69
-6.91
0.94
0.00
1.54
1.24
0.00
0.00
-6.30
-0.47
-0.23
-0.32
6.91
0.00
-0.64
0.00
0.00
1.07
0.00
0.00
-1.49
0.00
0.00
1.85
0.00
-1.40
0.00
0.11
0.00
-2.08
0.00
-0.45
6.91
-1.79
-1.94
0.00
-2.19
6.91
0.00
0.00
0.00
0.00
2.57
2.89
0.97
1.50
0.00
-2.36
0.19
0.00
0.00
-3.02
-1.53
-0.52
0.00
0.01
6.91
0.00
0.59
0.73
0.57
0.00
-6.91
0.00
-1.06
-0.95
-1.04
0.00
0.00
-0.15
0.00
-0.26
0.00
0.00
1.67
0.00
0.00
0.00
0.00
0.00
0.00
0.00
0.00
0.00
0.00
-6.91
0.00
0.00
-6.91
-0.57
-1.28
7.03
1.47
-1.54
0.00
0.29
-1.83
-1.96
-0.40
0.00
-0.74
0.20
0.00
0.00
0.00
0.00
0.00
0.00
0.00
0.00
0.00
0.00
0.00
0.00
0.00
0.00
0.00
0.00
0.00
0.00
0.00
-6.91
-1.43
0.00
0.00
1.52
1.87
-0.22
-0.90
0.00
-0.62
-1.37
0.45
-1.35
-1.06
0.00
-1.47
-1.26
0.45
-6.91
0.00
-6.91
2.95
-0.22
0.00
-5.23
0.93
-0.37
0.00
0.00
-1.38
0.00
0.36
-0.70
-5.38
-1.02
-3.48
-0.31
-0.51
1.10
0.07
-3.64
0.00
6.91
-0.57
-2.27
0.00
0.00
1.29
-6.91
0.00
-1.18
-1.97
-0.71
-0.07
1.34
-5.18
0.00
-2.67
0.00
0.00
0.00
-1.12
-0.88
3.22
-1.88
2.98
-6.91
-4.29
-0.29
-1.67
0.00
0.00
-2.23
-1.22
-0.59
-1.49
0.00
-0.70
-0.72
-2.66
0.00
0.00
-1.84
-2.73
-6.91
0.90
1.47
-1.57
6.91
0.15
-4.31
-0.57
-0.68
0.00
-1.40
-0.17
0.00
0.00
0.00
0.00
0.00
0.00
0.00
0.00
0.00
0.00
0.00
0.00
0.00
0.00
0.00
0.00
0.00
0.00
0.00
-6.91
-6.91
0.00
0.00
1.97
6.91
-1.63
-6.91
1.48
-1.07
-0.49
-0.60
-6.91
-6.91
0.00
-1.31
-1.11
-0.86
-1.67
0.00
-6.91
0.68
-1.26
0.00
-6.91
1.30
-1.19
0.00
6.91
-3.72
0.00
0.13
-0.80
-0.70
-1.30
-1.47
-0.12
-1.11
0.62
-1.24
-2.62
0.00
2.66
-1.05
-1.31
0.00
0.00
1.39
-2.02
1.66
-0.36
-0.84
0.17
0.21
0.84
-2.38
0.00
-0.95
0.00
6.91
0.00
-1.22
-1.43
0.83
-6.91
2.42
-3.21
-3.48
-0.97
-2.17
0.00
0.00
-6.91
-6.91
-6.91
-4.71
6.91
0.28
-2.95
0.00
-6.91
-1.93
0.00
2.50
0.00
-0.11
-0.28
3.74
-0.75
1.45
0.00
0.00
0.45
-1.76
0.00
2.08
-1.13
0.00
0.00
0.00
0.00
0.00
0.00
0.00
0.00
0.00
0.00
0.00
0.00
0.00
0.00
0.00
0.00
0.00
0.00
0.00
0.00
-1.49
-1.58
-0.55
-0.83
6.91
0.00
-0.29
0.00
0.00
1.65
0.00
0.00
-2.19
0.00
0.00
2.12
0.00
-6.91
0.00
-0.63
0.00
-3.63
0.00
-0.73
2.42
-4.77
-0.74
0.00
-6.91
1.46
0.00
0.00
0.00
0.00
2.39
6.91
1.73
2.19
0.00
-3.35
0.25
0.00
0.00
-1.21
-2.88
-0.84
0.00
-1.52
4.71
0.00
1.95
0.57
1.20
0.00
-2.25
0.00
-6.91
-1.82
-2.37
0.00
0.00
-1.16
0.00
0.31
0.00
0.00
6.91
0.00
-2.69
-1.01
0.00
0.00
0.00
0.00
-1.50
0.00
0.00
1.52
-0.45
-0.17
2.65
0.64
0.29
-6.91
-1.26
0.24
-6.91
0.49
1.37
2.74
0.65
-0.13
6.91
0.44
-1.30
0.00
0.00
0.00
0.00
0.00
0.00
0.00
0.00
0.00
0.00
0.00
0.00
0.00
0.00
0.00
0.00
0.00
0.00
2.53
2.65
-1.67
-0.18
-1.44
-6.91
1.37
1.70
-6.91
1.17
0.00
0.28
0.00
1.46
-0.48
1.37
1.67
0.12
0.00
-0.63
3.14
-1.61
1.82
-0.36
2.06
-2.98
0.49
-0.94
-6.91
1.25
-0.79
-0.30
0.00
0.00
0.00
2.19
0.27
1.03
-0.33
-0.09
0.00
-0.91
-5.95
0.54
2.99
-0.21
0.51
-6.91
1.39
-6.91
1.82
1.22
0.36
-0.11
-0.87
0.00
-1.54
0.39
-0.61
-2.33
-0.58
0.00
1.36
-6.91
0.97
-3.46
0.00
1.03
1.52
0.00
-0.73
-0.73
1.55
0.75
5.52
2.06
-6.91
0.00
0.00
-0.40
6.91
0.00
-2.08
-2.71
-2.86
0.18
0.33
-6.91
2.03
-0.48
-6.91
-0.55
-0.39
0.00
-1.08
-0.41
0.00
0.00
0.00
0.00
0.00
0.00
0.00
0.00
0.00
0.00
0.00
0.00
0.00
0.00
0.00
0.00
0.00
0.00
0.00
-1.21
-0.51
6.91
0.00
0.21
0.34
-6.91
-1.41
1.57
-1.63
-0.95
-0.70
-1.69
-3.39
0.00
-0.79
-1.44
-1.50
-1.00
6.91
-0.51
0.68
-6.91
0.00
-2.27
0.42
-2.01
0.00
0.87
-1.14
0.00
-0.37
-0.45
-1.30
-0.99
-0.50
-0.89
-0.53
-1.46
-0.74
-0.78
2.39
-0.06
-2.96
-0.32
0.00
0.00
0.53
-1.29
2.07
-6.91
-1.79
-1.58
-1.71
-1.67
-1.19
2.81
-1.93
0.00
0.73
0.00
0.57
-0.95
0.26
-0.23
0.64
-0.16
-0.57
-6.91
-1.34
3.69
0.00
-1.63
-3.96
-2.41
-6.91
1.63
0.98
-0.06
0.00
-0.73
-1.56
0.00
0.00
0.00
-0.78
0.19
0.00
-0.96
6.91
0.00
0.00
3.44
-0.63
0.00
2.45
-1.08
0.00
0.00
0.00
0.00
0.00
0.00
0.00
0.00
0.00
0.00
0.00
0.00
0.00
0.00
0.00
0.00
0.00
0.00
0.00
0.00
-2.02
-6.91
0.38
-0.82
0.00
0.00
-0.86
0.00
0.00
6.91
0.00
0.00
-1.75
0.00
0.00
0.00
0.00
-2.59
0.00
-0.01
0.00
-2.22
0.00
0.78
0.00
-1.40
-0.62
0.00
-1.55
2.21
0.00
0.00
0.00
0.00
1.83
0.00
0.73
6.91
0.00
-0.71
0.41
0.00
0.00
-6.91
-1.24
0.29
0.00
0.20
0.00
0.00
1.20
1.40
3.79
0.00
-1.56
0.00
-2.26
0.27
-2.13
0.00
0.00
-0.49
0.00
1.27
0.00
0.00
0.00
0.00
-0.91
-6.91
0.00
0.00
0.00
0.00
0.31
0.00
0.00
1.07
0.14
-0.16
0.40
1.04
0.66
-3.24
-1.47
0.85
-2.61
0.27
0.67
4.63
0.14
0.36
1.43
-1.67
0.58
0.00
0.00
0.00
0.00
0.00
0.00
0.00
0.00
0.00
0.00
0.00
0.00
0.00
0.00
0.00
0.00
0.00
0.00
6.91
0.73
-0.21
0.96
-6.91
-1.39
1.09
1.17
-1.27
0.33
0.00
-0.69
3.34
0.27
0.97
2.30
0.92
-0.75
2.92
0.24
0.98
-3.34
0.46
-0.25
0.49
-6.91
-0.38
0.08
-0.66
0.91
-0.04
-1.07
0.00
1.66
0.00
1.39
-1.52
-0.93
-2.09
-0.19
1.28
-0.62
-1.67
1.45
1.25
0.61
0.21
-6.91
0.08
-5.07
0.23
1.62
-0.30
0.16
-0.80
1.52
-0.45
1.05
-0.76
-6.91
-0.36
0.00
0.40
-3.03
0.59
-6.91
1.42
2.71
0.08
5.45
0.03
0.42
3.58
0.67
3.80
-0.22
-3.97
0.00
1.61
-1.56
1.28
0.00
-0.47
-2.27
-4.10
1.25
1.41
-2.23
1.69
-0.43
-6.91
-0.25
-2.02
0.00
-2.15
-1.67
6.91
0.00
0.00
0.00
0.00
0.00
0.00
0.00
0.00
0.00
0.00
0.00
0.00
0.00
0.00
0.00
0.00
0.00
0.00
-0.89
-1.27
2.27
0.00
0.34
0.53
-1.99
-0.97
0.17
-6.91
-0.23
-0.17
-0.56
-0.43
0.00
-2.65
-1.55
-0.39
-1.16
6.91
-0.85
0.11
-6.56
0.00
-1.42
-0.00
-1.79
1.62
1.77
-2.25
0.00
-2.21
1.04
-1.41
-0.40
-1.72
-1.89
-0.66
-1.73
-0.99
-1.09
6.91
0.89
-6.91
-1.11
0.00
0.00
0.94
-1.57
0.81
-3.71
-2.43
-2.04
-0.60
-0.27
-0.55
2.15
-1.23
0.00
0.10
0.00
0.65
-0.81
0.62
-0.42
0.80
-1.01
-2.04
-4.28
-1.20
6.91
0.00
-1.68
-1.29
-1.57
-6.91
0.54
0.50
-0.57
-1.79
0.00
0.00
-6.91
-1.42
-1.79
0.48
1.26
-2.64
6.76
-1.34
-2.07
-2.11
-0.03
0.00
-2.35
-0.12
0.00
0.00
0.00
0.00
0.00
0.00
0.00
0.00
0.00
0.00
0.00
0.00
0.00
0.00
0.00
0.00
0.00
0.00
0.00
-0.87
-1.39
0.00
0.00
0.16
1.00
-2.11
-1.54
0.86
-1.75
-1.48
-0.06
-1.09
-2.04
0.00
-0.96
-0.61
-0.66
-0.36
0.00
-1.22
0.33
-6.91
0.00
-6.91
-0.10
-0.87
0.00
2.49
-2.49
0.00
-1.18
-1.21
-2.33
0.16
-1.13
-0.12
-0.83
-0.29
-2.25
-1.02
0.00
1.72
-2.27
-1.49
0.00
0.00
1.51
-2.52
2.09
-6.91
-1.01
-0.88
-0.98
-0.02
-0.23
0.00
-1.43
0.00
2.98
0.00
-0.06
-6.91
0.21
-1.63
0.45
-0.95
-1.72
-0.66
-0.84
0.00
0.00
-3.66
-1.06
-3.23
-2.01
1.61
-0.16
-1.83
-0.05
0.55
2.40
-0.51
-2.14
-0.12
-0.61
-0.56
-2.64
0.57
-1.84
-0.92
0.51
-2.91
6.91
-0.20
-1.35
1.00
0.00
0.00
0.00
0.00
0.00
0.00
0.00
0.00
0.00
0.00
0.00
0.00
0.00
0.00
0.00
0.00
0.00
0.00
0.29
-0.60
2.29
3.79
-1.20
0.53
-0.15
-0.93
-0.60
-0.39
1.76
-3.38
0.21
0.12
6.91
-0.88
-0.76
-3.77
0.96
1.04
-0.46
-0.84
-0.48
6.91
-0.25
-0.26
-0.18
1.93
-0.62
-1.13
6.91
-6.91
0.65
0.74
0.91
-0.43
-1.13
-4.69
-0.42
-6.91
0.10
1.27
-0.40
-1.72
0.59
1.43
6.91
0.32
-0.25
-0.60
-1.10
0.47
-2.06
-2.21
-1.20
1.15
1.49
-1.51
6.91
0.13
6.91
1.16
0.19
0.31
0.10
-0.40
1.06
0.33
-0.88
0.38
0.91
3.58
-0.74
-1.10
-0.42
-1.10
-0.70
0.65
1.05
0.00
-2.79
-0.93
3.86
1.06
1.19
-2.27
-0.88
2.03
-6.91
0.07
2.65
0.00
0.88
0.19
6.91
-0.45
-0.88
0.00
0.00
0.00
0.00
0.00
0.00
0.00
0.00
0.00
0.00
0.00
0.00
0.00
0.00
0.00
0.00
0.00
0.00
0.00
2.15
-0.49
-0.63
-2.97
-1.65
1.79
0.82
-6.91
3.19
0.00
0.05
0.00
3.16
-0.80
1.77
0.43
0.36
0.00
-1.20
6.91
-6.91
0.52
-0.01
0.84
-1.40
0.58
-0.51
-2.98
1.10
0.01
0.38
0.00
0.00
0.00
4.12
0.46
0.23
0.64
-0.20
0.00
-0.32
-2.11
2.09
2.10
0.01
-0.45
-1.89
1.12
-2.63
0.79
1.66
0.14
-0.42
0.02
0.00
-2.25
0.90
-0.41
-1.25
-1.46
0.00
1.19
-2.63
6.91
-2.08
0.00
2.10
1.65
0.00
-1.21
-1.04
2.02
6.91
6.91
1.52
-2.46
0.00
0.00
-2.39
0.00
0.00
-2.42
-1.07
-6.91
6.91
1.08
-0.90
6.91
-1.55
-1.92
-1.61
0.04
0.00
-6.91
-0.58
0.00
0.00
0.00
0.00
0.00
0.00
0.00
0.00
0.00
0.00
0.00
0.00
0.00
0.00
0.00
0.00
0.00
0.00
0.00
-0.83
-1.62
0.00
0.00
2.45
1.70
-0.64
-1.45
6.91
-3.40
-0.52
-1.34
-2.28
-2.12
0.00
-2.78
-6.91
-0.05
-2.43
0.00
-6.91
1.83
-1.44
0.00
-1.94
0.41
-2.44
0.00
1.58
-1.36
0.00
-0.62
0.12
-0.67
-1.08
-6.91
0.04
-0.38
-0.02
-0.57
-0.96
0.00
0.89
-3.76
-3.91
0.00
0.00
0.96
-6.91
1.84
-1.64
-1.37
-0.61
-1.14
-0.29
-1.73
0.00
-1.26
0.00
1.81
0.00
-0.79
-1.55
0.95
-6.91
0.89
-1.82
-2.04
-1.23
-3.99
0.00
0.00
-1.75
-3.24
-2.34
-2.19
1.72
-0.79
-2.38
0.00
-2.10
-0.59
0.00
0.00
0.00
-0.67
-0.39
2.68
-1.98
0.92
0.00
0.00
5.91
-6.91
0.00
1.63
-2.17
0.00
0.00
0.00
0.00
0.00
0.00
0.00
0.00
0.00
0.00
0.00
0.00
0.00
0.00
0.00
0.00
0.00
0.00
0.00
0.00
-1.14
-1.93
-0.37
-0.20
2.08
0.00
-2.01
0.00
0.00
2.22
0.00
0.00
-2.00
0.00
0.00
6.91
0.00
-6.91
0.00
-0.04
0.00
-1.68
0.00
-0.05
1.76
-6.91
-1.03
0.00
-6.91
1.92
0.00
0.00
0.00
0.00
2.64
1.19
2.07
1.97
0.00
-2.85
-0.55
0.00
0.00
-1.23
-2.18
-0.30
0.00
-1.09
6.91
0.00
1.74
2.38
0.28
0.00
-2.08
0.00
-1.92
0.07
-6.91
0.00
0.00
0.36
0.00
0.61
0.00
0.00
3.06
0.00
-1.75
-0.61
0.00
0.00
0.00
0.00
-0.68
0.00
0.00
0.00
-3.26
-0.37
0.00
0.00
0.00
-0.72
0.89
0.00
-0.14
0.00
0.00
0.00
3.47
-6.91
0.00
1.02
-1.38
0.00
0.00
0.00
0.00
0.00
0.00
0.00
0.00
0.00
0.00
0.00
0.00
0.00
0.00
0.00
0.00
0.00
0.00
0.00
0.00
-1.45
-2.05
1.18
-0.09
0.00
0.00
-0.87
0.00
0.00
2.20
0.00
0.00
-4.01
0.00
0.00
0.00
0.00
-0.69
0.00
-0.05
0.00
-0.97
0.00
0.32
0.00
-1.17
-0.48
0.00
-0.94
6.91
0.00
0.00
0.00
0.00
2.03
0.00
6.91
1.97
0.00
-1.82
1.55
0.00
0.00
-0.91
-1.36
0.49
0.00
-0.29
0.00
0.00
6.91
0.00
1.71
0.00
-1.45
0.00
-0.54
0.26
-3.29
0.00
0.00
-0.15
0.00
0.06
0.00
0.00
0.00
0.00
-1.43
-0.81
0.00
0.00
0.00
0.00
0.22
0.00
0.00
0.34
1.50
5.34
-1.11
-0.55
-1.81
0.14
-1.02
-0.51
0.44
-2.51
-0.01
-0.54
-2.24
1.77
-0.49
-2.05
2.54
0.00
0.00
0.00
0.00
0.00
0.00
0.00
0.00
0.00
0.00
0.00
0.00
0.00
0.00
0.00
0.00
0.00
0.00
-0.51
0.36
3.07
1.21
-0.87
-0.97
-3.02
0.00
-0.53
-1.11
0.46
-1.66
0.83
-0.70
6.91
-0.80
-0.65
-5.02
-0.16
0.29
-0.77
0.26
-0.51
2.06
0.12
-0.52
-1.06
0.58
-0.70
-0.84
0.94
-1.47
0.14
0.16
1.85
-1.03
-1.23
-3.16
-1.28
-6.91
0.51
2.07
-1.09
-0.32
-0.70
3.05
6.91
-1.07
-1.19
-0.56
-1.01
0.30
-1.77
-2.82
-2.85
-0.24
0.84
-2.49
1.79
-0.73
1.91
0.70
-1.56
0.05
0.26
0.13
0.43
-0.02
-2.18
0.55
0.31
2.71
0.13
-0.78
0.51
-1.29
0.29
0.63
0.00
-6.91
0.00
0.00
-1.22
0.04
-0.67
0.00
0.00
-0.36
0.00
0.55
-1.17
-6.91
0.22
0.00
-0.37
0.60
0.00
0.00
0.00
0.00
0.00
0.00
0.00
0.00
0.00
0.00
0.00
0.00
0.00
0.00
0.00
0.00
0.00
0.00
0.00
-6.91
-0.33
0.00
0.00
0.00
0.00
0.33
-0.86
0.00
-0.78
-2.81
0.87
-2.09
-1.35
0.00
-1.35
-0.18
-0.44
-6.91
0.00
-0.45
0.00
0.17
0.00
-0.23
0.00
0.29
0.00
0.00
0.05
0.00
0.62
-0.83
-1.73
-2.33
-0.28
1.27
-0.04
0.74
1.09
-3.44
0.00
6.91
-0.31
-1.72
0.00
0.00
0.00
-0.67
0.00
-0.05
-0.21
0.45
0.85
0.93
-2.44
0.00
0.30
0.00
0.00
0.00
-1.40
-1.20
0.00
-1.20
1.44
-0.94
-1.24
-0.17
-0.94
0.00
0.00
-0.60
-0.86
-1.91
0.17
0.00
-1.26
-3.51
-0.08
1.55
0.00
-0.50
-0.98
-2.25
0.23
-0.75
-2.98
1.11
-6.91
-0.15
-0.08
-2.89
0.00
-1.05
-1.53
6.91
0.00
0.00
0.00
0.00
0.00
0.00
0.00
0.00
0.00
0.00
0.00
0.00
0.00
0.00
0.00
0.00
0.00
0.00
-0.86
-0.53
1.14
2.09
-0.97
0.64
-2.65
-0.50
-0.25
-0.64
1.26
-6.91
-0.70
-0.23
6.91
-1.11
-1.93
-2.73
-0.27
1.89
-0.93
-0.55
-1.23
1.51
-0.97
-0.34
-0.40
1.52
0.22
-0.65
6.91
-6.91
1.42
0.62
0.33
-0.57
-6.91
-1.88
-0.35
-1.12
0.53
1.35
-0.69
-0.71
-0.68
6.91
6.91
0.31
-2.01
-0.11
-0.38
0.28
-0.84
-6.91
-1.05
0.71
6.91
-2.30
1.97
-0.29
2.21
0.13
-0.29
-0.29
0.06
0.23
0.86
-1.25
-0.62
-0.48
2.13
6.91
-0.41
-0.41
-0.27
-1.22
0.49
0.69
0.29
1.34
-0.06
6.91
0.63
-0.05
-0.91
-0.72
-1.00
-2.56
-0.04
-1.77
-1.11
0.53
-6.91
0.71
0.17
-1.82
1.57
0.00
0.00
0.00
0.00
0.00
0.00
0.00
0.00
0.00
0.00
0.00
0.00
0.00
0.00
0.00
0.00
0.00
0.00
0.76
0.41
0.73
0.71
-2.14
-0.89
-1.31
-0.92
-0.59
-0.35
2.07
-0.59
0.42
-0.77
2.68
0.24
-1.02
-2.07
0.95
1.84
-0.15
-1.33
-0.40
2.87
-0.17
-0.29
-0.60
1.01
0.46
-0.85
1.01
-1.10
2.65
1.29
3.24
-0.70
-1.77
-1.13
-6.91
-3.61
1.42
0.72
-0.19
-0.25
0.54
2.16
0.67
-1.04
0.19
-0.43
-0.77
-0.09
-2.58
-0.25
-2.23
0.20
-0.10
-0.54
0.98
0.48
3.56
1.61
0.12
-1.48
0.04
-1.00
0.74
-0.61
-1.11
0.15
0.08
0.87
-0.28
-0.37
-0.48
-0.49
-0.69
3.07
1.31
-6.91
0.00
0.00
-3.24
-0.30
-0.67
1.44
3.47
-1.06
0.00
-0.91
-3.71
-0.67
-0.33
0.00
-1.69
0.25
0.00
-1.30
-2.65
0.00
6.91
-0.72
0.00
0.88
0.07
-1.33
0.30
0.00
-4.00
0.00
0.00
0.94
-1.30
-0.51
0.26
0.00
0.00
0.00
0.00
0.00
0.00
0.00
0.00
0.00
0.00
0.00
0.00
0.00
0.00
0.00
0.00
0.00
0.00
-6.91
0.00
-3.50
6.91
-1.52
0.00
-0.82
1.13
-1.44
0.00
0.00
-0.73
0.00
0.72
-1.38
-1.03
-6.91
-2.34
0.41
0.57
0.52
0.03
-6.91
0.00
4.04
-1.19
-1.93
0.00
0.00
6.08
-0.95
0.00
-0.70
-2.18
-0.03
0.74
1.54
-1.38
0.00
-1.59
0.00
0.00
0.00
-0.73
-2.43
2.67
-6.91
6.91
-1.32
-1.03
-1.56
-6.91
0.00
0.00
-3.83
-3.35
-1.33
-0.53
0.00
-2.28
-1.54
-1.13
0.00
0.00
-6.91
-1.01
-2.49
2.39
1.68
-0.82
2.78
-0.29
-2.89
-1.05
0.34
0.00
-6.91
0.45
0.00
-6.91
-6.91
0.00
1.28
-0.35
0.00
0.94
-1.46
-0.85
0.43
6.91
-6.91
0.00
0.00
-0.30
-1.00
0.25
-0.10
0.00
0.00
0.00
0.00
0.00
0.00
0.00
0.00
0.00
0.00
0.00
0.00
0.00
0.00
0.00
0.00
0.00
0.00
-2.69
0.00
-6.91
2.68
-2.79
0.00
-3.89
1.23
-1.65
0.00
1.86
-2.60
0.00
-0.18
-0.61
-1.33
-0.96
-1.28
0.63
-1.28
0.18
-1.06
-0.72
0.00
0.39
-0.92
-1.76
0.00
0.00
0.94
-3.21
1.89
-1.19
-1.58
0.31
-1.08
-0.39
-1.81
0.00
-1.41
0.00
4.59
0.00
-0.59
-6.91
2.09
-1.26
2.03
-1.39
-3.09
-0.49
-6.91
0.00
0.00
-6.91
-1.12
-6.91
-4.03
6.91
-1.50
-2.85
0.00
-6.91
-1.78
0.00
6.91
0.00
-1.13
-0.43
3.65
-2.04
0.75
0.00
0.00
0.43
-1.68
0.00
0.61
-6.91
0.00
0.00
-1.49
-0.05
1.50
-1.02
0.03
2.35
0.00
0.61
-1.74
0.00
-2.65
-1.76
1.07
0.00
6.91
1.60
0.00
0.00
0.00
0.00
0.00
0.00
0.00
0.00
0.00
0.00
0.00
0.00
0.00
0.00
0.00
0.00
0.00
0.00
0.00
-6.91
0.00
-0.17
0.00
-2.27
0.00
-0.57
1.64
-2.31
-0.81
0.00
-1.90
0.74
0.00
0.00
0.00
0.00
0.38
6.91
0.80
0.95
0.00
-2.83
0.15
0.00
0.00
-3.08
-1.14
-0.21
0.00
-0.80
5.41
0.00
1.84
1.62
0.17
0.00
-2.42
0.00
-1.97
-1.43
-6.91
0.00
0.00
-0.36
0.00
-0.94
0.00
0.00
6.91
0.00
-6.91
-1.72
0.00
0.00
0.00
0.00
-0.68
0.00
0.00
0.00
-6.91
-2.58
0.00
0.00
0.00
-1.04
0.14
0.00
-1.08
6.91
0.00
0.00
1.23
-3.18
0.00
6.91
-6.91
0.00
0.00
-0.92
-1.02
0.00
-6.91
0.96
0.00
0.00
1.53
-1.24
0.00
-1.47
-1.22
0.89
0.00
1.98
0.95
0.00
0.00
0.00
0.00
0.00
0.00
0.00
0.00
0.00
0.00
0.00
0.00
0.00
0.00
0.00
0.00
0.00
0.00
0.00
-3.22
0.00
-0.96
0.00
-6.91
0.00
-0.12
0.00
-0.74
-0.98
0.00
-1.48
2.11
0.00
0.00
0.00
0.00
6.91
0.00
1.58
6.91
0.00
-6.91
-0.14
0.00
0.00
-6.91
-2.09
-0.68
0.00
0.05
0.00
0.00
1.09
6.91
2.50
0.00
-2.57
0.00
-6.91
-1.05
-6.91
0.00
0.00
0.52
0.00
0.93
0.00
0.00
0.00
0.00
-0.83
-3.32
0.00
0.00
0.00
0.00
-0.93
0.00
0.00
0.84
-0.20
-0.29
0.74
0.77
0.42
-6.91
-6.91
-0.39
-1.99
-0.66
0.74
1.58
-1.51
0.42
1.17
-0.75
-0.61
0.99
1.39
-0.09
-1.24
0.19
0.42
-1.88
0.03
0.57
-1.38
-0.55
0.64
-0.89
1.27
-0.86
0.00
-0.32
-1.14
0.00
0.00
0.00
0.00
0.00
0.00
0.00
0.00
0.00
0.00
0.00
0.00
0.00
0.00
0.00
0.00
0.00
0.00
2.44
0.18
2.98
-1.62
-0.34
0.26
1.40
-1.44
0.21
-0.64
-1.24
0.20
0.72
-1.43
0.00
2.57
0.00
2.72
-0.85
-0.84
-1.73
-1.17
1.73
-0.76
-6.39
0.73
1.19
0.14
0.28
-1.02
0.40
-1.90
1.00
0.62
0.06
0.35
-0.30
1.09
-0.95
0.74
0.22
-2.90
0.61
0.00
1.13
-1.17
2.28
-6.91
6.91
1.94
0.08
1.55
0.21
-0.46
1.03
0.18
1.20
0.58
-5.26
0.00
1.52
2.04
-1.34
0.07
1.07
1.53
0.31
-1.93
-3.78
0.23
-2.37
-0.14
1.30
6.91
0.24
0.52
1.43
-1.04
-0.84
1.33
2.60
-1.15
-1.61
0.06
-0.36
-1.82
0.88
1.27
0.32
-6.91
1.69
-1.45
0.75
-0.94
0.00
-0.47
0.20
0.00
0.00
0.00
0.00
0.00
0.00
0.00
0.00
0.00
0.00
0.00
0.00
0.00
0.00
0.00
0.00
0.00
0.00
0.00
-0.35
0.81
-6.91
0.99
-0.44
0.64
-1.10
0.16
-0.91
-1.95
0.44
-0.51
0.07
0.00
6.91
0.00
6.91
-0.93
0.25
-0.21
0.38
0.00
-1.01
-2.00
0.66
1.64
-0.47
0.08
-1.42
0.67
-6.91
0.64
3.80
-0.59
0.84
-0.88
0.00
-0.62
1.88
0.19
-3.66
-0.67
0.00
2.07
-1.75
0.93
-6.91
0.00
2.96
0.51
0.00
-1.63
-0.89
1.16
0.57
2.14
1.91
-3.79
0.00
0.00
-0.29
4.35
0.00
-0.25
-2.04
-1.03
0.62
1.04
-1.18
1.41
-2.18
-6.91
0.00
-1.39
0.00
-1.04
-0.29
6.91
-0.42
-1.02
6.91
1.17
-6.91
0.00
0.54
-6.43
-1.63
-1.75
0.30
-0.99
6.91
0.00
-1.51
0.60
-0.56
-1.40
0.00
0.00
0.00
0.00
0.00
0.00
0.00
0.00
0.00
0.00
0.00
0.00
0.00
0.00
0.00
0.00
0.00
0.00
-0.50
2.19
-0.42
0.50
-6.91
0.00
-3.73
-0.21
-6.91
2.01
1.24
-0.98
0.00
-0.94
0.11
-0.14
0.02
-7.22
-1.59
-1.79
-0.71
-1.73
-0.76
3.42
0.98
-2.40
-1.49
0.00
0.00
0.62
-2.45
1.55
-3.45
-0.73
-0.89
-0.35
-1.29
0.34
2.71
-0.98
0.00
0.90
0.00
0.84
-3.25
1.16
-0.95
0.18
-0.33
-0.52
-3.20
0.09
6.91
0.00
-0.67
-3.41
-2.01
-3.76
1.55
0.29
-0.92
-1.08
0.00
0.00
-1.71
-6.91
-6.91
3.62
1.97
-6.91
2.79
-1.95
-6.91
-2.12
-1.42
0.00
-6.91
-0.32
0.00
-1.38
-2.42
0.00
0.55
-1.29
0.00
0.85
-0.43
-1.95
-0.03
1.53
-6.91
0.00
0.00
-0.90
0.17
-0.78
-0.31
0.00
0.00
0.00
0.00
0.00
0.00
0.00
0.00
0.00
0.00
0.00
0.00
0.00
0.00
0.00
0.00
0.00
0.00
-1.58
0.00
-1.42
1.32
-1.99
0.00
-6.55
0.30
-2.17
0.00
1.97
-1.80
0.00
-1.32
-0.81
-0.75
-1.06
-2.14
-1.72
-3.14
0.42
-0.95
-0.89
0.00
1.12
-5.04
-2.50
0.00
0.00
2.18
-2.58
1.32
-1.38
-0.71
-0.75
-1.74
-0.35
-0.24
0.00
-6.91
0.00
0.82
0.00
0.32
-1.42
1.55
-4.23
0.64
-0.49
-1.37
-0.65
-2.47
0.00
0.00
-0.80
-3.40
-6.05
-1.78
1.06
-0.40
-0.77
0.00
-1.20
-1.01
1.54
0.57
6.91
-5.80
-1.73
1.09
-6.91
0.47
0.88
0.00
0.03
-0.64
1.81
0.26
-0.79
0.00
2.32
-1.18
-2.31
2.51
0.18
-2.95
1.37
7.85
0.15
-1.71
2.45
-1.78
0.22
-0.25
0.00
0.68
-0.11
0.00
0.00
0.00
0.00
0.00
0.00
0.00
0.00
0.00
0.00
0.00
0.00
0.00
0.00
0.00
0.00
0.00
0.00
0.00
-1.30
3.18
-6.91
1.27
0.03
6.91
-1.84
1.51
-0.08
-3.60
0.91
-1.19
0.97
0.00
0.00
0.00
1.18
-0.35
0.98
-0.74
0.19
0.00
-0.48
-2.19
2.64
4.85
-0.09
-1.16
-1.81
1.21
-6.91
1.37
1.37
-0.26
1.14
0.23
0.00
-2.76
0.87
-1.02
-2.78
-1.30
0.00
1.07
-0.86
6.91
-1.97
0.00
3.45
1.98
0.00
-1.20
-0.77
1.35
1.01
6.91
1.30
-6.91
0.00
0.00
-1.05
0.00
0.00
-1.61
-1.46
-2.28
0.85
1.45
-2.34
0.75
-0.99
-1.41
-3.08
-0.50
0.00
-1.26
-0.31
0.00
-4.35
-1.03
0.00
1.76
-1.46
0.00
0.61
-0.89
-3.47
-1.66
3.07
-1.29
0.00
0.00
0.12
-0.46
-1.22
0.23
0.00
0.00
0.00
0.00
0.00
0.00
0.00
0.00
0.00
0.00
0.00
0.00
0.00
0.00
0.00
0.00
0.00
0.00
-1.06
0.00
-3.81
1.12
-6.91
0.00
-2.21
0.69
-1.61
0.00
1.30
-6.91
0.00
-1.74
-0.54
-2.57
0.00
-2.47
-0.92
-0.44
-0.05
-0.91
-0.90
0.00
0.01
-6.91
-1.33
0.00
0.00
1.32
-6.91
1.87
-1.55
-0.86
0.16
-1.61
0.26
-2.99
0.00
-4.12
0.00
2.37
0.00
-1.22
-2.28
1.82
-1.01
1.21
-1.25
-1.84
-1.96
-0.49
0.00
0.00
-4.04
-6.91
-2.83
-1.01
3.43
0.16
-0.53
-0.90
0.00
0.00
-0.26
0.47
-1.46
0.00
0.00
-0.21
0.00
1.26
-1.17
-1.98
0.15
0.00
-1.20
1.66
0.00
-0.93
-2.59
0.00
0.00
-0.71
0.00
0.00
0.61
-0.59
-0.07
0.00
-0.22
0.00
0.00
0.65
-2.74
0.59
1.34
0.00
0.00
0.00
0.00
0.00
0.00
0.00
0.00
0.00
0.00
0.00
0.00
0.00
0.00
0.00
0.00
0.00
0.00
-1.67
0.00
-0.23
0.00
0.33
0.00
-0.21
0.00
0.09
0.00
0.00
0.13
0.00
0.65
-6.91
-1.00
-6.91
-1.48
1.73
1.03
1.62
0.01
-1.03
0.00
0.00
0.18
-1.41
0.00
0.00
0.00
-0.11
0.00
0.02
-1.24
0.84
0.37
3.96
-1.44
0.00
-0.91
0.00
0.00
0.00
-1.42
-1.47
0.00
-0.86
0.00
-2.01
-0.73
-0.99
-1.28
0.00
0.00
-1.72
-1.01
-0.36
-0.18
0.00
-2.65
-2.42
0.15
1.42
6.91
-0.66
-2.31
-0.42
-0.20
-1.31
-2.63
-0.06
-6.91
-0.47
0.21
-4.01
2.22
-0.40
-1.55
4.08
0.08
-0.92
1.69
0.49
-1.08
3.08
0.07
-1.23
-1.65
-1.51
-0.02
-1.19
1.76
1.70
-2.66
0.60
-6.91
-1.81
0.00
0.00
0.00
0.00
0.00
0.00
0.00
0.00
0.00
0.00
0.00
0.00
0.00
0.00
0.00
0.00
0.00
0.00
0.16
0.89
-0.14
-1.07
-0.74
0.93
-0.53
-1.39
-1.27
2.71
-0.58
-1.57
1.23
-6.91
0.73
0.03
-0.06
0.50
-2.24
-6.91
-1.60
-6.91
-0.50
2.01
-0.83
-0.46
0.53
1.00
1.88
-0.19
-0.03
0.42
-0.84
-0.32
-1.98
-6.91
-2.02
1.13
0.66
-1.04
6.91
-0.58
1.07
1.85
-0.56
-0.64
0.02
-0.43
0.85
0.49
-0.57
0.21
0.60
1.32
-1.13
-0.66
-0.06
-0.46
0.10
1.15
0.44
-1.34
0.00
0.00
-1.31
-0.77
-1.03
0.00
1.20
-1.31
0.00
0.25
-1.03
-6.91
0.28
0.00
-0.71
0.23
0.00
-0.99
-2.50
0.00
0.00
-0.65
0.00
2.70
-1.29
-0.89
-0.23
0.00
-1.90
0.00
0.00
0.66
-1.69
0.30
1.38
0.00
0.00
0.00
0.00
0.00
0.00
0.00
0.00
0.00
0.00
0.00
0.00
0.00
0.00
0.00
0.00
0.00
0.00
-2.55
0.00
-0.69
6.91
-1.82
0.00
-1.01
6.91
-0.59
0.00
0.00
-1.97
0.00
-0.25
-0.75
-6.91
-0.81
-3.75
0.87
0.58
0.95
0.50
-2.09
0.00
2.37
-1.69
-1.24
0.00
0.00
1.83
-2.52
0.00
-0.58
-2.86
-0.33
0.13
0.35
-1.64
0.00
-2.19
0.00
0.00
0.00
-1.44
-0.93
1.47
-0.70
0.95
-2.23
-0.94
-2.00
-6.91
0.00
0.00
-0.85
-6.57
-6.91
-2.30
0.00
-1.28
-6.91
-2.24
0.00
0.00
-1.11
-1.00
-6.91
0.78
1.70
-2.40
6.91
-1.10
-1.48
-1.36
0.00
0.00
-2.10
0.48
0.00
-1.08
-6.91
0.00
1.78
-4.53
0.00
2.07
-2.36
-6.91
-0.74
1.49
-6.91
0.00
0.00
-1.10
-1.32
-0.76
0.82
0.00
0.00
0.00
0.00
0.00
0.00
0.00
0.00
0.00
0.00
0.00
0.00
0.00
0.00
0.00
0.00
0.00
0.00
-1.86
0.00
-6.91
6.91
-0.88
0.00
-6.91
1.76
-1.86
0.00
1.91
-1.83
0.00
-0.24
-0.55
-1.45
-1.85
-3.48
0.34
-0.81
-0.35
0.05
-1.02
0.00
0.61
-1.56
-3.26
0.00
0.00
0.54
-1.34
1.71
-2.64
-1.29
0.40
0.08
-0.74
-2.95
0.00
-2.16
0.00
1.27
0.00
-1.07
-4.20
4.11
-6.91
1.86
-0.98
-0.96
-0.65
-0.53
0.00
0.00
-6.91
-2.65
-2.27
-0.72
6.91
-0.20
-0.48
0.00
-1.57
-5.52
0.00
0.00
0.00
0.05
-0.56
0.00
-1.16
6.91
0.00
0.00
1.67
-6.91
0.00
6.91
-1.98
0.00
0.00
-2.19
0.59
0.00
-1.42
0.80
0.00
0.00
6.91
-0.23
0.00
-0.81
-0.96
1.38
0.00
3.32
0.64
0.00
0.00
0.00
0.00
0.00
0.00
0.00
0.00
0.00
0.00
0.00
0.00
0.00
0.00
0.00
0.00
0.00
0.00
0.00
-0.94
0.00
-0.81
0.00
-6.91
0.00
0.18
0.00
-3.67
0.07
0.00
-6.91
2.69
0.00
0.00
0.00
0.00
2.86
0.00
2.60
1.26
0.00
-2.78
0.20
0.00
0.00
-6.91
-1.35
0.12
0.00
-1.15
0.00
0.00
1.30
6.91
1.58
0.00
-0.98
0.00
-6.91
0.24
-1.39
0.00
0.00
0.26
0.00
1.05
0.00
0.00
0.00
0.00
-6.91
-1.39
0.00
0.00
0.00
0.00
0.48
0.00
0.00
-1.18
0.00
0.00
-1.05
-1.77
-0.93
1.37
0.60
-0.67
2.85
-1.24
-1.32
-1.92
0.07
0.00
-1.54
-0.14
0.00
-0.97
-1.76
0.00
2.14
-1.36
0.00
1.29
-1.55
-1.00
-0.40
2.54
-3.24
0.00
0.00
-0.03
-2.23
-0.67
0.78
0.00
0.00
0.00
0.00
0.00
0.00
0.00
0.00
0.00
0.00
0.00
0.00
0.00
0.00
0.00
0.00
0.00
0.00
-1.87
0.00
-3.21
6.91
-1.65
0.00
-1.47
1.26
-1.27
0.00
1.66
-1.63
0.00
0.09
-1.43
-3.60
-0.10
-6.91
0.51
-0.32
0.03
0.19
-0.48
0.00
0.60
-1.08
-1.57
0.00
0.00
3.99
-1.64
1.19
-0.91
-2.25
-0.47
0.31
-0.19
-2.01
0.00
-1.80
0.00
2.41
0.00
-0.35
-1.08
1.06
-2.81
1.89
-2.59
-1.27
-0.95
-2.81
0.00
0.00
-0.68
-1.56
-1.29
-0.79
2.42
-0.74
-1.38
-0.04
0.00
0.00
-1.61
-0.79
-0.66
1.31
0.40
-3.54
2.98
-0.99
-2.60
-2.55
-0.09
0.00
-0.98
-0.53
0.00
-0.41
-0.44
0.00
2.20
-6.91
0.00
1.70
-3.01
-3.12
-0.39
1.77
-6.91
0.00
0.00
-0.16
0.15
-1.20
-1.45
0.00
0.00
0.00
0.00
0.00
0.00
0.00
0.00
0.00
0.00
0.00
0.00
0.00
0.00
0.00
0.00
0.00
0.00
-1.18
0.00
-2.59
0.69
-6.91
0.00
-2.83
1.63
-2.48
0.00
2.98
-0.92
0.00
0.17
0.29
-1.36
-0.63
-6.91
-1.27
-0.87
0.17
-1.96
-1.46
0.00
0.40
-6.91
-1.84
0.00
0.00
2.25
-2.13
0.63
-6.91
-1.43
-1.15
-0.85
-1.23
-0.40
0.00
-1.00
0.00
1.93
0.00
0.93
-1.89
0.90
-0.11
-0.08
-1.26
-0.81
-4.16
-0.57
0.00
0.00
-0.74
-6.91
-0.91
-2.26
0.65
-0.56
-0.74
-0.23
6.91
0.00
-0.97
-1.64
-0.61
0.33
-0.50
-1.86
0.85
-6.91
-1.91
0.72
-0.91
0.00
-0.61
-0.64
1.36
0.22
-1.01
1.21
0.26
-3.36
0.00
-0.05
-2.89
-0.62
-2.27
0.42
-0.30
2.38
0.00
-0.71
0.16
-5.08
-1.43
0.00
0.00
0.00
0.00
0.00
0.00
0.00
0.00
0.00
0.00
0.00
0.00
0.00
0.00
0.00
0.00
0.00
0.00
0.36
1.17
-0.49
0.35
-0.87
2.09
-2.73
-0.71
-1.88
2.25
0.13
-2.15
6.91
-1.46
0.27
0.28
1.23
-1.49
-1.20
-6.91
-1.07
-6.91
0.21
6.91
-0.88
-2.20
0.03
2.65
1.39
-0.58
-0.42
0.61
-1.16
0.07
-6.94
-6.91
-2.14
0.05
1.48
-0.73
1.78
-0.27
6.91
-0.02
-1.07
0.32
-0.35
-0.35
0.50
0.43
-0.26
0.42
1.42
2.12
-1.56
-0.35
-0.06
-2.71
-0.18
0.46
-0.61
-5.02
0.00
0.00
-3.72
-0.82
-2.89
0.00
3.36
-0.80
0.00
-0.17
-1.53
-0.67
-0.64
0.00
-4.31
0.76
0.00
-6.91
-6.91
0.00
0.00
-0.02
0.00
2.84
-0.68
-2.75
-0.43
0.00
-0.44
0.00
0.00
0.90
-1.01
-0.54
1.23
-1.82
-1.11
0.00
0.00
2.92
0.00
-1.03
-1.31
0.00
-0.88
-2.38
0.10
-0.90
-2.44
0.00
-2.12
-0.92
-0.09
0.00
0.00
0.00
0.00
0.00
0.00
0.00
0.00
0.00
0.00
0.00
0.00
0.00
0.00
0.00
0.00
0.00
0.00
0.00
0.00
0.00
0.00
-6.91
0.00
1.34
-1.40
-6.91
0.00
0.00
6.91
-1.55
0.00
-0.00
-2.90
0.98
-0.36
0.64
-1.41
0.00
-1.69
0.00
0.00
0.00
-1.57
-1.12
2.03
-1.55
2.34
-1.20
-2.14
-0.41
-2.95
0.00
0.00
-2.27
-1.61
-0.81
-1.07
0.00
-0.70
-0.83
0.00
-6.91
-2.48
0.00
6.91
0.00
-0.02
-0.49
2.80
-0.86
6.91
0.00
0.00
1.53
-2.00
0.00
2.11
-0.96
0.00
0.00
-2.52
-1.42
6.91
-5.33
-0.65
6.91
0.00
0.47
-0.94
0.00
-3.71
-0.36
0.51
0.00
1.90
1.03
0.00
0.00
-6.91
-0.62
0.49
-1.47
1.56
0.00
-1.05
0.00
0.00
1.65
0.00
0.00
-1.70
0.00
0.00
1.23
0.00
0.00
0.00
0.00
0.00
0.00
0.00
0.00
0.00
0.00
0.00
0.00
0.00
0.00
0.00
0.00
0.00
0.00
0.00
0.00
0.00
0.00
0.00
-6.91
0.27
0.00
0.00
-2.32
-6.91
-0.28
0.00
-0.32
2.58
0.00
1.30
4.58
0.88
0.00
-6.91
0.00
-1.78
-0.27
-1.07
0.00
0.00
-1.47
0.00
-0.50
0.00
0.00
6.91
0.00
-1.67
-1.37
0.00
0.00
0.00
0.00
-0.38
0.00
0.00
-1.98
0.00
0.00
-6.91
-2.48
-1.33
2.23
2.57
-1.53
2.44
-0.32
-2.29
-0.66
-1.22
0.00
-1.51
0.64
0.00
-1.26
-6.91
0.00
6.75
-1.79
0.00
2.22
-0.47
-0.99
0.01
2.07
-1.29
0.00
0.00
0.11
-1.47
-1.17
0.73
-2.54
-6.91
0.00
0.00
2.60
0.99
-0.97
-3.43
1.33
-1.74
-0.63
-0.57
-2.35
-4.89
0.00
-0.69
-1.24
-0.48
0.00
0.00
0.00
0.00
0.00
0.00
0.00
0.00
0.00
0.00
0.00
0.00
0.00
0.00
0.00
0.00
0.00
0.00
0.00
0.00
0.00
0.00
-1.12
0.00
1.49
-2.49
-6.91
0.00
0.00
6.91
-1.46
1.57
-0.67
-0.94
-0.13
0.14
-0.06
-1.20
0.00
-1.19
0.00
6.91
0.00
-0.52
-0.86
3.99
-6.91
1.58
-0.73
-1.14
-1.26
-1.47
0.00
0.00
-6.91
-1.69
-1.87
-0.71
1.13
-0.45
-1.25
6.91
-0.03
0.02
6.91
1.17
1.60
-4.36
-6.91
0.91
-1.18
0.69
1.90
6.91
-0.18
-0.14
2.59
-0.13
0.06
6.91
2.13
-0.61
-6.91
1.51
0.55
-6.91
0.61
1.81
0.24
-5.51
2.43
0.03
0.03
-0.81
0.00
0.51
-0.51
6.91
1.54
-1.06
0.52
-3.16
-2.77
-0.15
1.03
-1.46
0.69
0.00
-0.88
1.89
1.80
0.56
1.04
0.12
-0.40
0.00
0.00
0.00
0.00
0.00
0.00
0.00
0.00
0.00
0.00
0.00
0.00
0.00
0.00
0.00
0.00
0.00
0.00
0.00
0.00
0.00
0.00
2.00
-0.46
-2.93
1.05
1.02
-0.01
0.72
-6.91
2.50
-6.91
0.73
6.91
-0.63
-0.14
-0.28
0.00
-1.56
0.17
-0.94
-2.97
-0.44
0.00
0.57
-6.91
1.57
-6.83
0.00
6.91
1.53
0.00
-1.65
-0.12
6.91
1.36
6.91
0.65
-6.91
0.00
0.00
-0.76
0.00
0.00
-1.62
-6.91
-2.51
0.19
0.76
-1.28
0.44
-0.78
-2.56
-1.43
-0.88
0.00
-0.75
-0.87
0.00
-0.32
-0.79
0.00
1.01
-6.91
0.00
1.28
-3.69
-2.12
-0.71
3.78
-2.52
0.00
0.00
-0.54
0.15
-1.49
-0.10
-0.26
-1.88
0.00
0.00
0.85
0.05
-1.79
-1.56
0.50
-1.60
-0.60
-1.42
-0.06
-6.91
0.00
-2.63
-1.36
-0.85
0.00
0.00
0.00
0.00
0.00
0.00
0.00
0.00
0.00
0.00
0.00
0.00
0.00
0.00
0.00
0.00
0.00
0.00
0.00
0.00
0.00
0.00
-0.21
0.00
0.31
-1.74
-0.98
0.00
0.00
0.38
-3.71
1.82
-1.07
-0.48
-0.89
-0.31
0.24
-0.99
0.00
-1.89
0.00
1.19
0.00
-0.05
-0.81
1.55
-1.22
0.86
-0.57
-1.74
-5.14
-0.86
0.00
0.00
-1.22
-2.88
-1.15
-6.91
2.13
-0.19
-1.50
0.00
-1.15
-6.91
0.00
0.00
0.00
0.03
-0.62
0.00
-0.91
1.17
0.00
0.00
2.39
-1.55
0.00
1.04
-2.36
0.00
0.00
-1.38
0.49
0.00
-6.91
-0.06
0.00
0.00
6.91
-1.00
0.00
-2.74
-0.74
0.93
0.00
6.91
0.68
0.00
0.00
-6.91
-6.91
-0.41
-0.08
0.00
0.00
-0.88
0.00
0.00
3.19
0.00
0.00
-6.91
0.00
0.00
6.91
0.00
0.00
0.00
0.00
0.00
0.00
0.00
0.00
0.00
0.00
0.00
0.00
0.00
0.00
0.00
0.00
0.00
0.00
0.00
0.00
0.00
0.00
0.00
-2.87
0.20
0.00
0.00
-2.79
-1.43
-0.94
0.00
-0.27
0.00
0.00
1.02
1.38
1.94
0.00
-0.98
0.00
-1.35
-0.93
-3.18
0.00
0.00
0.15
0.00
0.69
0.00
0.00
0.00
0.00
-0.67
-1.35
0.00
0.00
0.00
0.00
-1.25
0.00
0.00
-0.51
0.00
0.00
-0.89
-6.91
-1.22
1.48
0.89
-1.12
6.91
-1.19
-6.91
-0.23
-0.69
0.00
-0.96
-0.27
0.00
-0.57
-6.91
0.00
1.48
-1.07
0.00
0.03
-0.74
-6.91
-0.73
1.33
-6.91
0.00
0.00
-1.15
0.13
-2.22
0.01
-0.64
-3.58
0.00
0.00
1.47
3.32
-2.98
-2.85
2.23
-1.97
-0.74
-0.57
-0.81
-1.14
0.00
-3.10
-1.09
-2.24
0.00
0.00
0.00
0.00
0.00
0.00
0.00
0.00
0.00
0.00
0.00
0.00
0.00
0.00
0.00
0.00
0.00
0.00
0.00
0.00
0.00
0.00
-0.58
0.00
0.59
-6.91
-1.18
0.00
0.00
0.26
-3.46
1.21
-0.92
-0.63
-0.22
-1.06
-0.43
-0.68
0.00
-1.73
0.00
6.91
0.00
-0.68
-6.91
0.79
-2.00
0.44
-0.97
-1.59
-6.91
-2.29
0.00
0.00
-1.59
-4.15
-1.11
-1.32
1.17
-0.33
-0.07
0.99
-0.28
0.15
1.15
1.22
0.95
-6.91
-2.17
0.72
-1.20
-0.48
1.42
6.91
-0.62
0.32
1.06
-1.81
-0.91
6.91
0.35
-0.17
-3.60
0.34
-0.46
-1.59
0.29
0.33
-0.48
-1.11
0.72
-0.11
-0.00
-1.58
0.00
0.46
-1.39
0.90
1.45
-1.12
0.21
-2.32
-6.91
-0.20
0.58
-1.22
0.80
0.00
0.10
6.91
1.91
0.68
2.07
0.26
0.27
0.00
0.00
0.00
0.00
0.00
0.00
0.00
0.00
0.00
0.00
0.00
0.00
0.00
0.00
0.00
0.00
0.00
0.00
0.00
0.00
0.00
0.00
6.91
-0.50
-6.91
1.06
1.81
0.48
-0.52
-2.74
0.68
-0.74
-0.15
1.38
-0.72
-1.04
-0.75
6.91
0.25
1.10
0.49
-6.91
0.15
0.00
0.37
-6.91
1.21
-1.63
1.31
1.06
1.26
1.21
0.29
-0.32
2.08
0.64
2.77
1.10
-1.02
0.00
1.38
-0.85
3.22
0.00
-1.82
-1.66
-1.91
1.80
1.10
-2.74
0.30
-2.82
-1.16
-0.76
-0.58
0.00
-1.19
-0.67
2.81
-0.20
-0.59
3.33
1.19
-1.22
0.00
-0.23
-1.63
-3.27
-0.43
0.59
-3.33
6.91
0.00
-2.22
0.34
-2.44
-0.44
-0.11
-0.67
6.91
0.00
0.09
0.38
-6.91
-3.97
0.50
-0.78
-0.45
-0.56
-0.28
-1.13
0.00
-0.45
-6.91
-1.56
0.00
0.00
0.00
0.00
0.00
0.00
0.00
0.00
0.00
0.00
0.00
0.00
0.00
0.00
0.00
0.00
0.00
0.00
0.00
0.00
0.00
0.00
0.13
6.91
0.99
-1.97
-0.29
0.00
0.00
0.16
-4.36
1.59
-3.99
-0.42
-0.94
-0.38
0.07
-1.35
6.91
-6.91
0.00
0.13
0.00
-0.55
-1.11
0.38
-0.95
0.70
-1.21
-2.43
-6.91
-1.17
6.91
0.00
-0.98
-2.20
-1.61
-6.91
0.66
0.27
-0.86
0.00
-1.40
-0.53
0.00
0.00
0.00
-0.47
0.03
4.32
-1.22
0.80
0.00
0.00
1.02
-1.31
0.00
0.49
-1.75
0.00
0.00
-1.37
-1.26
0.00
-2.54
0.28
1.47
0.00
4.24
-0.85
0.00
-6.91
-1.68
0.47
0.00
1.33
1.16
0.00
0.00
-6.91
-2.52
-0.63
-1.23
6.91
0.00
-1.51
0.00
0.00
6.77
0.00
0.00
-1.39
0.00
0.00
4.19
0.00
0.00
0.00
0.00
0.00
0.00
0.00
0.00
0.00
0.00
0.00
0.00
0.00
0.00
0.00
0.00
0.00
0.00
0.00
0.00
0.00
0.00
0.00
-6.91
0.03
0.00
0.00
-1.02
-1.90
-0.14
0.00
-0.06
6.91
0.00
1.88
1.56
0.51
0.00
-0.91
0.00
-0.99
-1.60
-5.69
0.00
0.00
-1.22
0.00
0.05
0.00
0.00
2.32
0.00
-1.80
-2.44
0.00
0.00
0.00
0.00
-1.04
0.00
0.00
0.00
-2.22
-1.17
1.32
0.54
6.91
-3.07
-6.91
0.65
-1.38
-0.39
4.03
0.00
0.22
0.57
1.27
0.52
-0.45
0.00
1.34
-0.76
-1.41
1.09
-0.97
-1.31
1.82
0.77
0.04
-6.91
6.91
-1.68
-0.28
0.40
0.00
-0.06
0.07
0.00
2.56
-0.58
0.03
-6.91
-1.70
0.98
1.57
-6.91
3.36
0.00
-0.41
0.00
2.73
-1.09
6.91
0.51
0.41
0.00
0.00
0.00
0.00
0.00
0.00
0.00
0.00
0.00
0.00
0.00
0.00
0.00
0.00
0.00
0.00
0.00
0.00
0.00
0.00
0.00
0.00
0.00
-0.41
-2.21
1.49
2.77
-0.73
-0.88
-6.91
0.85
-6.91
0.50
6.91
-0.45
1.22
-0.98
0.00
-2.31
2.35
-1.23
-6.91
-0.23
0.00
0.83
-2.95
1.62
-0.91
0.00
6.91
0.73
0.00
-0.67
-0.94
6.91
1.69
1.59
1.37
-1.50
0.00
0.00
-1.72
0.00
0.00
-6.91
-1.18
-6.91
3.23
0.54
-1.80
2.02
-0.39
-1.49
-1.24
-1.92
0.00
-1.62
-1.22
0.00
-3.85
-1.46
0.00
1.88
-6.91
0.00
1.08
-2.11
-1.19
-0.33
1.24
-6.91
0.00
0.00
-1.48
-0.95
-2.23
-1.12
-1.06
-1.51
0.00
0.00
1.10
1.58
-0.57
-6.91
1.02
-1.65
0.05
-1.64
-2.44
-1.69
0.00
-6.91
-1.87
-1.48
0.00
0.00
0.00
0.00
0.00
0.00
0.00
0.00
0.00
0.00
0.00
0.00
0.00
0.00
0.00
0.00
0.00
0.00
0.00
0.00
0.00
0.00
-1.51
0.00
0.20
-1.80
-2.06
0.00
0.00
1.34
-2.03
1.96
-0.91
-1.22
0.03
-0.37
-0.49
-0.50
0.00
-2.63
0.00
6.31
0.00
-0.08
-6.91
2.82
-2.42
1.75
-0.48
-6.91
-2.21
-1.73
0.00
0.00
-1.59
-6.91
-3.30
-1.50
0.60
-0.66
-1.62
0.00
-1.87
-6.91
0.00
0.00
0.00
-0.28
0.63
0.00
-0.80
2.63
0.00
0.00
2.14
-2.08
0.00
0.97
-3.43
0.00
0.00
-2.17
-0.06
0.00
-3.49
0.43
0.00
0.00
1.76
-0.82
0.00
-5.62
-0.60
2.22
0.00
4.53
1.71
0.00
0.00
-3.26
-1.11
-0.56
-0.02
0.00
0.00
-0.05
0.00
0.00
6.91
0.00
0.00
-6.91
0.00
0.00
2.02
0.00
0.00
0.00
0.00
0.00
0.00
0.00
0.00
0.00
0.00
0.00
0.00
0.00
0.00
0.00
0.00
0.00
0.00
0.00
0.00
0.00
0.00
0.00
-6.91
-0.37
0.00
0.00
-6.91
-4.79
-0.25
0.00
-0.25
0.00
0.00
1.71
4.27
2.61
0.00
-3.41
0.00
-2.58
0.01
-3.82
0.00
0.00
0.05
0.00
0.67
0.00
0.00
0.00
0.00
-1.32
-1.24
0.00
0.00
0.00
0.00
0.07
0.00
0.00
0.55
1.95
1.80
0.12
-0.87
-0.70
-0.73
-0.94
-0.63
0.91
-6.91
-0.30
-0.63
-1.46
2.85
-1.16
-1.13
0.90
0.13
0.07
1.94
-0.31
-0.96
2.43
0.28
-0.57
-0.72
-3.01
0.73
-0.84
2.46
2.59
-2.06
1.01
-6.91
-0.47
-0.63
-0.01
1.34
6.91
-1.08
0.70
-1.22
-1.07
0.37
-0.75
0.65
-1.89
-0.10
-1.35
6.91
0.39
0.19
-1.55
0.00
0.00
0.00
0.00
0.00
0.00
0.00
0.00
0.00
0.00
0.00
0.00
0.00
0.00
0.00
0.00
0.00
0.00
0.00
0.00
0.00
0.00
0.21
1.05
0.17
-1.83
0.33
6.91
1.86
-0.31
-0.28
-0.58
-0.76
-0.03
-2.02
-1.32
-2.34
0.29
0.42
-0.94
2.95
-0.48
3.22
0.22
-0.91
-0.52
-0.61
-1.17
0.21
-0.74
-1.24
-0.08
0.72
4.46
-0.55
-0.63
-1.05
-0.67
0.13
1.15
0.54
-2.36
0.00
0.00
-1.01
-0.05
-0.14
0.00
0.00
-0.43
0.00
0.09
0.21
-1.44
0.98
0.00
-1.89
0.53
0.00
-2.92
-1.39
0.00
0.00
-0.17
0.00
0.00
-0.14
-0.78
0.52
0.00
-0.02
0.00
0.00
0.09
-1.48
0.49
2.13
-2.12
-2.19
0.00
0.00
0.00
0.00
-0.24
-0.85
0.00
-1.52
-1.70
-0.04
-1.38
-0.81
0.00
-0.61
-0.53
1.38
0.00
0.00
0.00
0.00
0.00
0.00
0.00
0.00
0.00
0.00
0.00
0.00
0.00
0.00
0.00
0.00
0.00
0.00
0.00
0.00
0.00
0.00
-1.70
0.00
0.00
0.43
-1.20
0.00
0.00
0.00
0.20
0.00
0.25
0.27
1.87
0.10
2.67
-0.88
0.00
0.25
0.00
0.00
0.00
-6.91
-0.90
0.00
-0.59
0.00
-0.66
-0.41
-0.24
-1.54
0.00
0.00
-0.89
-0.32
-0.30
-0.55
0.00
-0.83
-0.13
-1.20
0.00
0.00
-1.21
-0.36
-1.94
0.00
1.29
-0.80
0.00
0.52
-2.01
-2.32
-0.42
0.00
-2.09
0.65
0.00
-2.01
-1.08
0.00
0.00
-1.70
0.00
6.91
-0.27
-1.07
0.14
0.00
-1.69
0.00
0.00
0.79
-1.08
-0.22
0.33
-6.91
-2.85
0.00
0.00
3.22
2.75
-0.73
-0.39
0.00
-0.59
-1.61
-0.01
-6.91
-4.52
0.00
-0.87
-1.55
-0.21
0.00
0.00
0.00
0.00
0.00
0.00
0.00
0.00
0.00
0.00
0.00
0.00
0.00
0.00
0.00
0.00
0.00
0.00
0.00
0.00
0.00
0.00
-6.91
0.00
1.19
-1.87
-2.17
0.00
0.00
1.37
-0.73
0.00
-1.13
-2.32
-0.36
-0.16
0.70
-6.91
0.00
-1.52
0.00
0.00
0.00
-0.29
-0.65
2.75
-0.82
3.42
-6.91
-2.33
-0.70
-1.33
0.00
0.00
-2.85
-5.35
-6.91
-0.37
0.00
-2.54
-1.89
-1.14
0.00
0.00
-1.14
0.13
-0.21
0.00
0.00
-0.19
0.00
1.13
-0.79
-0.65
1.05
0.00
-0.13
0.64
0.00
-1.01
-0.83
0.00
0.00
-0.54
0.00
0.00
-0.75
-0.86
1.58
0.00
-0.06
0.00
0.00
0.18
-6.91
-0.24
0.59
-1.67
-0.33
0.00
0.00
0.00
0.00
-0.38
-0.33
0.00
-0.33
-1.68
0.95
-1.76
-2.20
0.00
-1.71
0.48
0.08
0.00
0.00
0.00
0.00
0.00
0.00
0.00
0.00
0.00
0.00
0.00
0.00
0.00
0.00
0.00
0.00
0.00
0.00
0.00
0.00
0.00
0.00
-2.02
0.00
0.00
-0.60
-1.66
0.00
0.00
0.00
-1.16
0.00
0.16
-1.15
0.64
0.03
1.03
-0.95
0.00
-1.00
0.00
0.00
0.00
-1.23
-1.30
0.00
-0.77
0.00
-1.20
-0.31
-0.23
-1.23
0.00
0.00
-0.46
-1.06
-0.71
-1.17
0.00
-6.91
-0.69
-3.45
0.00
0.00
-0.82
-1.52
-1.23
1.96
1.49
-1.04
6.91
-0.58
-6.91
-1.12
-0.43
0.00
-6.91
-0.60
0.00
-0.56
-2.29
0.00
6.91
-2.10
0.00
0.55
-0.89
-0.52
0.06
2.21
-6.91
0.00
0.00
0.06
-0.96
-1.16
-0.58
-1.36
-2.05
0.00
0.00
1.30
2.54
-1.42
-0.82
1.88
-4.83
-0.87
0.53
-1.22
-3.85
0.00
-6.91
-0.80
0.30
0.00
0.00
0.00
0.00
0.00
0.00
0.00
0.00
0.00
0.00
0.00
0.00
0.00
0.00
0.00
0.00
0.00
0.00
0.00
0.00
0.00
0.00
-0.47
0.00
0.66
-1.48
-1.54
0.00
0.00
1.77
-1.53
2.06
-1.90
-6.91
-0.26
-1.15
0.11
-2.02
0.00
-1.64
0.00
1.16
0.00
0.38
-4.17
0.77
-3.90
0.43
-1.52
-6.91
-2.67
-0.76
0.00
0.00
-1.57
-1.31
-1.32
-0.70
1.12
0.20
-6.91
-0.15
0.23
4.18
-0.69
-0.66
-1.25
0.03
-0.87
-3.18
0.07
-2.31
-0.95
0.05
-1.76
2.74
-0.53
-6.91
0.82
-0.08
-0.91
1.35
-0.26
-0.58
3.19
-1.20
-0.71
0.06
-6.91
-0.06
0.06
0.38
6.91
-2.36
0.86
-4.66
-1.20
0.09
-0.24
2.82
6.91
-0.52
0.42
-2.76
-0.31
-0.82
-0.09
1.37
-4.15
-0.53
-0.39
0.82
-0.16
-1.18
-2.11
0.00
0.00
0.00
0.00
0.00
0.00
0.00
0.00
0.00
0.00
0.00
0.00
0.00
0.00
0.00
0.00
0.00
0.00
0.00
0.00
0.00
0.00
0.32
1.85
0.06
-1.01
0.15
1.09
1.57
-0.25
-1.54
0.25
-1.43
0.25
-4.07
-1.43
-1.86
1.13
0.56
-1.95
6.91
-0.05
0.92
0.47
-1.21
0.34
-0.50
-0.70
-0.31
-0.72
-0.46
-0.20
2.36
0.87
-0.80
-1.27
-0.57
-0.31
0.20
1.78
0.01
0.48
0.78
0.00
-1.43
-0.63
-2.43
0.76
0.31
-2.23
0.77
-6.91
-1.25
-0.02
-1.47
0.00
-0.16
-5.84
4.13
-0.80
-0.54
6.91
0.26
-3.59
0.00
-0.68
-0.35
-2.02
-1.08
0.55
-0.26
1.11
0.00
-1.93
0.98
-1.35
-0.68
-0.98
0.03
1.04
0.00
-0.09
0.19
-0.42
-1.16
0.47
-1.01
0.11
-1.94
0.49
-0.90
0.00
-1.21
-0.06
-6.91
0.00
0.00
0.00
0.00
0.00
0.00
0.00
0.00
0.00
0.00
0.00
0.00
0.00
0.00
0.00
0.00
0.00
0.00
0.00
0.00
0.00
0.00
-0.63
1.45
-0.60
-1.68
-0.46
6.91
0.00
0.31
-0.65
0.21
-2.87
0.41
-0.92
-2.06
-1.93
-0.22
1.75
-0.41
6.91
0.14
0.00
1.30
-1.83
0.32
-1.51
-0.80
0.13
-0.13
-2.35
0.66
0.94
6.91
-0.14
-2.05
0.20
-2.52
1.18
1.98
1.05
0.71
1.05
6.91
-0.33
-0.29
0.29
-0.13
-0.25
-1.75
0.19
-3.12
-0.87
0.92
-2.16
1.65
0.49
-1.40
0.37
0.77
-0.56
0.90
-0.69
-1.61
0.75
-0.70
-1.16
0.15
-0.98
-0.47
0.05
0.58
1.50
-1.15
0.37
-1.65
-2.13
0.03
-0.10
0.29
3.14
-1.37
-0.95
-1.05
0.17
-0.87
-0.11
3.19
-1.38
0.17
-0.43
1.19
-0.71
-0.85
-0.88
0.00
0.00
0.00
0.00
0.00
0.00
0.00
0.00
0.00
0.00
0.00
0.00
0.00
0.00
0.00
0.00
0.00
0.00
0.00
0.00
0.00
0.00
0.58
0.04
-2.19
-0.09
-0.30
1.25
1.69
-0.86
-0.84
-0.33
-1.27
0.74
-1.35
-0.86
-1.33
0.02
1.29
0.14
1.67
-0.04
0.44
0.86
-0.65
-0.34
0.49
-0.65
0.80
-0.07
-0.67
0.89
-0.08
2.48
-0.19
-0.49
-0.49
-1.23
0.09
6.91
0.38
0.28
1.27
6.91
-0.94
-0.57
-1.72
0.71
-0.84
-0.62
0.44
-1.75
-1.67
-0.23
-1.29
2.92
-1.44
-6.91
6.91
-0.90
0.33
3.39
0.35
-3.04
6.91
-0.44
-2.55
-1.98
-1.30
0.44
-1.09
0.80
1.93
-2.23
1.18
-2.33
-1.33
0.29
-0.38
1.25
3.56
-1.04
-0.50
-0.96
-0.15
0.27
-0.23
0.58
-6.91
0.73
-0.70
6.91
-0.43
-0.02
-2.06
0.00
0.00
0.00
0.00
0.00
0.00
0.00
0.00
0.00
0.00
0.00
0.00
0.00
0.00
0.00
0.00
0.00
0.00
0.00
0.00
0.00
0.00
0.67
2.12
0.01
-1.49
-0.20
2.66
1.34
0.30
-1.92
-0.48
-2.55
0.38
-1.67
-1.14
-0.72
0.41
0.74
-0.64
1.18
0.50
2.69
1.09
-0.32
-0.94
0.39
-0.74
0.16
-0.15
-1.42
1.02
1.00
3.08
-1.19
-1.02
-0.49
-0.44
0.04
0.79
1.23
-6.91
0.00
0.00
-6.82
-0.07
-2.17
0.00
1.28
-0.97
0.00
-0.23
-1.43
-1.83
0.37
0.00
-0.83
0.30
0.00
-2.72
-1.98
0.00
0.00
-0.05
0.00
1.04
-0.35
-2.37
-0.29
0.00
-1.29
0.00
0.00
0.26
-2.38
0.22
0.60
-6.91
-6.91
0.00
0.00
1.66
0.00
-1.15
-0.96
0.00
-1.96
-0.87
0.01
-0.93
-2.08
0.00
-0.62
-0.89
0.36
-3.63
0.00
-0.93
2.10
-0.18
0.00
-0.82
2.04
-0.35
0.00
0.00
-2.62
0.00
0.52
-1.05
-1.31
-3.09
-2.49
0.47
0.51
1.07
-0.39
0.00
0.00
0.00
0.00
0.00
0.00
0.00
0.00
0.00
0.00
0.00
0.00
0.00
0.00
0.00
-3.60
0.00
-1.87
0.00
0.00
0.00
-2.47
-0.75
2.21
-1.36
6.91
-1.23
-1.47
0.20
-6.91
0.00
0.00
-6.91
-1.93
-2.70
-1.85
0.00
-0.60
-1.00
0.00
-2.45
-2.08
0.00
6.91
0.00
-0.64
0.05
1.77
-0.85
1.22
0.00
0.00
2.88
-1.90
0.00
0.45
-2.19
0.00
0.00
-1.88
-0.20
1.36
-4.50
-1.05
3.29
0.00
0.64
-2.12
0.00
-1.70
-0.74
0.26
0.00
6.91
0.23
0.00
0.00
-6.91
-6.91
0.46
-0.72
6.91
0.00
-2.14
0.00
0.00
1.10
0.00
0.00
-1.51
0.00
0.00
6.91
0.00
-6.91
0.00
-1.52
0.00
-2.35
0.00
-0.86
1.63
-6.91
-0.37
0.00
-0.86
0.86
0.00
0.00
0.00
0.00
0.32
1.16
1.50
1.63
0.00
0.00
0.00
0.00
0.00
0.00
0.00
0.00
0.00
0.00
0.00
0.00
0.00
0.00
0.00
0.00
-6.91
0.00
-2.67
-0.31
-3.14
0.00
0.00
-0.33
0.00
0.34
0.00
0.00
6.91
0.00
-6.91
-3.10
0.00
0.00
0.00
0.00
-2.45
0.00
0.00
1.26
-0.97
1.20
0.21
0.39
0.85
-0.71
-6.91
0.44
-0.81
0.23
1.03
1.93
-0.72
0.75
1.04
-0.22
0.71
1.43
2.92
-0.78
-0.82
-0.15
-0.20
-1.31
-0.43
0.45
-0.91
-1.04
0.75
-0.36
1.34
-0.98
6.91
-0.09
-0.26
2.21
1.24
0.29
0.51
-1.63
-2.49
0.40
0.54
-6.91
0.46
0.00
0.12
6.91
0.17
-0.01
1.57
0.93
0.40
0.80
-1.03
1.62
-1.78
-0.34
-0.54
0.72
-6.91
-0.28
0.04
-1.75
0.46
0.32
0.12
0.00
2.84
0.00
0.34
-0.18
-0.19
-0.67
0.16
0.00
0.00
0.00
0.00
0.00
0.00
0.00
0.00
0.00
0.00
0.00
0.00
0.00
0.00
0.00
0.94
0.55
-0.21
0.33
-0.79
1.15
0.00
0.27
-1.60
2.87
-1.85
1.23
0.53
0.27
6.91
0.33
-0.24
0.60
0.21
2.99
0.30
-1.48
0.00
1.26
-0.22
0.00
0.00
-1.20
-1.23
-1.11
1.15
0.73
-1.20
1.04
-3.72
-3.96
-2.42
-2.39
0.00
-1.80
-0.32
0.00
-1.46
-3.27
0.00
1.06
-6.91
0.00
0.08
-6.91
-6.91
-0.52
0.41
-6.91
0.00
0.00
-1.52
-1.34
-1.56
-0.61
-1.10
-2.99
0.00
0.00
-0.17
0.61
-6.91
-1.34
2.11
-1.92
-0.75
-0.33
-1.16
-3.45
0.00
-2.65
-6.91
-0.76
-1.04
0.00
-0.98
1.34
-6.91
0.00
-2.90
-0.21
-2.42
0.00
2.46
-2.30
0.00
-0.31
-0.17
-1.51
0.40
-1.97
-0.94
-1.88
-0.70
-2.29
0.00
0.00
0.00
0.00
0.00
0.00
0.00
0.00
0.00
0.00
0.00
0.00
0.00
0.00
0.00
-0.96
0.00
-6.91
0.00
2.95
0.00
0.27
-6.91
0.88
-0.75
-0.16
-0.02
-1.33
-1.36
-0.87
0.00
0.00
-1.89
-2.19
-3.84
-1.79
0.45
0.51
-0.49
-1.50
0.00
0.00
-3.29
-1.26
-1.42
1.52
1.01
-1.35
0.00
-0.63
-0.69
-1.37
-0.53
0.00
-6.91
-0.39
0.00
-1.20
-6.91
0.00
6.91
-0.71
0.00
1.23
-0.62
-1.17
-0.85
6.91
-1.61
0.00
0.00
-0.27
-0.89
-0.70
1.18
-6.91
-6.91
0.00
0.00
1.57
1.29
-1.68
-0.89
2.25
-1.84
-0.50
-0.54
-1.19
-6.91
0.00
-1.22
-0.22
-0.69
-2.49
0.00
-6.91
0.91
-2.43
0.00
-6.91
0.76
-1.14
0.00
6.91
-0.82
0.00
-0.27
-2.21
-2.28
-1.73
-1.22
0.37
-0.78
-0.51
-0.28
0.00
0.00
0.00
0.00
0.00
0.00
0.00
0.00
0.00
0.00
0.00
0.00
0.00
0.00
0.00
-6.91
0.00
-0.38
0.00
6.91
0.00
-0.44
-3.57
2.01
-6.91
0.40
-0.99
-2.26
-1.08
-6.91
0.00
0.00
-2.43
-1.71
-2.85
-1.47
5.50
-0.58
-2.04
0.00
-6.91
-1.63
0.00
0.00
0.00
0.41
-0.63
0.00
-0.11
6.91
0.00
0.00
1.64
-0.87
0.00
3.56
-2.63
0.00
0.00
-6.91
-1.14
0.00
-6.91
0.05
0.00
0.00
6.91
-0.26
0.00
-0.90
-1.86
6.91
0.00
3.25
0.37
0.00
0.00
-0.88
-6.91
0.48
-0.20
0.00
0.00
-1.65
0.00
0.00
3.04
0.00
0.00
-1.42
0.00
0.00
3.19
0.00
-6.91
0.00
-0.06
0.00
-6.91
0.00
0.89
0.00
-2.09
-0.00
0.00
-6.91
2.98
0.00
0.00
0.00
0.00
0.67
6.91
2.12
6.91
0.00
0.00
0.00
0.00
0.00
0.00
0.00
0.00
0.00
0.00
0.00
0.00
0.00
0.00
0.00
0.00
-1.40
0.00
-6.91
-0.53
-0.79
0.00
0.00
0.02
0.00
0.51
0.00
0.00
0.00
0.00
-6.39
-2.42
0.00
0.00
0.00
0.00
-0.98
0.00
0.00
0.00
-1.19
-6.91
0.00
0.00
0.00
0.35
-0.14
0.00
-1.04
6.91
0.00
0.00
2.27
-6.91
0.00
0.74
-6.91
0.00
0.00
-1.38
-0.28
0.00
-6.91
-0.29
0.00
0.00
1.59
0.28
0.00
-1.36
-2.13
1.69
0.00
6.91
1.05
0.00
0.00
-1.39
-1.26
0.71
0.66
0.00
0.00
-1.05
0.00
0.00
2.00
0.00
0.00
-6.91
0.00
0.00
3.62
0.00
-1.36
0.00
-0.62
0.00
-2.78
0.00
0.12
0.00
-2.92
-0.98
0.00
-6.91
3.60
0.00
0.00
0.00
0.00
6.91
0.00
1.44
6.91
0.00
0.00
0.00
0.00
0.00
0.00
0.00
0.00
0.00
0.00
0.00
0.00
0.00
0.00
0.00
0.00
-1.26
0.00
-6.91
-0.90
-6.91
0.00
0.00
-0.59
0.00
1.00
0.00
0.00
0.00
0.00
-0.84
-2.87
0.00
0.00
0.00
0.00
0.32
0.00
0.00
6.91
0.09
-0.70
2.32
1.42
2.46
-6.91
-6.91
-0.19
-0.91
0.61
1.27
6.91
0.39
0.66
1.46
-1.15
-0.84
3.14
1.16
-0.21
-3.87
1.19
-0.35
-1.75
0.25
1.21
-1.00
-6.91
1.07
-1.28
0.35
-1.06
0.00
-0.80
-1.04
2.62
6.91
-0.39
-0.52
-1.42
-6.91
0.39
0.21
-6.91
2.20
0.00
0.09
6.91
0.83
0.40
0.92
1.96
-0.58
2.62
-1.51
0.91
-2.83
1.41
-0.66
0.51
-1.35
0.99
-0.26
-1.54
1.39
0.27
-0.40
0.00
6.91
0.00
2.03
-0.04
0.51
-0.16
-0.04
0.00
0.00
0.00
0.00
0.00
0.00
0.00
0.00
0.00
0.00
0.00
0.00
0.00
0.00
0.00
1.40
-0.60
1.73
-0.70
-2.61
-0.81
0.00
2.30
-2.23
1.06
-4.31
2.22
0.89
0.53
0.00
-0.38
-0.31
3.34
0.93
1.47
1.00
-1.11
0.00
0.00
-5.82
0.00
0.00
-1.39
-0.81
-1.10
1.13
1.34
-0.75
2.05
-0.94
-2.73
-0.36
-0.07
0.00
-6.91
-0.41
0.00
-2.24
-4.61
0.00
1.52
-1.25
0.00
0.60
-2.31
-2.25
0.15
6.91
-2.58
0.00
0.00
-1.21
-1.82
-0.09
-0.53
-0.65
-2.31
0.00
0.00
0.44
0.90
-2.67
-1.90
2.97
-4.37
-1.44
-0.09
-0.34
-1.89
0.00
-1.70
-0.74
-0.25
-1.71
0.00
-1.72
2.20
-1.74
0.00
-6.91
0.71
-7.52
0.00
1.69
-1.41
0.00
-0.78
0.14
-1.21
-0.48
-0.86
-0.85
-1.50
-0.46
-0.02
0.00
0.00
0.00
0.00
0.00
0.00
0.00
0.00
0.00
0.00
0.00
0.00
0.00
0.00
0.00
-0.44
0.00
-1.08
0.00
4.93
0.00
0.16
-6.91
0.92
-0.81
0.46
-0.55
-1.28
-0.60
-2.07
0.00
0.00
-0.82
-3.02
-1.07
-3.43
1.58
0.01
-1.90
0.00
-0.33
-0.55
1.86
0.43
1.15
-6.91
-6.91
0.28
-6.91
-0.17
1.32
0.00
0.73
-0.80
1.52
0.53
-0.64
0.00
6.91
-0.51
-1.22
0.37
0.01
-1.68
0.85
1.46
-0.28
-6.91
6.91
-0.30
-0.07
0.76
0.00
-0.33
-0.14
0.00
6.91
-2.02
-0.68
-1.26
-6.91
0.34
0.52
-6.91
6.91
0.00
-0.30
0.00
4.15
0.35
1.10
0.40
0.36
0.00
-0.90
6.91
-1.60
0.60
-0.78
2.64
-1.01
0.08
-0.63
-1.67
1.03
-0.85
-0.73
0.00
0.00
0.00
1.66
0.00
-0.22
-0.46
1.00
0.00
0.00
0.00
0.00
0.00
0.00
0.00
0.00
0.00
0.00
0.00
0.00
0.00
0.00
0.00
0.00
-1.44
0.55
-0.81
-6.91
0.33
0.00
5.01
-6.91
1.50
-2.36
0.00
2.64
0.24
0.00
-2.11
-0.10
1.37
4.21
2.18
0.91
-6.91
0.00
0.00
-0.87
5.46
0.00
-0.45
-6.91
-6.91
0.43
0.64
-1.09
1.23
-2.98
-2.89
-0.30
-0.40
0.00
-1.91
-1.56
6.91
-0.19
-1.48
6.91
0.78
-6.91
0.00
0.41
-2.15
-1.41
-0.98
1.46
-2.13
1.57
0.00
-2.20
-0.57
-1.28
-2.01
-1.57
-0.56
2.00
0.00
0.80
0.73
-2.05
-3.55
1.26
-6.91
0.05
-0.99
-0.82
-1.12
0.00
-1.76
-3.78
-1.09
-1.29
6.91
-2.05
0.26
-6.91
0.00
-1.10
0.50
-6.91
6.91
0.61
-6.91
0.00
-0.42
0.60
-0.82
0.20
-1.85
-1.04
-0.40
-0.07
-0.73
0.00
0.00
0.00
0.00
0.00
0.00
0.00
0.00
0.00
0.00
0.00
0.00
0.00
0.00
0.00
-0.42
3.82
-1.37
0.00
0.13
0.00
-0.12
-1.84
0.56
-0.59
-0.35
-0.26
-4.22
-1.74
-0.20
6.91
0.00
-2.35
-2.85
-1.58
-6.91
1.61
0.76
0.07
-0.91
0.00
0.00
-0.96
-1.22
-1.53
1.80
0.66
-1.49
6.91
0.49
-2.40
-1.49
-0.34
0.00
-1.55
0.58
0.00
-0.76
-1.00
0.00
1.92
-0.41
0.00
1.07
-1.67
-0.46
-0.05
6.91
-3.43
0.00
0.00
-0.38
-0.86
-0.26
0.75
-1.68
-1.45
0.00
0.00
1.25
5.45
-1.05
-0.38
2.01
-0.69
-1.48
-0.65
-6.91
-0.84
0.00
-6.91
-1.34
0.44
-1.08
0.00
-0.81
1.98
-0.84
0.00
-0.36
0.95
-0.91
0.00
2.25
-6.91
0.00
-0.77
-0.06
-1.44
-1.13
-6.91
-1.03
-0.42
0.11
-0.84
0.00
0.00
0.00
0.00
0.00
0.00
0.00
0.00
0.00
0.00
0.00
0.00
0.00
0.00
0.00
-0.90
0.00
-2.10
0.00
2.81
0.00
-1.10
-6.91
2.15
-0.40
0.77
-1.26
-6.91
-1.64
-2.13
0.00
0.00
-2.90
-1.47
-6.91
-4.47
1.15
-0.05
-1.69
-0.15
2.91
2.04
-0.36
-1.50
-0.36
-0.93
0.31
-3.10
0.27
-6.91
-1.24
-0.26
-6.91
1.36
-0.09
-1.61
1.01
-0.41
-0.07
2.71
-0.32
-0.68
1.43
0.20
-0.75
-0.76
-3.52
-0.59
-0.03
1.01
2.33
-6.91
0.84
-6.91
-6.91
-0.51
-0.01
0.35
1.34
-1.30
0.53
-2.55
-0.18
-0.59
-0.94
1.55
-3.29
0.13
0.36
4.85
-0.46
-0.38
-1.89
-0.29
2.06
-1.00
0.08
-1.05
4.55
-0.22
-1.66
-1.12
4.02
-0.29
-0.37
1.46
-2.06
1.69
-0.52
0.74
-1.14
-6.91
-3.36
-1.62
-3.71
0.00
0.00
0.00
0.00
0.00
0.00
0.00
0.00
0.00
0.00
0.00
0.00
0.00
0.00
0.00
1.17
0.64
-0.16
1.37
0.51
0.89
1.97
-0.94
0.00
-0.92
-1.06
0.16
-0.16
-2.84
-0.23
2.80
6.91
0.14
0.15
-0.74
-1.61
-0.41
2.54
-0.33
0.11
1.75
1.78
-0.76
-0.45
-0.38
0.56
-0.53
-1.86
0.29
-6.91
-0.19
0.56
-2.51
0.00
-0.73
-0.98
2.57
-0.32
0.11
1.55
0.04
-0.59
3.57
0.21
-0.86
-1.57
-6.91
0.34
-1.41
6.30
0.00
-0.93
1.10
-6.91
-1.66
0.49
-0.34
6.91
2.78
-0.30
0.82
-0.19
-0.48
-0.29
-1.29
1.45
-6.91
0.97
-0.04
6.91
0.22
-0.73
-6.91
-0.27
0.63
-0.32
0.13
-0.27
2.14
-1.18
-0.46
-0.82
2.70
0.99
-0.59
6.91
-1.66
0.20
0.80
1.52
0.24
-3.22
-6.91
-0.77
-6.91
0.00
0.00
0.00
0.00
0.00
0.00
0.00
0.00
0.00
0.00
0.00
0.00
0.00
0.00
0.00
-0.34
0.90
-1.88
6.91
0.43
6.91
0.40
-1.08
0.23
-1.32
-1.28
-0.40
0.56
-0.78
-0.45
1.88
1.01
0.10
-0.29
-0.26
-0.94
0.14
0.34
-0.44
0.13
0.93
0.45
-0.44
-1.14
-0.85
-1.30
-1.83
-0.09
-0.20
-2.41
0.10
0.13
-2.59
3.34
0.50
-3.39
1.33
1.27
-0.50
1.51
-0.75
-0.61
1.63
-0.87
-0.89
-0.09
-0.80
0.18
0.63
0.13
0.92
-3.42
0.84
-0.63
-1.59
0.28
0.50
0.31
0.45
-0.71
-0.09
-0.60
0.04
-1.02
0.29
1.75
-1.24
0.74
0.92
1.08
-0.01
-1.38
-0.90
1.44
-0.04
0.03
-1.46
0.17
0.90
-0.54
-0.70
-0.62
-0.01
-0.68
0.12
1.20
-2.88
3.26
1.02
1.42
0.91
-2.72
-1.36
-1.60
-1.97
0.00
0.00
0.00
0.00
0.00
0.00
0.00
0.00
0.00
0.00
0.00
0.00
0.00
0.00
0.00
0.26
0.69
-0.68
0.67
-0.95
1.75
1.70
-0.25
0.05
1.18
-0.85
0.99
0.67
-1.07
0.28
0.52
1.57
0.75
0.06
-0.59
-0.04
-1.52
4.56
0.62
-6.91
0.00
0.00
-2.02
-0.19
-0.15
0.00
6.91
0.31
0.00
-0.42
-2.55
-2.83
0.77
0.00
-1.89
0.67
0.00
-1.56
-1.59
0.00
0.00
-0.41
0.00
1.19
0.19
-0.22
0.18
0.00
-0.99
0.00
0.00
0.03
-6.91
-0.63
0.46
-6.91
-2.37
0.00
0.00
2.36
0.00
-0.52
-1.17
0.00
-0.36
-2.31
0.02
-1.13
-6.91
0.00
-1.44
-0.37
0.25
-5.70
0.00
-1.68
0.00
-0.41
0.00
-1.77
3.13
0.16
0.00
0.00
-0.89
0.00
0.87
-0.63
-3.16
-0.95
-2.15
-0.10
-0.48
0.81
0.05
-1.38
0.00
2.49
-0.12
-1.02
0.00
0.00
6.91
-1.06
0.00
-0.48
-1.34
-0.37
0.51
0.85
0.00
0.00
0.00
0.00
0.00
0.00
0.00
0.00
0.00
0.00
0.00
0.00
0.00
0.00
-6.91
0.00
0.00
-1.86
-1.45
-0.53
-1.57
0.00
-1.54
-0.94
0.00
-3.21
-0.94
0.00
6.91
0.00
-1.03
-1.02
3.14
-1.51
1.07
0.00
0.00
2.74
-1.50
0.00
1.98
-1.02
0.00
0.00
-1.98
-0.35
6.91
-0.90
0.25
2.02
0.00
3.65
-0.72
0.00
-4.97
-1.04
0.48
0.00
1.48
1.47
0.00
0.00
-3.05
-0.71
-0.21
-0.06
6.91
0.00
-1.27
0.00
0.00
3.31
0.00
0.00
-2.35
0.00
0.00
2.05
0.00
-6.91
0.00
-0.27
0.00
-0.85
0.00
-0.77
1.31
-6.91
-1.55
0.00
-1.00
0.78
0.00
0.00
0.00
0.00
0.81
1.32
0.20
1.58
0.00
-6.91
-0.52
0.00
0.00
-3.64
-2.38
-1.32
0.00
-0.73
6.91
0.00
1.22
2.43
0.26
0.00
0.00
0.00
0.00
0.00
0.00
0.00
0.00
0.00
0.00
0.00
0.00
0.00
0.00
0.00
-6.91
-2.08
0.00
0.00
0.00
0.00
-1.50
0.00
0.00
-0.60
0.00
0.00
-1.70
-6.91
-1.62
0.76
1.15
-6.91
4.88
-1.65
-6.91
-0.95
-1.27
0.00
-2.72
-1.37
0.00
-1.54
-1.78
0.00
1.76
-1.69
0.00
-0.15
-0.98
-6.91
-0.27
3.28
-1.40
0.00
0.00
-0.98
0.14
-1.48
-1.10
-1.11
-1.25
0.00
0.00
0.36
0.20
-1.05
-2.90
0.50
-6.85
-0.30
-1.78
-1.61
-1.07
0.00
-6.91
-2.20
-2.52
-1.52
0.00
-2.11
1.08
-6.91
0.00
-6.91
0.91
-2.63
0.00
1.32
-6.91
0.00
-0.34
0.03
-0.10
-0.93
-4.93
-1.14
-0.44
-1.07
-0.39
-1.92
0.00
0.23
-6.91
-0.38
0.00
0.00
0.40
-6.91
0.57
-1.24
-3.37
-0.75
-1.72
0.11
0.00
0.00
0.00
0.00
0.00
0.00
0.00
0.00
0.00
0.00
0.00
0.00
0.00
0.00
-0.15
0.00
0.00
-0.94
-1.63
-1.17
-6.91
0.55
0.15
-0.52
0.00
-1.52
-2.73
0.00
0.00
0.00
0.08
0.02
0.00
0.05
1.64
0.00
0.00
0.81
-1.66
0.00
1.02
-1.27
0.00
0.00
-0.85
0.21
0.00
-2.16
-0.42
0.00
0.00
2.09
-1.08
0.00
-0.59
-0.90
0.71
0.00
1.12
0.32
0.00
0.00
-1.11
-6.91
0.70
0.17
0.00
0.00
-0.44
0.00
0.00
6.91
0.00
0.00
-6.91
0.00
0.00
6.91
0.00
-1.64
0.00
-0.36
0.00
-6.91
0.00
-0.00
0.00
-2.29
-0.50
0.00
-1.25
0.90
0.00
0.00
0.00
0.00
1.13
1.87
1.04
6.91
0.00
-2.13
-0.22
0.00
0.00
-2.28
-1.31
-0.41
0.00
0.24
0.00
0.00
2.25
1.99
1.38
0.00
0.00
0.00
0.00
0.00
0.00
0.00
0.00
0.00
0.00
0.00
0.00
0.00
0.00
0.00
-1.90
-6.91
0.00
0.00
0.00
0.00
-1.26
0.00
0.00
0.00
-0.93
-0.49
1.70
0.84
0.42
-1.53
-0.77
1.21
-6.91
0.03
2.73
0.00
0.03
-0.95
1.23
-0.70
-1.50
0.00
1.75
-1.92
-6.91
1.87
0.11
-2.26
0.16
0.91
0.50
-6.91
0.96
-0.67
-0.54
-0.50
0.00
1.05
-0.82
0.00
6.91
-0.28
-0.33
-1.85
-6.91
0.09
1.02
-3.63
1.40
0.00
0.46
0.00
6.91
0.30
1.35
0.68
1.16
0.00
-1.19
6.91
-1.97
0.46
-0.68
1.43
-1.65
0.49
-1.82
-6.91
2.25
-0.84
-0.11
0.00
0.00
0.00
1.77
-0.11
-0.34
0.01
0.09
0.00
-0.31
-0.92
0.36
1.87
-0.29
-1.08
-1.29
0.63
-6.91
0.77
4.99
-0.17
1.01
-0.84
0.00
0.00
0.00
0.00
0.00
0.00
0.00
0.00
0.00
0.00
0.00
0.00
0.00
0.00
0.00
-1.87
-1.13
6.91
0.81
2.89
0.91
-1.75
0.00
0.00
0.00
-0.69
-0.75
0.00
0.00
0.00
0.43
0.34
0.00
0.13
6.91
0.00
0.00
6.91
-1.34
0.00
0.90
-6.91
0.00
0.00
-0.90
-0.63
0.00
-6.91
0.08
0.00
0.00
1.72
-0.93
0.00
-3.44
-1.59
1.79
0.00
6.91
1.75
0.00
0.00
-0.86
-1.40
0.66
-0.53
0.00
0.00
-0.19
0.00
0.00
6.91
0.00
0.00
-1.67
0.00
0.00
6.91
0.00
-1.08
0.00
-0.60
0.00
-3.91
0.00
-0.24
0.00
-2.61
0.08
0.00
-2.57
1.73
0.00
0.00
0.00
0.00
6.91
0.00
2.71
1.97
0.00
-1.07
-0.28
0.00
0.00
-2.04
-6.91
-0.60
0.00
-0.82
0.00
0.00
1.52
1.57
1.69
0.00
0.00
0.00
0.00
0.00
0.00
0.00
0.00
0.00
0.00
0.00
0.00
0.00
0.00
0.00
-1.41
-1.46
0.00
0.00
0.00
0.00
0.20
0.00
0.00
-0.44
0.00
0.00
-0.17
0.60
-0.31
0.00
0.00
-0.11
0.00
0.41
-0.44
-0.18
1.11
0.00
-1.29
0.32
0.00
-0.75
-1.35
0.00
0.00
-0.17
0.00
0.00
1.09
-0.72
0.84
0.00
-0.07
0.00
0.00
0.35
-6.91
0.81
1.00
-1.39
-0.45
0.00
0.00
0.00
0.00
0.39
-0.32
0.00
0.19
-6.91
0.91
-1.95
0.12
0.00
-0.98
0.03
0.51
-0.83
0.00
-1.94
0.00
-0.72
0.00
-0.19
0.00
0.77
0.00
0.00
-0.25
0.00
0.78
-2.56
-0.92
-1.24
0.34
1.50
0.69
0.97
1.02
-1.14
0.00
0.00
-0.37
-0.30
0.00
0.00
0.00
-0.75
0.00
0.30
-1.08
0.71
-0.13
6.91
0.00
0.00
0.00
0.00
0.00
0.00
0.00
0.00
0.00
0.00
0.00
0.00
0.00
0.00
-0.66
0.00
0.00
-1.79
-1.26
0.29
-0.11
0.00
-2.39
-1.60
-2.12
0.00
0.00
-1.25
-1.08
-4.54
2.48
1.44
-0.80
1.26
-0.46
-2.29
-0.72
-1.20
0.00
-6.91
-0.63
0.00
-1.22
-6.91
0.00
1.21
-4.77
0.00
1.56
-1.75
-6.91
-1.22
1.70
-6.91
0.00
0.00
-0.50
-1.27
-1.40
-0.06
-2.83
-1.29
0.00
0.00
1.83
0.86
-3.06
-1.11
2.07
-6.91
-1.85
-1.28
-0.58
-1.49
0.00
-3.68
-1.14
-0.87
-2.74
0.00
-0.91
0.95
-1.47
0.00
-6.91
0.33
-0.74
0.00
2.03
-1.53
0.00
-0.09
-1.04
-1.45
-0.19
-1.10
-1.33
-0.11
-0.31
-0.93
-3.44
0.00
0.56
-6.91
-2.55
0.00
0.00
2.82
-6.91
6.91
-1.85
-6.06
-0.48
-0.29
-0.67
0.00
0.00
0.00
0.00
0.00
0.00
0.00
0.00
0.00
0.00
0.00
0.00
0.00
0.00
-3.33
0.00
0.00
-2.32
-1.40
-6.91
-2.52
1.36
0.39
-1.63
1.70
0.08
0.31
1.23
1.53
0.45
-3.82
-6.91
1.09
-1.28
0.19
2.21
2.11
-0.51
0.71
1.43
-1.09
-0.42
1.11
6.91
-1.09
-2.75
1.14
-0.80
-5.72
0.59
1.26
-0.62
-2.03
4.24
0.26
0.27
-0.91
0.00
0.47
-1.36
3.79
1.07
0.14
0.21
-6.91
-2.08
0.50
1.59
-6.91
0.45
0.00
-0.23
7.97
1.32
-0.32
6.91
0.22
0.50
6.91
-0.12
0.99
-1.89
1.89
-0.40
1.64
-1.11
0.88
-0.11
-3.43
1.88
-0.07
-0.13
0.00
6.91
0.00
0.74
-0.96
-0.39
-0.41
0.46
6.91
0.17
-0.94
0.14
1.12
0.60
0.37
-2.80
2.27
-2.57
1.28
3.11
-0.34
-0.65
-0.20
0.00
0.00
0.00
0.00
0.00
0.00
0.00
0.00
0.00
0.00
0.00
0.00
0.00
0.00
6.91
-0.78
-0.80
1.06
1.10
1.73
2.17
-1.11
0.00
0.00
-2.17
0.00
0.00
-4.83
-0.44
-1.71
6.91
2.77
-0.01
0.00
-0.72
-6.91
-0.54
-0.53
0.00
-6.91
0.46
0.00
-1.20
-1.24
0.00
6.91
-1.53
0.00
0.51
-1.73
-2.05
-0.60
6.91
-6.91
0.00
0.00
0.57
-0.92
0.33
0.13
-6.91
-4.10
0.00
0.00
1.12
2.39
-0.90
-3.43
1.82
-1.69
-1.92
-0.56
-1.16
-6.91
0.00
-1.60
-1.35
0.20
-6.91
0.00
-1.48
1.12
-2.16
0.00
-2.66
4.14
-0.89
0.00
1.52
-2.50
0.00
-1.12
-2.08
-2.16
-2.37
-0.97
-0.44
-0.24
0.17
-1.00
-0.79
0.00
1.26
-2.13
-6.91
0.00
0.00
1.14
-0.72
6.91
-0.14
-1.65
-0.61
0.01
0.14
0.00
0.00
0.00
0.00
0.00
0.00
0.00
0.00
0.00
0.00
0.00
0.00
0.00
0.00
-1.82
0.00
0.00
-6.91
-1.54
-2.27
-1.43
3.30
-0.18
-1.23
3.79
-0.96
1.31
1.55
0.01
0.98
-1.30
-6.91
0.77
-2.22
-0.56
1.96
1.43
-1.36
0.54
1.63
-1.73
-0.28
6.91
1.05
0.07
-6.91
-0.19
-0.10
-2.37
-0.33
-0.01
-0.78
-0.77
0.13
-0.44
1.68
-0.57
1.44
-0.20
-0.58
1.85
0.53
0.58
0.46
-3.76
-1.19
-0.54
1.45
-0.49
1.00
0.00
0.11
1.23
1.30
0.47
0.94
0.51
-0.87
0.99
0.44
1.19
-2.15
0.69
-0.28
0.40
-6.91
1.08
-0.81
-0.78
0.69
-0.05
-0.05
0.00
1.24
0.00
0.28
-1.27
-0.03
-1.84
-0.36
0.99
-0.76
-2.94
0.26
1.31
0.40
0.52
-6.91
2.01
-1.06
0.89
1.17
0.09
-0.59
-0.98
0.00
0.00
0.00
0.00
0.00
0.00
0.00
0.00
0.00
0.00
0.00
0.00
0.00
0.00
3.40
0.13
-0.28
0.67
0.82
0.54
-0.06
-3.01
0.00
2.30
-6.91
0.00
0.00
-2.22
0.02
-0.91
0.00
6.91
-0.67
0.00
-0.50
-2.17
-6.91
0.52
0.00
-3.82
0.89
0.00
-6.91
-0.94
0.00
0.00
-1.73
0.00
6.91
-0.84
-1.20
0.48
0.00
-0.84
0.00
0.00
0.07
-3.47
-0.75
0.25
-6.91
-0.97
0.00
0.00
1.48
0.00
0.25
-0.36
0.00
-0.52
-3.26
-0.02
-2.43
-0.73
0.00
-1.04
-0.71
0.75
-1.17
0.00
-6.91
0.00
-0.38
0.00
-0.92
6.91
-1.24
0.00
0.00
-3.21
0.00
0.61
-1.35
-6.91
-2.82
-0.63
-0.30
-0.21
1.19
-0.49
-6.91
0.00
1.88
-1.10
-1.44
0.00
0.00
1.51
-2.47
0.00
-0.07
-0.79
0.27
0.08
0.75
0.00
0.00
0.00
0.00
0.00
0.00
0.00
0.00
0.00
0.00
0.00
0.00
0.00
0.00
-2.03
0.00
0.00
-2.41
-0.68
-1.28
-1.30
0.00
-2.96
-1.52
-0.51
0.00
0.00
-3.49
-2.49
-0.83
4.07
4.38
-1.18
6.91
-1.12
-3.26
-6.91
-0.75
0.00
-0.75
-0.67
0.00
-3.51
-0.97
0.00
1.20
-0.41
0.00
1.01
-1.20
-0.59
0.33
6.91
-1.82
0.00
0.00
-0.41
-0.93
-0.99
0.54
-0.53
-3.43
0.00
0.00
1.77
6.91
-1.39
-0.63
1.65
-0.65
-2.14
-0.62
-1.70
-0.68
0.00
-3.68
-1.44
0.36
-1.32
0.00
-1.46
1.46
-1.78
0.00
-1.73
2.20
-2.75
0.00
1.58
-0.97
0.00
-0.62
-1.08
-6.91
-0.06
-3.60
-0.06
-0.15
-0.30
-0.61
-2.41
0.00
1.08
-2.02
-1.40
0.00
0.00
0.71
-1.24
1.95
-1.53
-2.94
0.56
0.24
0.22
0.00
0.00
0.00
0.00
0.00
0.00
0.00
0.00
0.00
0.00
0.00
0.00
0.00
0.00
-1.45
0.00
0.00
-1.34
-1.07
-2.01
-6.91
1.86
-0.79
-0.72
-0.72
2.94
0.00
-0.53
-6.91
-1.07
1.99
0.52
-6.91
3.46
-0.46
-6.91
-0.43
-1.56
0.00
-2.88
-0.10
1.98
-0.69
-1.64
2.06
1.78
-1.44
0.00
0.85
-1.27
-2.78
-0.66
1.28
-0.62
6.91
0.00
-0.44
-0.89
-2.16
-1.46
-1.65
-0.35
1.39
0.00
-0.35
1.36
-6.91
-1.56
0.65
-2.26
-0.08
-1.20
-0.25
-0.39
0.00
-2.66
-1.41
-0.51
-0.33
6.91
-0.29
1.47
-3.02
0.00
-0.66
-0.05
-1.87
1.53
1.56
-1.41
0.00
-0.97
0.24
-0.53
0.32
-1.20
-1.51
-1.55
-2.07
-1.80
-0.82
2.05
0.60
-1.48
-0.11
0.00
0.00
-0.04
-6.91
0.53
-6.91
-0.91
-0.92
-0.37
-1.33
0.00
0.00
0.00
0.00
0.00
0.00
0.00
0.00
0.00
0.00
0.00
0.00
0.00
0.00
-0.09
1.70
0.00
-1.72
-1.68
-2.52
-6.91
0.99
0.08
-1.16
0.00
0.00
0.00
0.00
0.00
0.00
0.00
0.00
0.00
0.00
0.00
0.00
0.00
0.00
0.00
0.00
0.00
0.00
-6.91
-1.54
0.00
0.00
-1.08
0.00
3.11
0.12
-1.24
-0.08
0.00
-0.54
0.00
0.00
0.94
-4.35
0.16
0.33
-6.91
-2.78
0.00
0.00
1.23
0.00
-0.15
-2.06
0.00
-2.27
-6.91
0.01
-6.91
-1.36
0.00
-1.74
-1.23
-0.83
-6.91
0.00
-2.97
0.00
-0.29
0.00
-1.18
1.83
-1.36
0.00
0.00
-2.44
0.00
0.54
-6.91
-1.02
-1.39
-1.23
0.56
-0.60
1.80
0.27
-2.13
0.00
1.23
-1.13
-0.73
0.00
0.00
0.00
-1.35
0.00
0.24
-0.93
-0.30
0.74
1.10
-2.61
0.00
-1.77
0.00
0.00
0.00
-3.18
-0.71
6.91
-3.08
1.77
-6.91
-0.44
-0.53
0.00
0.00
0.00
0.00
0.00
0.00
0.00
0.00
0.00
0.00
0.00
0.00
0.00
0.00
0.00
0.00
0.00
0.00
0.00
0.00
0.00
0.00
0.00
0.00
0.00
0.00
0.00
0.00
0.00
0.00
-1.58
-0.55
1.53
-0.65
-1.05
2.85
0.00
2.17
-0.46
0.00
-6.91
-1.41
0.26
0.00
0.86
0.14
0.00
0.00
-6.91
-0.62
-1.03
-0.10
6.91
0.00
-1.98
0.00
0.00
2.34
0.00
0.00
-2.47
0.00
0.00
6.91
0.00
-3.35
0.00
-0.70
0.00
-1.93
0.00
0.26
2.88
-1.67
-2.21
0.00
-0.68
2.62
0.00
0.00
0.00
0.00
0.50
6.91
-0.08
2.15
0.00
-1.39
-0.43
0.00
0.00
-0.76
-6.91
-0.54
0.00
-0.84
8.11
0.00
2.27
0.79
0.27
0.00
-2.52
0.00
-1.43
-1.81
-2.22
0.00
0.00
-0.12
0.00
0.12
0.00
0.00
6.91
0.00
0.00
0.00
0.00
0.00
0.00
0.00
0.00
0.00
0.00
0.00
0.00
0.00
0.00
0.00
0.00
0.00
0.00
0.00
0.00
0.00
0.00
0.00
0.00
0.00
0.00
0.00
0.00
0.00
0.00
-1.94
0.31
0.00
-2.65
0.16
0.00
0.00
0.88
-0.94
0.00
-5.45
-1.29
0.90
0.00
1.28
1.30
0.00
0.00
-1.25
-1.17
0.68
-0.84
0.00
0.00
-0.35
0.00
0.00
4.07
0.00
0.00
-4.99
0.00
0.00
1.81
0.00
-1.15
0.00
-0.64
0.00
-6.91
0.00
0.48
0.00
-2.67
-0.90
0.00
-2.12
1.50
0.00
0.00
0.00
0.00
2.11
2.57
1.88
6.91
0.00
-6.91
-0.54
0.00
0.00
-2.36
-1.11
-0.41
0.00
-1.29
0.00
0.00
3.13
6.91
0.54
0.00
-6.91
0.00
-6.91
-0.53
-3.89
0.00
0.00
-0.86
0.00
0.40
0.00
0.00
0.00
0.00
0.00
0.00
0.00
0.00
0.00
0.00
0.00
0.00
0.00
0.00
0.00
0.00
0.00
0.00
0.00
0.00
0.00
0.00
0.00
0.00
0.00
0.00
0.00
0.00
0.00
0.00
0.00
-6.91
-2.35
0.00
1.09
-0.67
0.00
1.06
-1.41
-1.31
-0.60
6.91
-5.10
0.00
0.00
0.50
-1.27
-1.13
-0.32
-6.91
-6.91
0.00
0.00
1.11
2.37
-1.86
-1.11
2.17
-6.91
-0.84
-0.07
-1.91
-1.43
0.00
-2.13
-1.99
-1.50
-2.63
0.00
-6.91
0.99
-1.92
0.00
-1.30
0.82
-0.87
0.00
6.91
-1.08
0.00
-0.98
-0.69
-1.24
-1.66
-0.58
0.70
-0.12
-0.41
0.35
-1.28
0.00
1.70
-1.55
-3.15
0.00
0.00
1.02
-3.69
2.38
-0.42
-2.75
-0.95
0.04
-0.48
-3.94
0.00
-1.54
0.00
7.09
0.00
-2.18
-2.00
0.99
-4.24
1.44
-6.91
-1.84
-0.39
0.00
0.00
0.00
0.00
0.00
0.00
0.00
0.00
0.00
0.00
0.00
0.00
0.00
0.00
0.00
0.00
0.00
0.00
0.00
0.00
0.00
0.00
0.00
0.00
0.00
0.00
0.00
0.00
-0.74
-1.90
0.00
4.56
-1.04
0.00
1.79
-0.84
-1.16
-1.46
1.36
-1.47
0.00
0.00
-1.25
-1.09
-1.24
0.49
-0.64
-2.27
0.00
0.00
1.78
1.94
-1.25
-1.37
0.80
-3.92
-0.15
-0.61
-1.64
-6.91
0.00
-5.23
-2.08
-1.84
-2.26
0.00
-6.91
3.44
-3.28
0.00
-6.91
0.56
-1.51
0.00
1.25
-6.91
0.00
-1.02
-0.66
-2.63
-1.18
-2.84
-1.07
-0.15
-0.92
-1.47
-1.04
0.00
1.68
-2.49
-3.63
0.00
0.00
1.12
-6.91
3.15
-1.77
-6.91
-0.78
-0.22
0.51
-0.86
0.00
-1.60
0.00
6.91
0.00
-0.29
-2.81
0.98
-3.05
1.89
-1.25
-6.91
-1.58
0.00
0.00
0.00
0.00
0.00
0.00
0.00
0.00
0.00
0.00
0.00
0.00
0.00
0.00
0.00
0.00
0.00
0.00
0.00
0.00
0.00
0.00
0.00
0.00
0.00
0.00
0.00
0.00
-2.74
-0.66
0.00
1.13
-3.83
0.00
0.48
-0.35
-6.91
-0.93
1.57
-1.92
0.00
0.00
-0.07
-1.33
-0.35
0.53
-0.76
-2.44
0.00
0.00
0.93
3.40
-1.61
-1.17
6.91
-6.91
-1.40
-0.50
-1.87
-0.93
0.00
-2.09
-6.91
-0.23
-3.08
0.00
-1.19
2.69
-0.57
0.00
-6.91
1.21
-1.98
0.00
1.75
-3.80
0.00
-0.30
-1.45
-1.43
-0.44
-3.39
-0.19
-0.42
-0.30
-0.28
-2.14
0.00
0.62
-0.87
-0.99
0.00
0.00
6.91
-0.77
2.62
-4.42
-1.91
-0.21
-0.61
0.80
-1.97
0.00
-6.91
0.00
4.86
0.00
-0.53
-1.04
1.15
-1.23
0.89
-0.69
-3.12
-0.81
0.00
0.00
0.00
0.00
0.00
0.00
0.00
0.00
0.00
0.00
0.00
0.00
0.00
0.00
0.00
0.00
0.00
0.00
0.00
0.00
0.00
0.00
0.00
0.00
0.00
0.00
0.00
0.00
-0.87
-0.76
0.00
0.74
-1.19
0.00
0.45
-1.11
-1.01
-1.45
1.78
-2.37
0.00
0.00
-0.26
-0.26
-0.72
-0.01
-1.63
-1.69
0.00
0.00
0.59
1.34
-6.91
-0.87
0.47
-6.91
0.31
-1.47
-1.72
-0.60
0.00
-6.91
-2.17
-1.53
-0.84
0.00
-3.00
0.95
-3.21
0.00
-2.63
1.57
-6.91
0.00
0.84
-6.91
0.00
-1.66
-0.64
-0.23
-1.01
-2.75
-0.30
-0.62
-1.65
-2.34
-0.15
0.00
-0.05
-1.70
-0.42
0.00
0.00
1.06
-0.81
1.15
-2.59
-2.12
-0.15
-1.27
0.07
-0.73
0.00
-2.01
0.00
0.33
0.00
-0.24
-2.40
0.62
-0.28
0.21
-0.88
-1.20
-2.33
0.00
0.00
0.00
0.00
0.00
0.00
0.00
0.00
0.00
0.00
0.00
0.00
0.00
0.00
0.00
0.00
0.00
0.00
0.00
0.00
0.00
0.00
0.00
0.00
0.00
0.00
0.00
0.00
0.00
1.58
-0.60
-3.59
0.45
-0.58
-2.92
0.97
6.91
0.89
-6.91
0.80
0.05
-0.68
-0.67
0.00
-0.06
-0.21
0.00
6.91
-1.60
0.34
-6.91
-6.91
1.65
1.30
-6.91
1.51
0.00
-0.31
0.00
0.99
-0.83
2.30
1.34
-0.33
0.00
-0.77
6.91
-1.49
1.22
-0.36
4.55
-1.03
0.73
-0.41
-3.51
0.65
-0.29
-0.71
0.00
0.00
0.00
1.12
-0.92
0.45
0.35
-0.25
0.00
-1.26
-1.16
1.58
1.24
0.26
-0.72
-1.19
1.43
-6.91
2.41
1.33
0.22
-0.42
-0.10
0.00
-0.34
2.61
-0.82
-6.91
-0.66
0.00
2.84
-2.78
6.91
-4.90
0.00
6.91
1.50
0.00
0.00
0.00
0.00
0.00
0.00
0.00
0.00
0.00
0.00
0.00
0.00
0.00
0.00
0.00
0.00
0.00
0.00
0.00
0.00
0.00
0.00
0.00
0.00
0.00
0.00
0.00
0.00
-0.95
-0.48
0.00
0.00
-0.31
0.00
0.00
0.19
-0.31
0.77
0.00
-1.05
0.00
0.00
0.68
-1.36
2.29
0.80
-1.66
0.03
0.00
0.00
0.00
0.00
0.55
0.69
0.00
-0.34
-2.10
1.78
-2.35
-0.10
0.00
-1.35
0.60
1.09
-1.30
0.00
-0.39
0.00
-0.41
0.00
0.46
0.00
0.13
0.00
0.00
-0.58
0.00
0.44
-0.38
-0.33
-1.88
-0.85
1.72
0.69
2.31
0.37
-2.05
0.00
0.00
0.48
-0.19
0.00
0.00
0.00
-0.17
0.00
0.03
-1.47
0.47
2.61
6.91
-1.23
0.00
0.01
0.00
0.00
0.00
-2.08
-0.58
0.00
-1.19
0.00
-2.38
-0.65
0.08
0.00
0.00
0.00
0.00
0.00
0.00
0.00
0.00
0.00
0.00
0.00
0.00
0.00
0.00
0.00
0.00
0.00
0.00
0.00
0.00
0.00
0.00
0.00
0.00
0.00
0.00
0.00
0.00
-0.70
-2.50
0.00
0.00
-0.56
0.00
6.91
0.18
-0.37
0.03
0.00
-2.05
0.00
0.00
0.85
-4.30
-0.55
1.80
-2.33
-0.74
0.00
0.00
6.91
0.00
-1.11
-0.62
0.00
-0.27
-3.91
0.32
-1.83
-0.49
0.00
-1.62
0.01
0.17
-1.57
0.00
-1.80
0.00
0.15
0.00
-1.77
6.91
-0.28
0.00
0.00
-0.78
0.00
0.68
-0.73
-6.91
-3.17
-1.89
-0.14
1.04
0.91
-0.40
-2.75
0.00
1.53
0.03
-1.62
0.00
0.00
0.00
-0.51
0.00
-0.68
-6.91
0.58
0.67
0.59
-1.57
0.00
-1.38
0.00
0.00
0.00
-1.95
-1.41
0.00
-0.33
6.91
-6.91
-1.75
-1.08
0.00
0.00
0.00
0.00
0.00
0.00
0.00
0.00
0.00
0.00
