0.00
0.00
0.00
0.00
0.00
0.00
0.00
0.00
0.00
0.00
0.00
0.00
0.00
0.00
0.00
0.00
0.00
0.00
-6.91
-1.36
0.00
1.73
-2.16
0.00
0.81
-0.52
-1.66
-0.40
0.00
-2.14
0.00
0.00
-0.25
-0.70
0.11
1.38
-6.91
-1.87
0.00
0.00
1.39
6.91
-0.39
-0.44
0.00
-1.14
-6.91
0.50
-1.42
-6.91
0.00
-0.49
-0.03
-0.45
-6.91
0.00
-0.95
1.79
-1.70
0.00
-0.55
1.44
-0.66
0.00
0.00
-1.42
0.00
-0.76
-0.43
-1.24
-2.37
-1.03
0.51
-0.60
-0.23
0.34
-2.70
0.00
3.03
-0.82
-3.45
0.00
0.00
1.63
-0.63
0.00
-1.11
-1.48
0.69
0.54
1.05
0.00
0.00
0.00
0.00
0.00
0.00
0.00
0.00
0.00
0.00
0.00
0.00
0.00
0.00
0.00
0.00
0.00
0.00
0.00
0.00
0.00
0.00
0.00
0.00
0.00
0.00
0.00
0.00
0.00
0.00
0.00
0.00
0.00
0.00
0.00
0.00
0.00
0.00
0.00
0.00
0.00
0.00
0.00
0.00
0.00
0.00
0.00
0.00
0.00
0.00
0.00
0.00
0.00
0.00
0.00
0.00
0.00
0.00
0.00
0.00
0.00
0.00
0.00
0.00
-1.82
-1.70
2.48
-1.00
-0.44
2.73
0.00
3.22
-2.04
0.00
-1.96
-0.55
1.99
0.00
1.80
0.33
0.00
0.00
-6.91
-6.13
-0.29
-0.05
1.36
0.00
-0.78
0.00
0.00
2.15
0.00
0.00
-6.91
0.00
0.00
6.91
0.00
-2.14
0.00
-0.84
0.00
-2.01
0.00
-1.10
3.89
-1.19
-1.68
0.00
-1.06
2.66
0.00
0.00
0.00
0.00
1.22
2.68
-0.04
2.97
0.00
-6.91
-0.49
0.00
0.00
-0.94
-0.83
-1.62
0.00
-0.37
6.91
0.00
1.76
1.24
0.51
0.00
0.00
0.00
0.00
0.00
0.00
0.00
0.00
0.00
0.00
0.00
0.00
0.00
0.00
0.00
0.00
0.00
0.00
0.00
0.00
0.00
0.00
0.00
0.00
0.00
0.00
0.00
0.00
0.00
0.00
0.00
0.00
0.00
0.00
0.00
0.00
0.00
0.00
0.00
0.00
0.00
0.00
0.00
0.00
0.00
0.00
0.00
0.00
0.00
0.00
0.00
0.00
0.00
0.00
0.00
0.00
0.00
0.00
0.00
0.00
0.00
0.00
0.00
0.00
-2.30
-0.91
0.00
-2.24
0.73
0.00
0.00
1.43
0.04
0.00
-1.95
-0.61
6.91
0.00
0.00
6.91
0.00
0.00
-2.43
-1.76
0.98
0.36
0.00
0.00
-0.00
0.00
0.00
6.91
0.00
0.00
-1.54
0.00
0.00
0.00
0.00
-2.17
0.00
-0.46
0.00
-1.71
0.00
0.15
0.00
-3.32
-0.43
0.00
-2.08
6.91
0.00
0.00
0.00
0.00
1.24
0.00
0.92
6.91
0.00
-0.83
-0.15
0.00
0.00
-3.28
-1.41
0.60
0.00
0.39
0.00
0.00
2.18
2.27
0.51
0.00
0.00
0.00
0.00
0.00
0.00
0.00
0.00
0.00
0.00
0.00
0.00
0.00
0.00
0.00
0.00
0.00
0.00
0.00
0.00
0.00
0.00
0.00
0.00
0.00
0.00
0.00
0.00
0.00
0.00
0.00
0.00
0.00
0.00
0.00
0.00
0.00
0.00
0.00
0.00
0.00
0.00
0.00
0.00
0.00
0.00
0.00
0.00
0.00
0.00
0.00
0.00
0.00
0.00
0.00
0.00
0.00
0.00
0.00
0.00
0.00
0.00
-3.61
-2.46
0.00
1.21
-0.50
0.00
0.98
-1.38
-0.90
-0.22
6.91
-1.32
0.00
0.00
0.15
-0.68
-0.06
-0.18
-0.81
-6.03
0.00
0.00
2.15
1.83
-0.57
-1.79
2.60
-1.01
-0.30
-1.02
-1.10
-1.52
0.00
-2.58
-2.11
-1.39
-2.77
0.00
-1.42
0.79
-1.60
0.00
-6.91
1.05
-0.12
0.00
1.02
-1.04
0.00
-0.78
-0.65
-0.69
-0.30
-1.96
0.06
-0.95
-0.64
-0.01
-0.80
0.00
1.34
-2.33
-6.91
0.00
0.00
3.69
-2.09
6.26
-0.52
-0.87
-0.83
0.10
-0.43
0.00
0.00
0.00
0.00
0.00
0.00
0.00
0.00
0.00
0.00
0.00
0.00
0.00
0.00
0.00
0.00
0.00
0.00
0.00
0.00
0.00
0.00
0.00
0.00
0.00
0.00
0.00
0.00
0.00
0.00
0.00
0.00
0.00
0.00
0.00
0.00
0.00
0.00
0.00
0.00
0.00
0.00
0.00
0.00
0.00
0.00
0.00
0.00
0.00
0.00
0.00
0.00
0.00
0.00
0.00
0.00
0.00
0.00
0.00
0.00
0.00
0.00
-1.67
-1.93
6.91
1.60
-6.91
0.00
1.22
-2.05
-1.68
-0.44
0.31
-1.08
0.00
0.00
-1.69
-0.96
-1.89
-0.10
-1.45
-0.71
1.48
0.00
1.15
0.53
-3.28
-1.90
2.06
-1.36
-0.60
-2.72
-1.78
-2.49
0.00
-0.88
-3.81
-0.97
-0.36
2.07
-1.81
1.18
-1.72
0.00
-0.95
0.39
-6.91
0.00
1.54
-2.64
0.00
-0.50
0.20
-1.17
-0.21
-3.21
-1.96
-0.96
0.04
-1.66
-1.51
1.73
1.22
-1.52
-0.52
0.00
0.00
1.10
-1.45
2.18
-1.93
-2.82
-0.45
-2.04
0.12
0.00
0.00
0.00
0.00
0.00
0.00
0.00
0.00
0.00
0.00
0.00
0.00
0.00
0.00
0.00
0.00
0.00
0.00
0.00
0.00
0.00
0.00
0.00
0.00
0.00
0.00
0.00
0.00
0.00
0.00
0.00
0.00
0.00
0.00
0.00
0.00
0.00
0.00
0.00
0.00
0.00
0.00
0.00
0.00
0.00
0.00
0.00
0.00
0.00
0.00
0.00
0.00
0.00
0.00
0.00
0.00
0.00
0.00
0.00
0.00
0.00
0.00
-0.42
-1.75
0.00
0.30
-1.37
0.00
-0.06
-0.53
-6.91
-0.98
0.85
-2.07
0.00
0.00
-0.36
-1.24
-0.86
-0.75
-2.90
-6.91
0.00
0.00
0.62
1.77
-2.92
-1.30
0.66
-3.34
0.30
-0.92
-0.98
-1.32
0.00
-1.88
-0.45
-0.69
-1.15
0.00
-1.07
1.67
-2.04
0.00
-1.33
1.21
-0.67
0.00
0.84
-2.76
0.00
-0.48
-0.96
-0.37
-1.17
-1.42
-0.87
-0.86
0.01
-0.59
-0.77
0.00
0.45
-1.17
-1.33
0.00
0.00
1.33
-6.91
0.61
-3.07
-4.08
-0.67
-0.51
-1.07
0.00
0.00
0.00
0.00
0.00
0.00
0.00
0.00
0.00
0.00
0.00
0.00
0.00
0.00
0.00
0.00
0.00
0.00
0.00
0.00
0.00
0.00
0.00
0.00
0.00
0.00
0.00
0.00
0.00
0.00
0.00
0.00
0.00
0.00
0.00
0.00
0.00
0.00
0.00
0.00
0.00
0.00
0.00
0.00
0.00
0.00
0.00
0.00
0.00
0.00
0.00
0.00
0.00
0.00
0.00
0.00
0.00
0.00
0.00
0.00
0.00
0.00
1.79
0.92
-0.28
-3.24
1.19
-0.08
-4.43
0.35
0.95
0.17
-1.52
1.73
-1.05
0.60
0.60
0.00
0.85
0.13
6.91
3.05
-1.67
0.27
-1.67
-1.34
1.72
0.62
-6.91
3.22
0.00
-0.58
0.00
2.18
0.40
0.73
2.10
0.81
0.00
-1.56
1.42
-1.40
0.67
-0.18
0.53
-2.58
0.44
-0.53
-1.07
1.70
0.13
-0.11
0.00
0.00
0.00
1.95
-0.91
0.85
0.25
0.03
0.00
-0.17
-3.10
1.64
6.91
-0.56
-0.69
-6.91
1.34
-2.74
-0.00
1.68
-0.89
0.68
-1.23
0.00
0.00
0.00
0.00
0.00
0.00
0.00
0.00
0.00
0.00
0.00
0.00
0.00
0.00
0.00
0.00
0.00
0.00
0.00
0.00
0.00
0.00
0.00
0.00
0.00
0.00
0.00
0.00
0.00
0.00
0.00
0.00
0.00
0.00
0.00
0.00
0.00
0.00
0.00
0.00
0.00
0.00
0.00
0.00
0.00
0.00
0.00
0.00
0.00
0.00
0.00
0.00
0.00
0.00
0.00
0.00
0.00
0.00
0.00
0.00
0.00
0.00
1.41
2.64
-1.14
-6.91
0.99
0.73
-1.39
0.45
0.28
-0.74
-0.81
0.31
0.08
0.51
-0.30
0.00
-0.22
-0.91
1.83
0.70
-1.14
-0.33
-6.91
-1.78
0.71
0.18
-6.91
1.18
0.00
-0.04
6.91
0.85
-0.08
0.78
0.76
-0.45
1.29
0.14
6.91
-6.91
0.94
-0.71
0.38
-3.00
1.29
-0.64
-1.34
0.80
-0.63
-0.56
0.00
2.44
0.00
1.83
-0.79
-0.99
-0.86
-1.02
1.32
-1.33
-1.98
1.20
2.28
0.80
0.66
-3.58
0.61
-2.64
-0.08
1.03
-1.13
0.51
-0.31
0.00
0.00
0.00
0.00
0.00
0.00
0.00
0.00
0.00
0.00
0.00
0.00
0.00
0.00
0.00
0.00
0.00
0.00
0.00
0.00
0.00
0.00
0.00
0.00
0.00
0.00
0.00
0.00
0.00
0.00
0.00
0.00
0.00
0.00
0.00
0.00
0.00
0.00
0.00
0.00
0.00
0.00
0.00
0.00
0.00
0.00
0.00
0.00
0.00
0.00
0.00
0.00
0.00
0.00
0.00
0.00
0.00
0.00
0.00
0.00
0.00
0.00
-0.09
-2.09
6.91
1.13
-1.22
0.00
0.21
-1.22
-2.15
-0.79
0.64
-2.53
2.43
0.00
-0.49
0.44
-1.08
-1.83
-0.06
-2.40
2.62
0.00
-0.37
0.63
-6.91
-1.69
1.25
-3.74
-0.30
-1.99
-0.11
-0.63
0.00
-0.87
-2.17
-0.75
-0.93
3.23
-1.53
0.19
-6.91
0.00
-1.21
0.84
-6.91
6.91
0.93
-1.51
0.00
-0.75
-0.66
-1.36
-0.22
-1.60
-1.48
-0.97
-0.52
-2.23
0.26
2.52
-0.54
-6.91
0.01
0.00
0.00
0.95
-1.14
1.80
-3.11
-0.26
-0.49
-0.49
-0.88
0.00
0.00
0.00
0.00
0.00
0.00
0.00
0.00
0.00
0.00
0.00
0.00
0.00
0.00
0.00
0.00
0.00
0.00
0.00
0.00
0.00
0.00
0.00
0.00
0.00
0.00
0.00
0.00
0.00
0.00
0.00
0.00
0.00
0.00
0.00
0.00
0.00
0.00
0.00
0.00
0.00
0.00
0.00
0.00
0.00
0.00
0.00
0.00
0.00
0.00
0.00
0.00
0.00
0.00
0.00
0.00
0.00
0.00
0.00
0.00
0.00
0.00
0.00
3.67
-0.76
-3.73
3.08
0.13
-4.74
1.46
3.31
0.70
-6.91
2.60
-0.99
0.29
0.59
0.00
0.32
-0.65
0.00
3.32
-0.19
-0.51
-1.20
-6.91
0.51
1.99
-2.77
1.52
0.00
-0.49
0.00
6.91
-0.67
1.57
0.81
0.95
0.00
-1.17
6.91
-6.91
0.94
-1.48
0.94
-0.83
0.93
-0.19
-6.91
3.00
-1.14
-0.23
0.00
0.00
0.00
5.85
-0.17
-0.24
-0.20
0.37
0.00
-1.84
-2.05
0.54
0.00
-0.55
-0.79
-6.91
1.78
-1.73
3.52
2.06
-0.47
0.25
-0.75
0.00
0.00
0.00
0.00
0.00
0.00
0.00
0.00
0.00
0.00
0.00
0.00
0.00
0.00
0.00
0.00
0.00
0.00
0.00
0.00
0.00
0.00
0.00
0.00
0.00
0.00
0.00
0.00
0.00
0.00
0.00
0.00
0.00
0.00
0.00
0.00
0.00
0.00
0.00
0.00
0.00
0.00
0.00
0.00
0.00
0.00
0.00
0.00
0.00
0.00
0.00
0.00
0.00
0.00
0.00
0.00
0.00
0.00
0.00
0.00
0.00
0.00
-0.81
-0.27
6.91
0.57
-1.44
5.11
0.05
-2.66
-2.48
-1.31
0.94
-1.13
6.91
0.00
-6.91
-0.38
-2.60
-0.61
-0.11
-1.40
1.17
6.91
-1.12
0.61
-0.50
-1.24
0.13
-0.15
1.27
-1.59
0.16
-0.64
2.02
-1.18
-0.43
-3.54
0.02
6.91
-0.15
0.75
-1.34
6.91
-1.86
-0.82
-1.31
1.03
0.61
-0.05
6.91
-6.91
0.81
-0.64
0.70
-0.94
-1.16
-1.81
-0.57
-6.91
-0.39
0.93
-1.38
-1.27
-0.74
3.25
6.91
-0.29
-0.48
-0.05
-2.49
-0.62
-1.09
-2.00
-2.95
0.00
0.00
0.00
0.00
0.00
0.00
0.00
0.00
0.00
0.00
0.00
0.00
0.00
0.00
0.00
0.00
0.00
0.00
0.00
0.00
0.00
0.00
0.00
0.00
0.00
0.00
0.00
0.00
0.00
0.00
0.00
0.00
0.00
0.00
0.00
0.00
0.00
0.00
0.00
0.00
0.00
0.00
0.00
0.00
0.00
0.00
0.00
0.00
0.00
0.00
0.00
0.00
0.00
0.00
0.00
0.00
0.00
0.00
0.00
0.00
0.00
0.00
-2.36
-6.91
0.00
1.08
-1.88
0.00
1.64
-1.56
-1.18
-1.38
6.91
-2.29
0.00
0.00
-0.19
-0.51
-0.27
0.20
-0.61
-6.91
0.00
0.00
1.77
2.73
-2.04
-1.78
1.20
-4.15
-0.05
-0.07
-0.83
-1.39
0.00
-2.34
-1.22
-1.03
-2.01
0.00
-1.27
1.21
-6.91
0.00
-0.96
2.22
-1.41
0.00
3.26
-1.86
0.00
-0.16
-0.77
-0.53
-0.76
-6.91
-0.41
-0.20
-1.04
-0.75
-0.80
0.00
1.50
-1.42
-1.29
0.00
0.00
2.97
-5.22
1.08
-3.64
-3.57
0.14
-0.76
0.66
0.00
0.00
0.00
0.00
0.00
0.00
0.00
0.00
0.00
0.00
0.00
0.00
0.00
0.00
0.00
0.00
0.00
0.00
0.00
0.00
0.00
0.00
0.00
0.00
0.00
0.00
0.00
0.00
0.00
0.00
0.00
0.00
0.00
0.00
0.00
0.00
0.00
0.00
0.00
0.00
0.00
0.00
0.00
0.00
0.00
0.00
0.00
0.00
0.00
0.00
0.00
0.00
0.00
0.00
0.00
0.00
0.00
0.00
0.00
0.00
0.00
0.00
-6.91
-1.43
0.00
1.88
-0.50
0.00
1.52
-1.73
-0.77
0.52
0.00
-1.94
0.00
0.00
0.99
-1.89
0.13
-0.35
-0.70
-0.55
0.00
0.00
1.55
6.91
-1.13
-1.02
0.00
-1.00
-1.35
0.91
-1.84
-1.52
0.00
-3.75
-0.56
-0.02
-3.56
0.00
-6.91
2.34
-1.12
0.00
-1.08
2.44
-1.19
0.00
0.00
-0.64
0.00
-0.47
-1.67
-2.62
-2.91
-0.90
-0.29
-0.38
0.93
-0.33
-1.42
0.00
2.55
-0.30
-2.87
0.00
0.00
1.83
-0.60
0.00
-1.20
-1.96
0.21
0.51
0.37
0.00
0.00
0.00
0.00
0.00
0.00
0.00
0.00
0.00
0.00
0.00
0.00
0.00
0.00
0.00
0.00
0.00
0.00
0.00
0.00
0.00
0.00
0.00
0.00
0.00
0.00
0.00
0.00
0.00
0.00
0.00
0.00
0.00
0.00
0.00
0.00
0.00
0.00
0.00
0.00
0.00
0.00
0.00
0.00
0.00
0.00
0.00
0.00
0.00
0.00
0.00
0.00
0.00
0.00
0.00
0.00
0.00
0.00
0.00
0.00
0.00
0.00
-0.10
-0.61
2.67
0.17
-1.38
2.21
-1.29
-2.17
-0.60
-1.16
0.10
-0.36
0.88
5.01
-3.14
0.81
-6.91
-2.73
-0.59
-0.01
0.79
6.91
-0.14
-0.16
-3.16
-1.68
-0.32
-1.28
1.67
-2.87
0.57
-1.34
1.61
-0.42
-0.99
-1.96
-0.34
0.95
-0.45
0.41
-0.66
3.15
-0.54
0.12
-3.03
1.72
-0.03
-1.69
2.65
-1.77
-0.05
-0.48
0.21
-1.06
-2.97
-6.91
-6.91
-2.72
0.67
1.86
-0.59
-2.66
0.28
0.87
6.91
-1.02
-0.18
0.20
-0.33
-0.11
-6.91
-1.76
-3.16
0.00
0.00
0.00
0.00
0.00
0.00
0.00
0.00
0.00
0.00
0.00
0.00
0.00
0.00
0.00
0.00
0.00
0.00
0.00
0.00
0.00
0.00
0.00
0.00
0.00
0.00
0.00
0.00
0.00
0.00
0.00
0.00
0.00
0.00
0.00
0.00
0.00
0.00
0.00
0.00
0.00
0.00
0.00
0.00
0.00
0.00
0.00
0.00
0.00
0.00
0.00
0.00
0.00
0.00
0.00
0.00
0.00
0.00
0.00
0.00
0.00
0.00
0.00
0.00
-1.33
-0.33
0.00
-1.75
0.38
0.00
0.00
1.37
0.36
0.00
-2.58
-5.74
6.91
0.00
0.00
4.33
0.00
0.00
-2.18
-0.94
0.58
-0.64
0.00
0.00
-0.05
0.00
0.00
1.16
0.00
0.00
-1.22
0.00
0.00
0.00
0.00
-1.74
0.00
0.61
0.00
-1.22
0.00
0.29
0.00
-1.20
-0.48
0.00
-1.05
2.92
0.00
0.00
0.00
0.00
1.83
0.00
2.20
6.91
0.00
-1.42
1.45
0.00
0.00
-0.82
-1.13
0.00
0.00
-0.25
0.00
0.00
6.91
0.00
1.73
0.00
0.00
0.00
0.00
0.00
0.00
0.00
0.00
0.00
0.00
0.00
0.00
0.00
0.00
0.00
0.00
0.00
0.00
0.00
0.00
0.00
0.00
0.00
0.00
0.00
0.00
0.00
0.00
0.00
0.00
0.00
0.00
0.00
0.00
0.00
0.00
0.00
0.00
0.00
0.00
0.00
0.00
0.00
0.00
0.00
0.00
0.00
0.00
0.00
0.00
0.00
0.00
0.00
0.00
0.00
0.00
0.00
0.00
0.00
0.00
0.00
0.00
-6.91
-6.91
0.00
2.09
-1.76
0.00
1.41
-1.23
-6.91
-1.24
6.91
-2.06
0.00
0.00
-0.91
-1.86
-0.97
-0.03
-0.79
-1.93
0.00
0.00
1.03
1.63
-0.99
-1.08
1.37
-1.31
-0.47
-0.99
-0.65
-3.04
0.00
-4.17
-3.55
-1.16
-0.59
0.00
-1.45
0.81
-1.17
0.00
-6.91
0.31
-2.33
0.00
6.91
-2.91
0.00
-1.52
-0.44
-6.91
-0.07
-1.19
0.23
-0.16
-0.18
-1.22
-1.18
0.00
1.89
-3.47
-0.94
0.00
0.00
1.54
-1.29
6.91
-0.63
-3.24
-1.17
-1.61
0.61
0.00
0.00
0.00
0.00
0.00
0.00
0.00
0.00
0.00
0.00
0.00
0.00
0.00
0.00
0.00
0.00
0.00
0.00
0.00
0.00
0.00
0.00
0.00
0.00
0.00
0.00
0.00
0.00
0.00
0.00
0.00
0.00
0.00
0.00
0.00
0.00
0.00
0.00
0.00
0.00
0.00
0.00
0.00
0.00
0.00
0.00
0.00
0.00
0.00
0.00
0.00
0.00
0.00
0.00
0.00
0.00
0.00
0.00
0.00
0.00
0.00
0.00
1.14
-0.93
1.84
-0.41
-0.25
1.63
-0.35
-0.23
-0.06
-3.91
-0.44
-0.28
1.91
1.77
-6.91
0.47
-6.91
-6.91
0.96
0.02
0.24
1.69
-0.34
-0.45
-1.28
-1.18
-0.80
-0.76
0.86
-1.40
0.74
-0.89
3.46
-0.30
-0.90
-3.17
0.39
2.23
0.60
-1.02
-1.65
6.91
-0.45
-0.11
-0.88
1.20
0.13
-0.41
1.05
-0.80
0.40
0.30
1.71
-0.17
-6.91
-1.67
-2.78
-2.42
0.72
0.86
-1.12
-1.10
0.55
2.94
6.91
-0.26
-0.67
-0.91
-1.39
0.07
-6.91
-0.65
-6.91
0.00
0.00
0.00
0.00
0.00
0.00
0.00
0.00
0.00
0.00
0.00
0.00
0.00
0.00
0.00
0.00
0.00
0.00
0.00
0.00
0.00
0.00
0.00
0.00
0.00
0.00
0.00
0.00
0.00
0.00
0.00
0.00
0.00
0.00
0.00
0.00
0.00
0.00
0.00
0.00
0.00
0.00
0.00
0.00
0.00
0.00
0.00
0.00
0.00
0.00
0.00
0.00
0.00
0.00
0.00
0.00
0.00
0.00
0.00
0.00
0.00
0.00
0.00
0.00
-6.91
-0.07
0.00
-1.52
-0.99
6.91
0.00
6.91
-1.26
0.00
-6.91
-4.08
1.63
0.00
1.62
0.80
0.00
0.00
-6.91
-1.33
-0.35
-1.08
1.61
0.00
-0.77
0.00
0.00
3.86
0.00
0.00
-2.21
0.00
0.00
0.92
0.00
-3.84
0.00
0.30
0.00
-2.28
0.00
-0.75
6.91
-6.91
-0.54
0.00
-4.92
6.91
0.00
0.00
0.00
0.00
1.14
4.37
-0.03
6.91
0.00
-1.43
-0.03
0.00
0.00
-0.71
-1.90
0.16
0.00
-1.16
1.55
0.00
2.91
0.90
0.24
0.00
0.00
0.00
0.00
0.00
0.00
0.00
0.00
0.00
0.00
0.00
0.00
0.00
0.00
0.00
0.00
0.00
0.00
0.00
0.00
0.00
0.00
0.00
0.00
0.00
0.00
0.00
0.00
0.00
0.00
0.00
0.00
0.00
0.00
0.00
0.00
0.00
0.00
0.00
0.00
0.00
0.00
0.00
0.00
-2.27
0.00
0.00
-3.53
-2.04
-2.66
6.91
1.97
-0.38
0.00
0.38
-1.33
-1.70
0.38
0.00
-2.03
-0.14
0.00
0.00
0.00
0.00
0.00
0.00
0.00
0.00
0.00
0.00
0.00
0.00
0.00
0.00
0.00
0.00
0.00
0.00
0.00
-1.91
-1.83
0.00
0.00
1.07
1.82
-1.17
-0.88
0.00
-3.59
-1.18
0.28
-6.91
-6.91
0.00
-1.81
-1.38
0.49
-6.91
0.00
-1.42
6.91
-1.57
0.00
-2.06
6.91
-0.61
0.00
0.00
-1.01
0.00
-0.55
-1.71
-1.69
-1.76
-2.21
1.04
-0.91
-0.21
-0.79
-1.26
0.00
2.70
-0.32
-6.91
0.00
0.00
6.91
-0.91
0.00
-1.98
-1.93
0.81
-0.71
1.05
-1.74
0.00
-0.79
0.00
0.00
0.00
-0.41
-6.91
2.44
-3.56
4.11
-1.04
-0.77
-0.40
0.00
0.00
0.00
0.00
0.00
0.00
0.00
0.00
0.00
0.00
0.00
0.00
0.00
0.00
0.00
0.00
0.00
0.00
0.00
0.00
0.00
0.00
0.00
0.00
0.00
0.00
0.00
0.00
0.00
0.00
-1.52
0.00
0.00
-2.09
-1.50
-0.87
1.23
1.85
-1.00
1.67
-0.08
-1.31
-1.99
-0.12
0.00
-1.21
-0.42
0.00
0.00
0.00
0.00
0.00
0.00
0.00
0.00
0.00
0.00
0.00
0.00
0.00
0.00
0.00
0.00
0.00
0.00
0.00
-1.62
-1.59
0.00
0.00
2.40
1.11
-1.19
-2.83
4.27
-6.91
-2.34
-1.11
-0.81
-1.70
0.00
-1.88
-1.85
-0.67
-1.11
0.00
-6.91
1.49
-1.09
0.00
-1.11
1.61
-0.43
0.00
6.91
-1.98
0.00
0.05
-0.46
-1.62
-0.61
-2.63
-0.95
-0.92
-0.28
-0.69
-1.60
0.00
1.25
-1.41
-1.88
0.00
0.00
3.60
-3.06
3.66
-0.57
-1.86
-0.23
-0.78
0.33
-6.91
0.00
-7.53
0.00
6.91
0.00
-0.24
-2.30
1.29
-1.60
2.32
-0.98
-0.82
-1.28
0.00
0.00
0.00
0.00
0.00
0.00
0.00
0.00
0.00
0.00
0.00
0.00
0.00
0.00
0.00
0.00
0.00
0.00
0.00
0.00
0.00
0.00
0.00
0.00
0.00
0.00
0.00
0.00
0.00
0.00
0.00
-2.02
-0.70
0.00
1.65
0.00
-0.34
-0.78
6.91
-2.08
1.60
0.00
0.00
3.11
-2.27
0.00
1.08
-1.15
0.00
0.00
0.00
0.00
0.00
0.00
0.00
0.00
0.00
0.00
0.00
0.00
0.00
0.00
0.00
0.00
0.00
0.00
0.00
0.00
-6.91
-2.28
-0.55
-0.31
2.29
0.00
-0.16
0.00
0.00
1.16
0.00
0.00
-1.46
0.00
0.00
6.91
0.00
-3.32
0.00
-1.00
0.00
-1.46
0.00
-0.38
6.91
-1.23
-1.51
0.00
-2.93
3.23
0.00
0.00
0.00
0.00
2.09
0.79
0.54
3.62
0.00
-1.60
-0.04
0.00
0.00
-1.67
-2.00
-0.65
0.00
-0.65
1.75
0.00
1.64
1.48
1.44
0.00
-2.10
0.00
-6.91
-2.28
-2.07
0.00
0.00
-1.13
0.00
0.10
0.00
0.00
2.53
0.00
0.00
0.00
0.00
0.00
0.00
0.00
0.00
0.00
0.00
0.00
0.00
0.00
0.00
0.00
0.00
0.00
0.00
0.00
0.00
0.00
0.00
0.00
0.00
0.00
0.00
0.00
0.00
0.00
0.00
6.91
-0.51
-0.33
0.95
0.20
0.43
-2.25
-2.41
0.65
-6.91
-0.62
2.52
3.03
-0.09
-0.38
6.91
-0.39
-1.02
0.00
0.00
0.00
0.00
0.00
0.00
0.00
0.00
0.00
0.00
0.00
0.00
0.00
0.00
0.00
0.00
0.00
0.00
6.91
1.66
-1.20
0.23
-1.45
-1.51
0.95
1.98
-1.60
2.59
0.00
-0.09
0.00
1.20
0.52
0.86
0.41
0.14
0.00
-0.04
0.84
-6.91
1.27
-0.22
1.85
-1.15
0.33
-0.09
-6.91
0.76
-0.44
0.52
0.00
0.00
0.00
2.20
-0.27
0.90
-0.01
0.00
0.00
-1.73
-6.91
0.58
1.75
-1.29
-0.15
-1.48
1.15
-6.91
0.95
6.91
-0.10
0.25
-0.25
0.00
-1.70
0.23
0.08
-1.84
-0.12
0.00
1.94
-1.18
1.62
-1.46
0.00
6.91
0.69
0.00
0.00
0.00
0.00
0.00
0.00
0.00
0.00
0.00
0.00
0.00
0.00
0.00
0.00
0.00
0.00
0.00
0.00
0.00
0.00
0.00
0.00
0.00
0.00
0.00
0.00
0.00
0.00
0.00
0.00
-0.41
1.79
0.00
-2.81
-6.91
-2.10
0.43
1.02
-1.14
0.75
-0.50
-2.84
-0.17
-1.27
0.00
-6.91
-1.48
0.00
0.00
0.00
0.00
0.00
0.00
0.00
0.00
0.00
0.00
0.00
0.00
0.00
0.00
0.00
0.00
0.00
0.00
0.00
-0.36
-0.48
2.16
0.00
-0.39
0.25
-1.18
-1.17
0.83
-6.91
-0.81
-0.88
-0.81
-1.92
0.00
-1.31
-6.91
-6.91
-0.60
1.50
-1.22
0.59
-1.34
0.00
-3.11
0.96
-2.05
0.00
2.24
-2.92
0.00
-0.99
0.03
-1.22
0.32
-3.58
-1.53
-0.52
-0.33
-0.48
-0.94
6.91
0.01
-1.34
-0.59
0.00
0.00
1.26
-0.87
2.05
-4.83
-0.74
-0.48
-1.72
-0.16
-1.41
1.39
-1.40
0.00
0.41
0.00
-0.66
-1.71
0.42
-1.90
-0.47
-1.71
-3.37
-1.19
0.00
0.00
0.00
0.00
0.00
0.00
0.00
0.00
0.00
0.00
0.00
0.00
0.00
0.00
0.00
0.00
0.00
0.00
0.00
0.00
0.00
0.00
0.00
0.00
0.00
0.00
0.00
0.00
0.00
0.00
0.00
-0.58
-6.91
0.00
0.00
0.00
-0.96
0.04
0.00
-0.80
6.91
0.00
0.00
3.12
-1.35
0.00
3.09
-1.59
0.00
0.00
0.00
0.00
0.00
0.00
0.00
0.00
0.00
0.00
0.00
0.00
0.00
0.00
0.00
0.00
0.00
0.00
0.00
0.00
-6.81
-6.91
1.03
0.54
0.00
0.00
0.23
0.00
0.00
3.04
0.00
0.00
-3.89
0.00
0.00
0.00
0.00
-1.82
0.00
0.39
0.00
-1.36
0.00
0.52
0.00
-1.69
-0.26
0.00
-6.91
3.13
0.00
0.00
0.00
0.00
1.29
0.00
0.99
2.39
0.00
-2.30
0.63
0.00
0.00
-6.91
-1.78
0.69
0.00
0.49
0.00
0.00
6.91
6.91
1.54
0.00
-0.93
0.00
-1.67
-0.65
-2.34
0.00
0.00
-0.41
0.00
0.39
0.00
0.00
0.00
0.00
0.00
0.00
0.00
0.00
0.00
0.00
0.00
0.00
0.00
0.00
0.00
0.00
0.00
0.00
0.00
0.00
0.00
0.00
0.00
0.00
0.00
0.00
0.00
0.00
0.00
0.00
0.00
0.00
0.00
5.13
-1.26
0.82
1.83
-0.28
0.07
-2.97
-6.91
0.74
-0.72
-0.15
1.85
1.34
-1.25
0.69
1.05
-0.48
-0.34
0.00
0.00
0.00
0.00
0.00
0.00
0.00
0.00
0.00
0.00
0.00
0.00
0.00
0.00
0.00
0.00
0.00
0.00
0.88
0.49
0.25
-0.13
-6.91
-1.49
0.25
0.54
-0.68
0.66
0.00
0.27
6.91
0.41
-0.04
1.48
-0.11
-0.20
7.60
-0.91
2.43
-1.82
-0.02
-0.03
1.29
-6.91
0.00
-0.47
-1.07
0.79
0.31
-0.20
0.00
6.91
0.00
2.51
-0.73
0.24
-1.13
-0.66
1.59
-0.72
-5.18
-0.07
1.15
0.14
0.73
-1.11
0.99
-2.03
0.30
0.75
-1.00
-0.19
-0.90
6.91
-0.93
0.54
-0.30
-0.87
-0.30
0.00
1.75
-4.25
1.20
-6.91
1.36
1.06
0.65
0.00
0.00
0.00
0.00
0.00
0.00
0.00
0.00
0.00
0.00
0.00
0.00
0.00
0.00
0.00
0.00
0.00
0.00
0.00
0.00
0.00
0.00
0.00
0.00
0.00
0.00
0.00
0.00
0.00
0.00
-1.09
2.72
0.00
-2.07
-6.91
-2.28
0.07
0.98
-2.55
0.71
-1.64
-3.27
-0.33
-0.44
0.00
-1.96
-0.46
6.91
0.00
0.00
0.00
0.00
0.00
0.00
0.00
0.00
0.00
0.00
0.00
0.00
0.00
0.00
0.00
0.00
0.00
0.00
-0.97
-0.61
2.50
0.00
-0.28
0.55
-6.91
-0.72
2.32
-4.29
0.25
-0.18
-0.27
-0.54
0.00
-2.01
-1.25
-0.22
-0.64
1.81
-1.73
1.00
-1.56
0.00
-0.96
-0.34
-2.10
1.46
0.38
-0.84
0.00
-0.60
0.14
-0.91
0.10
-0.60
-1.12
-2.13
-1.04
-1.04
-0.32
2.29
0.88
-0.85
-1.16
0.00
0.00
0.18
-3.86
2.24
-2.57
-0.44
-2.10
-0.47
-0.74
-0.71
1.85
-2.00
0.00
2.07
0.00
0.15
-0.90
1.42
-1.24
-0.03
-0.81
-1.80
-6.91
0.00
0.00
0.00
0.00
0.00
0.00
0.00
0.00
0.00
0.00
0.00
0.00
0.00
0.00
0.00
0.00
0.00
0.00
0.00
0.00
0.00
0.00
0.00
0.00
0.00
0.00
0.00
0.00
0.00
0.00
-2.26
0.00
0.00
-2.76
-1.44
-6.91
2.33
1.70
-2.65
6.91
-0.69
-1.31
-0.43
-1.49
0.00
-6.91
-0.66
0.00
0.00
0.00
0.00
0.00
0.00
0.00
0.00
0.00
0.00
0.00
0.00
0.00
0.00
0.00
0.00
0.00
0.00
0.00
-1.75
-3.84
0.00
0.00
0.17
0.26
-0.94
-1.30
3.17
-1.30
0.14
-1.66
-1.09
-6.91
0.00
-0.79
-1.24
-0.30
-0.94
0.00
-1.53
0.82
-6.91
0.00
-3.05
-0.00
-2.58
0.00
2.80
-1.97
0.00
-1.35
-0.43
-0.75
-0.08
-1.57
-0.95
-0.63
-0.57
-1.15
-2.40
0.00
1.03
-1.25
-1.66
0.00
0.00
0.42
-1.93
2.04
-0.93
-2.77
-1.83
-0.19
-0.23
-0.87
0.00
-1.24
0.00
1.26
0.00
-0.93
-1.07
1.70
-2.30
1.40
-1.94
-0.74
-2.86
0.00
0.00
0.00
0.00
0.00
0.00
0.00
0.00
0.00
0.00
0.00
0.00
0.00
0.00
0.00
0.00
0.00
0.00
0.00
0.00
0.00
0.00
0.00
0.00
0.00
0.00
0.00
0.00
0.00
0.00
-0.69
2.56
2.77
-0.67
-0.30
-0.19
-0.56
0.11
-1.64
0.62
-1.33
-0.57
0.43
-6.91
6.91
0.21
-6.91
1.67
0.00
0.00
0.00
0.00
0.00
0.00
0.00
0.00
0.00
0.00
0.00
0.00
0.00
0.00
0.00
0.00
0.00
0.00
0.86
-0.60
2.28
6.91
-0.22
0.10
-1.68
-0.97
0.34
-1.70
1.68
-1.69
0.52
-1.00
3.38
0.34
-0.94
-3.52
0.18
0.85
-0.56
-0.73
-2.23
3.33
-0.01
-0.52
-1.31
0.79
-0.16
-0.53
1.15
-6.91
-0.08
0.48
0.16
-0.48
-1.24
-1.02
-1.69
-1.50
0.23
0.50
-1.65
-1.79
-0.40
2.41
4.12
0.24
-0.39
-0.41
-0.98
0.31
-6.91
-6.91
-3.21
-0.23
1.21
-2.04
1.53
-0.47
6.91
0.47
-0.32
0.07
0.18
0.03
0.06
0.63
-2.25
0.00
0.00
0.00
0.00
0.00
0.00
0.00
0.00
0.00
0.00
0.00
0.00
0.00
0.00
0.00
0.00
0.00
0.00
0.00
0.00
0.00
0.00
0.00
0.00
0.00
0.00
0.00
0.00
0.00
0.00
0.00
-1.86
-0.96
1.17
0.34
2.50
-2.78
-6.91
1.43
-1.33
0.46
3.67
0.00
0.80
-1.08
6.91
-0.57
-1.61
0.00
0.00
0.00
0.00
0.00
0.00
0.00
0.00
0.00
0.00
0.00
0.00
0.00
0.00
0.00
0.00
0.00
0.00
0.00
1.71
-0.47
-0.83
-2.12
-3.59
1.05
1.47
-2.11
2.47
0.00
-0.61
0.00
0.99
-0.66
6.91
1.54
1.17
0.00
-1.99
6.91
-1.12
0.54
-0.22
1.83
-2.89
0.59
-0.95
-6.91
4.31
-1.11
0.76
0.00
0.00
0.00
1.77
-0.76
1.51
-0.81
-0.09
0.00
-1.40
-2.55
1.96
1.75
-0.57
-1.08
-0.87
6.91
-6.91
0.78
6.91
0.01
0.28
-0.40
0.00
-2.12
0.72
-0.34
-1.88
-0.62
0.00
1.55
-1.21
1.40
-0.93
0.00
6.91
1.17
0.00
0.00
0.00
0.00
0.00
0.00
0.00
0.00
0.00
0.00
0.00
0.00
0.00
0.00
0.00
0.00
0.00
0.00
0.00
0.00
0.00
0.00
0.00
0.00
0.00
0.00
0.00
0.00
0.00
0.00
-1.19
0.00
0.00
-1.13
-3.37
-5.60
1.49
0.32
-0.75
1.15
-0.54
-6.91
-2.71
-0.93
0.00
-1.97
-0.37
0.00
0.00
0.00
0.00
0.00
0.00
0.00
0.00
0.00
0.00
0.00
0.00
0.00
0.00
0.00
0.00
0.00
0.00
0.00
-2.02
-6.91
0.00
0.00
1.56
3.07
-3.67
-1.39
1.37
-1.46
-1.05
-0.37
-3.42
-1.01
0.00
-2.33
-0.99
-0.42
-0.99
0.00
-6.91
1.27
-2.78
0.00
-1.05
0.42
-0.96
0.00
0.90
-1.26
0.00
-0.51
-0.45
-0.95
-0.14
-1.52
0.28
-0.30
-0.92
-1.09
-6.91
0.00
0.10
-1.17
-1.19
0.00
0.00
1.56
-6.91
0.94
-6.91
-0.93
-0.20
-0.03
0.25
-1.24
0.00
-6.91
0.00
2.10
0.00
0.31
-2.66
1.63
-1.26
1.11
-0.98
-6.91
-1.26
0.00
0.00
0.00
0.00
0.00
0.00
0.00
0.00
0.00
0.00
0.00
0.00
0.00
0.00
0.00
0.00
0.00
0.00
0.00
0.00
0.00
0.00
0.00
0.00
0.00
0.00
0.00
0.00
0.00
0.00
0.00
-2.77
-1.39
0.00
0.00
0.00
-0.34
0.60
6.91
-0.27
2.89
0.00
0.00
0.81
-6.91
0.00
1.16
-6.91
0.00
0.00
0.00
0.00
0.00
0.00
0.00
0.00
0.00
0.00
0.00
0.00
0.00
0.00
0.00
0.00
0.00
0.00
0.00
0.00
-2.55
-1.89
0.60
-0.35
1.80
0.00
-0.00
0.00
0.00
0.71
0.00
0.00
-1.83
0.00
0.00
2.36
0.00
-2.50
0.00
-1.32
0.00
-1.61
0.00
-0.75
2.84
-6.91
-1.67
0.00
-0.76
0.90
0.00
0.00
0.00
0.00
1.09
1.09
1.23
2.43
0.00
-4.91
0.25
0.00
0.00
-1.62
-1.56
-0.18
0.00
-0.25
2.25
0.00
1.57
1.35
1.24
0.00
-1.77
0.00
-3.10
0.00
-0.91
0.00
0.00
-0.50
0.00
-0.82
0.00
0.00
6.91
0.00
0.00
0.00
0.00
0.00
0.00
0.00
0.00
0.00
0.00
0.00
0.00
0.00
0.00
0.00
0.00
0.00
0.00
0.00
0.00
0.00
0.00
0.00
0.00
0.00
0.00
0.00
0.00
0.00
0.00
0.00
-0.41
-1.25
0.00
0.00
0.00
0.03
1.12
0.00
0.58
0.00
0.00
0.00
1.47
-4.00
0.00
1.73
-0.68
0.00
0.00
0.00
0.00
0.00
0.00
0.00
0.00
0.00
0.00
0.00
0.00
0.00
0.00
0.00
0.00
0.00
0.00
0.00
0.00
-1.73
-1.59
-0.09
0.59
0.00
0.00
0.45
0.00
0.00
6.91
0.00
0.00
-1.33
0.00
0.00
0.00
0.00
-0.39
0.00
0.38
0.00
-2.89
0.00
0.13
0.00
-0.67
-0.40
0.00
-1.81
6.91
0.00
0.00
0.00
0.00
3.07
0.00
1.33
6.91
0.00
-1.66
1.70
0.00
0.00
-1.55
-2.73
0.21
0.00
0.20
0.00
0.00
1.49
0.00
6.91
0.00
-1.69
0.00
-0.69
0.54
-1.50
0.00
0.00
-0.33
0.00
0.42
0.00
0.00
0.00
0.00
0.00
0.00
0.00
0.00
0.00
0.00
0.00
0.00
0.00
0.00
0.00
0.00
0.00
0.00
0.00
0.00
0.00
0.00
0.00
0.00
0.00
0.00
0.00
0.00
0.00
0.00
0.00
0.00
0.00
0.70
1.23
3.53
-0.07
-0.26
-0.65
-0.64
0.12
-1.35
0.49
-1.48
0.18
0.75
-1.89
3.59
0.28
-1.72
1.26
0.00
0.00
0.00
0.00
0.00
0.00
0.00
0.00
0.00
0.00
0.00
0.00
0.00
0.00
0.00
0.00
0.00
0.00
0.27
-0.55
1.71
1.27
-1.15
-0.50
-1.65
-1.65
-0.45
-0.11
-0.02
-6.91
0.36
-0.47
1.62
-0.24
-0.29
-0.75
0.13
0.74
-0.02
0.38
-0.55
5.32
-1.15
-0.63
-1.71
2.12
-0.08
-1.30
3.65
-1.13
0.19
-0.44
1.27
-0.47
-2.71
-2.48
-4.11
-6.91
0.16
1.01
-0.28
-2.22
-0.74
7.10
0.95
-0.25
-1.08
0.27
-0.94
-0.74
-1.82
-1.52
-1.64
0.75
0.76
-0.10
1.07
0.71
1.31
1.58
-1.03
0.34
-0.10
-0.54
-0.20
-0.11
-1.59
0.00
0.00
0.00
0.00
0.00
0.00
0.00
0.00
0.00
0.00
0.00
0.00
0.00
0.00
0.00
0.00
0.00
0.00
0.00
0.00
0.00
0.00
0.00
0.00
0.00
0.00
0.00
0.00
0.00
0.00
-3.54
0.00
0.00
-1.02
-1.19
-0.18
0.00
0.00
-0.66
0.00
0.06
-0.53
-0.54
-0.22
0.00
-1.73
0.65
0.00
0.00
0.00
0.00
0.00
0.00
0.00
0.00
0.00
0.00
0.00
0.00
0.00
0.00
0.00
0.00
0.00
0.00
0.00
-0.80
-1.78
0.00
0.00
0.00
0.00
-0.39
-0.32
0.00
-0.88
-6.91
0.22
-0.76
-0.56
0.00
-0.81
-0.11
0.03
-2.53
0.00
-0.65
0.00
-1.24
0.00
0.02
0.00
-0.15
0.00
0.00
-0.35
0.00
1.56
-6.91
-1.07
-3.46
-0.26
0.19
0.08
1.94
0.78
-0.90
0.00
6.91
0.24
-0.88
0.00
0.00
0.00
-0.02
0.00
-0.26
-0.62
-0.04
0.14
1.48
-2.50
0.00
-1.33
0.00
0.00
0.00
-0.81
-1.44
0.00
-3.88
6.91
-1.60
-0.83
-0.77
0.00
0.00
0.00
0.00
0.00
0.00
0.00
0.00
0.00
0.00
0.00
0.00
0.00
0.00
0.00
0.00
0.00
0.00
0.00
0.00
0.00
0.00
0.00
0.00
0.00
0.00
0.00
0.00
0.00
0.00
-0.65
1.32
0.00
-0.01
-1.60
-0.37
0.87
-0.42
-3.03
1.02
-2.17
-0.63
-0.01
-1.60
0.00
-0.77
-2.92
1.16
0.00
0.00
0.00
0.00
0.00
0.00
0.00
0.00
0.00
0.00
0.00
0.00
0.00
0.00
0.00
0.00
0.00
0.00
-0.47
-1.12
1.75
5.04
0.09
0.01
-2.00
-1.48
0.16
-0.41
0.41
-6.91
0.59
-1.11
1.43
-0.50
-1.08
-4.69
0.18
0.64
-0.48
0.11
-1.29
3.18
-1.23
-0.64
-2.26
2.29
1.12
-1.03
2.71
-3.21
-0.24
-0.63
1.39
-1.31
-1.28
-1.97
-0.32
-6.91
-0.27
2.48
-0.71
-4.07
-0.12
2.57
6.91
-0.37
-0.45
0.16
-1.07
-0.86
-6.91
-6.91
-3.06
0.13
6.91
-2.22
6.91
0.47
2.79
0.04
-0.63
-0.01
-0.35
-0.71
0.40
-0.07
-0.89
0.00
0.00
0.00
0.00
0.00
0.00
0.00
0.00
0.00
0.00
0.00
0.00
0.00
0.00
0.00
0.00
0.00
0.00
0.00
0.00
0.00
0.00
0.00
0.00
0.00
0.00
0.00
0.00
0.00
0.00
0.11
0.78
1.29
0.91
-1.62
0.36
0.18
-0.93
-0.57
0.55
-1.18
-1.03
1.43
-6.91
2.40
0.04
-2.02
0.44
0.00
0.00
0.00
0.00
0.00
0.00
0.00
0.00
0.00
0.00
0.00
0.00
0.00
0.00
0.00
0.00
0.00
0.00
-0.10
0.35
0.64
0.93
-0.26
-0.75
-2.01
-0.53
-0.76
0.19
0.95
-1.17
0.31
0.33
0.94
0.46
-0.40
-1.28
1.67
0.22
-0.19
0.17
-0.43
2.33
0.03
-1.18
-0.41
0.90
-0.42
0.27
1.94
-1.57
0.84
0.02
1.18
0.24
-1.48
-0.72
-2.46
-0.96
-0.08
1.31
-1.99
-0.21
-0.15
3.49
1.78
-0.81
0.35
-1.07
-0.59
-0.22
-2.06
-0.75
-1.24
0.02
1.41
0.25
0.61
-0.56
0.45
0.65
0.48
-1.27
-0.09
-1.31
0.97
0.63
-1.14
0.00
0.00
0.00
0.00
0.00
0.00
0.00
0.00
0.00
0.00
0.00
0.00
0.00
0.00
0.00
0.00
0.00
0.00
0.00
0.00
0.00
0.00
0.00
0.00
0.00
0.00
0.00
0.00
0.00
0.00
-1.53
0.00
0.00
-3.74
-0.60
-2.23
2.14
0.98
-1.15
0.00
0.43
-0.77
-1.72
0.90
0.00
-1.66
0.46
0.00
-6.91
-6.91
0.00
3.04
-1.89
0.00
3.13
-1.41
-1.35
0.88
0.00
-3.66
0.00
0.00
1.05
-4.43
0.34
-0.20
0.00
0.00
0.00
0.00
0.00
0.00
0.00
0.00
0.00
0.00
0.00
0.00
0.00
0.00
0.00
0.00
0.00
0.00
-2.51
0.00
-1.17
2.04
-0.22
0.00
-2.56
3.97
-0.06
0.00
0.00
-3.35
0.00
-0.41
-2.93
-1.78
-0.90
-0.72
-0.14
-0.45
-0.04
-0.21
-6.91
0.00
1.88
-2.12
-2.43
0.00
0.00
2.17
-6.03
0.00
-0.29
-0.82
1.00
0.09
0.90
-6.91
0.00
-0.74
0.00
0.00
0.00
-3.69
-1.04
6.91
-3.13
6.91
-4.43
-0.86
-1.29
-6.91
0.00
0.00
-6.91
-1.66
-1.00
-1.02
0.00
-1.45
-1.34
0.00
0.00
0.00
0.00
0.00
0.00
0.00
0.00
0.00
0.00
0.00
0.00
0.00
0.00
0.00
0.00
0.00
0.00
0.00
0.00
-4.57
0.00
0.00
-6.91
-1.94
-0.98
1.66
0.59
-0.14
6.91
-0.70
-2.08
-1.29
-0.12
0.00
-4.23
-0.32
0.00
-4.56
-3.15
0.00
0.86
-2.80
0.00
3.13
-0.34
-1.24
0.13
6.91
-2.08
0.00
0.00
0.49
-1.20
-0.30
0.78
0.00
0.00
0.00
0.00
0.00
0.00
0.00
0.00
0.00
0.00
0.00
0.00
0.00
0.00
0.00
0.00
0.00
0.00
-1.28
0.00
-6.91
1.41
-0.72
0.00
-3.11
1.39
-0.84
0.00
2.10
-1.83
0.00
-0.17
-0.31
-2.01
-0.69
-2.15
-0.24
0.13
0.36
-0.72
-1.78
0.00
0.33
-0.59
-6.91
0.00
0.00
1.91
-0.90
6.91
-1.12
-2.85
0.34
-0.15
-0.31
-1.60
0.00
-1.68
0.00
3.47
0.00
-0.57
-6.91
1.93
-6.91
0.61
-0.92
-4.82
-0.36
-1.89
0.00
0.00
-6.91
-3.13
-1.42
-0.49
1.18
-0.54
-1.91
0.00
0.00
0.00
0.00
0.00
0.00
0.00
0.00
0.00
0.00
0.00
0.00
0.00
0.00
0.00
0.00
0.00
0.00
0.00
0.00
0.00
-6.91
-3.72
0.00
6.91
0.00
-1.67
0.20
1.24
-0.78
6.91
0.00
0.00
0.91
-5.79
0.00
1.66
-1.43
0.00
0.00
-6.91
-1.68
6.91
-1.90
-0.23
1.98
0.00
0.60
-0.99
0.00
-6.91
-1.23
1.07
0.00
6.91
0.42
0.00
0.00
0.00
0.00
0.00
0.00
0.00
0.00
0.00
0.00
0.00
0.00
0.00
0.00
0.00
0.00
0.00
0.00
0.00
-6.91
0.00
-0.36
0.00
-1.37
0.00
-0.81
6.91
-1.36
-1.16
0.00
-2.03
0.74
0.00
0.00
0.00
0.00
1.84
6.91
1.92
3.01
0.00
-6.91
-0.49
0.00
0.00
-1.02
-2.48
0.23
0.00
-0.75
6.91
0.00
0.40
1.05
1.43
0.00
-1.43
0.00
-0.73
-1.46
-1.70
0.00
0.00
0.20
0.00
0.51
0.00
0.00
1.66
0.00
-6.91
-6.91
0.00
0.00
0.00
0.00
-1.28
0.00
0.00
0.00
0.00
0.00
0.00
0.00
0.00
0.00
0.00
0.00
0.00
0.00
0.00
0.00
0.00
0.00
0.00
0.00
0.00
0.00
0.00
0.00
-2.97
-1.77
0.00
0.00
0.00
-0.50
0.72
0.00
0.05
6.91
0.00
0.00
1.01
-1.02
0.00
1.05
-1.24
0.00
0.00
-0.96
-0.11
0.00
-2.08
0.32
0.00
0.00
2.15
-0.29
0.00
-1.85
-1.18
6.91
0.00
1.44
4.98
0.00
0.00
0.00
0.00
0.00
0.00
0.00
0.00
0.00
0.00
0.00
0.00
0.00
0.00
0.00
0.00
0.00
0.00
0.00
-0.98
0.00
0.53
0.00
-6.91
0.00
0.03
0.00
-1.88
-1.43
0.00
-2.38
1.73
0.00
0.00
0.00
0.00
0.80
0.00
1.67
1.16
0.00
-6.04
0.51
0.00
0.00
-2.54
-0.96
0.10
0.00
-0.11
0.00
0.00
2.33
1.56
0.38
0.00
-2.61
0.00
-6.91
-1.04
-3.02
0.00
0.00
-0.12
0.00
0.79
0.00
0.00
0.00
0.00
-0.73
-4.31
0.00
0.00
0.00
0.00
-1.21
0.00
0.00
0.00
0.00
0.00
0.00
0.00
0.00
0.00
0.00
0.00
0.00
0.00
0.00
0.00
0.00
0.00
0.00
0.00
0.00
0.00
0.00
6.91
-0.02
-0.05
0.50
0.65
1.73
-3.54
-6.91
0.38
-0.68
-0.26
1.63
2.94
-0.30
1.28
0.44
-1.14
-0.05
6.91
2.48
0.45
-6.91
0.46
0.17
-6.91
-0.38
1.48
-0.50
-0.65
1.41
0.10
1.07
-1.19
0.00
-0.68
-0.42
0.00
0.00
0.00
0.00
0.00
0.00
0.00
0.00
0.00
0.00
0.00
0.00
0.00
0.00
0.00
0.00
0.00
0.00
1.98
-0.30
1.13
-3.62
1.34
0.25
0.21
-6.91
0.31
-0.34
-0.56
2.04
0.25
-0.18
0.00
1.01
0.00
0.87
-0.76
-0.14
-1.81
-0.75
1.21
-0.97
-6.91
-0.07
1.21
-0.46
0.31
-6.91
1.39
-1.03
0.00
0.86
-0.12
0.06
-2.78
4.05
-0.82
-0.24
-0.64
-0.69
-0.16
0.00
0.97
-2.92
6.91
-6.91
6.91
1.48
-0.38
6.91
-0.32
0.25
0.60
2.05
1.96
0.19
-2.61
0.00
1.11
0.00
0.00
0.00
0.00
0.00
0.00
0.00
0.00
0.00
0.00
0.00
0.00
0.00
0.00
0.00
0.00
0.00
0.00
0.00
0.00
2.16
-0.20
-0.56
3.12
0.21
0.33
-1.82
-1.18
0.63
-1.19
-0.61
0.80
6.91
0.65
0.05
1.72
-0.96
-0.06
2.62
2.31
-0.55
-2.15
0.76
-0.57
-3.13
1.80
2.60
0.53
-6.91
2.92
-0.99
0.05
-0.68
0.00
0.82
0.05
0.00
0.00
0.00
0.00
0.00
0.00
0.00
0.00
0.00
0.00
0.00
0.00
0.00
0.00
0.00
0.00
0.00
0.00
0.00
-0.50
0.95
-6.91
0.54
-0.92
1.35
-1.48
-0.04
-0.52
-1.20
1.03
0.06
-0.33
0.00
6.91
0.00
2.10
-0.16
0.04
-0.26
-0.33
0.00
-0.40
-0.93
0.14
6.91
-1.16
-0.92
-6.91
4.95
-6.91
0.34
6.91
0.50
0.18
-1.69
0.00
-0.84
1.16
0.48
-6.91
-0.36
0.00
0.82
-2.21
1.15
-3.75
0.00
1.88
0.28
0.00
-1.11
-0.52
2.76
2.14
2.47
1.10
-2.25
0.00
0.00
0.00
0.00
0.00
0.00
0.00
0.00
0.00
0.00
0.00
0.00
0.00
0.00
0.00
0.00
0.00
0.00
0.00
0.00
0.00
0.00
0.16
1.57
0.00
-0.91
-6.91
-0.55
-0.01
0.87
-1.59
0.44
-1.57
-2.19
-0.87
-1.35
0.00
-0.57
-1.89
1.50
-0.63
-0.98
6.91
1.07
-6.91
0.00
0.47
-1.34
-0.91
-0.75
0.37
-0.83
1.43
0.00
-2.69
0.45
-3.37
-2.15
0.00
0.00
0.00
0.00
0.00
0.00
0.00
0.00
0.00
0.00
0.00
0.00
0.00
0.00
0.00
0.00
0.00
0.00
0.23
1.28
-2.19
0.44
-3.11
0.00
-0.55
-0.02
-6.91
6.91
0.37
-6.91
0.00
-2.34
0.08
-1.03
-0.66
-0.62
-0.42
-2.82
-0.52
-0.79
-0.71
1.42
-0.21
-1.89
-1.06
0.00
0.00
0.52
-0.57
1.93
-6.91
-0.73
-1.63
-1.53
-1.34
-0.29
4.65
-2.38
0.00
0.30
0.00
-0.39
-0.74
0.64
-1.27
0.31
-0.20
-2.00
-1.80
-0.06
3.44
0.00
-0.79
-1.00
-1.31
-6.91
1.10
0.17
-1.01
0.00
0.00
0.00
0.00
0.00
0.00
0.00
0.00
0.00
0.00
0.00
0.00
0.00
0.00
0.00
0.00
0.00
0.00
0.00
0.00
-3.39
0.00
0.00
-1.93
-6.91
-1.42
0.65
0.88
-1.27
0.87
-0.78
-6.91
-1.08
-1.45
0.00
-1.38
-1.29
0.00
-2.37
-1.08
0.00
0.39
-1.07
0.00
-0.01
-1.92
-1.41
-1.31
0.83
-2.07
0.00
0.00
-0.61
-1.72
-1.83
-0.63
0.00
0.00
0.00
0.00
0.00
0.00
0.00
0.00
0.00
0.00
0.00
0.00
0.00
0.00
0.00
0.00
0.00
0.00
-2.02
0.00
-6.91
0.57
-3.57
0.00
-1.82
0.22
-0.71
0.00
1.35
-1.17
0.00
-0.80
0.10
-2.16
-1.09
-2.24
-0.73
-2.33
0.10
-1.89
-0.82
0.00
1.37
-6.91
-2.76
0.00
0.00
0.38
-6.91
3.01
-0.73
-0.57
-0.75
-1.79
-0.96
-0.99
0.00
-6.91
0.00
0.98
0.00
-0.06
-3.60
0.43
-2.10
0.11
-1.44
-1.77
-1.73
-1.41
0.00
0.00
-6.91
-2.45
-1.29
-1.72
0.87
-0.74
-0.64
0.00
0.00
0.00
0.00
0.00
0.00
0.00
0.00
0.00
0.00
0.00
0.00
0.00
0.00
0.00
0.00
0.00
0.00
0.00
0.00
0.00
-0.79
0.12
2.07
1.29
2.80
-6.91
-1.98
0.12
-1.32
0.02
0.83
0.00
0.80
-0.45
2.18
-0.32
-0.73
0.00
6.91
-0.31
-1.80
0.25
-0.28
-0.93
2.29
1.45
-0.35
-2.62
1.09
-0.32
-0.93
0.14
0.00
1.20
-0.40
0.00
0.00
0.00
0.00
0.00
0.00
0.00
0.00
0.00
0.00
0.00
0.00
0.00
0.00
0.00
0.00
0.00
0.00
0.00
-2.05
1.43
-6.91
0.86
-0.98
1.53
-1.22
0.76
-0.71
-4.69
6.91
-0.88
0.14
0.00
0.00
0.00
6.91
-0.60
1.26
0.49
1.03
0.00
-2.46
-3.03
1.58
6.91
-1.04
-0.06
-1.85
6.91
-1.99
0.63
6.91
0.38
0.01
-0.88
0.00
-0.51
0.66
-0.93
-6.91
-0.52
0.00
2.01
-6.91
1.75
-2.16
0.00
1.56
1.32
0.00
-1.73
-0.05
1.37
3.98
2.08
0.95
-3.93
0.00
0.00
0.00
0.00
0.00
0.00
0.00
0.00
0.00
0.00
0.00
0.00
0.00
0.00
0.00
0.00
0.00
0.00
0.00
0.00
0.00
0.00
-1.85
0.00
0.00
-2.27
-1.15
-1.71
2.34
0.77
-3.86
1.42
-2.09
-2.27
-2.02
-0.11
0.00
-6.91
-0.76
0.00
-1.17
-1.82
0.00
1.49
-1.26
0.00
0.19
-1.43
-6.91
-0.04
0.85
-6.91
0.00
0.00
0.06
-0.38
-2.32
-0.54
0.00
0.00
0.00
0.00
0.00
0.00
0.00
0.00
0.00
0.00
0.00
0.00
0.00
0.00
0.00
0.00
0.00
0.00
-1.10
0.00
-2.66
0.66
-1.15
0.00
-6.91
0.43
-1.29
0.00
0.73
-6.91
0.00
-0.51
0.21
-0.54
-1.42
-1.85
-0.31
-0.48
-0.53
-0.78
-1.59
0.00
0.44
-3.16
-1.35
0.00
0.00
2.72
-6.91
0.60
-2.08
-1.11
-1.09
0.00
-0.34
-1.02
0.00
-1.27
0.00
3.21
0.00
-0.49
-6.91
1.68
-1.05
-0.06
-2.71
-1.26
-2.41
-2.56
0.00
0.00
-4.90
-6.91
-6.91
-2.16
3.83
-0.36
-0.61
0.00
0.00
0.00
0.00
0.00
0.00
0.00
0.00
0.00
0.00
0.00
0.00
0.00
0.00
0.00
0.00
0.00
0.00
0.00
0.00
-1.43
0.00
0.00
-0.24
-0.08
-0.09
0.00
0.00
-0.06
0.00
1.17
0.02
-1.11
0.14
0.00
-2.22
2.27
0.00
-1.90
-0.84
0.00
0.00
0.44
0.00
0.00
0.17
-0.31
0.76
0.00
-0.22
0.00
0.00
1.23
-6.91
0.67
1.13
0.00
0.00
0.00
0.00
0.00
0.00
0.00
0.00
0.00
0.00
0.00
0.00
0.00
0.00
0.00
0.00
0.00
0.00
-1.99
0.00
-1.98
0.00
-1.00
0.00
-0.20
0.00
0.65
0.00
0.00
-0.84
0.00
1.67
-1.03
-2.65
-4.28
-1.13
1.50
0.27
0.61
-0.10
-6.91
0.00
0.00
-0.89
-1.78
0.00
0.00
0.00
-0.48
0.00
0.31
-0.81
0.73
1.16
1.51
-6.91
0.00
-0.67
0.00
0.00
0.00
-2.95
-0.54
0.00
-1.71
0.00
-2.70
-0.79
0.54
-2.55
0.00
0.00
-2.08
-0.68
-1.51
0.14
0.00
-1.83
-0.95
0.00
0.00
0.00
0.00
0.00
0.00
0.00
0.00
0.00
0.00
0.00
0.00
0.00
0.00
0.00
0.00
0.00
0.00
0.00
0.00
0.28
2.74
1.58
0.38
-1.22
-0.11
-0.09
0.10
-2.67
0.73
-3.81
-0.63
0.36
-1.41
3.70
0.04
-1.26
1.78
-0.50
-0.81
1.03
0.36
-1.07
1.70
-0.28
-0.67
-1.56
-6.91
1.01
0.24
0.49
6.91
-6.91
0.07
-6.91
-2.38
0.00
0.00
0.00
0.00
0.00
0.00
0.00
0.00
0.00
0.00
0.00
0.00
0.00
0.00
0.00
0.00
0.00
0.00
-0.17
1.64
-0.31
-0.26
-2.07
5.87
-0.72
0.15
-0.58
4.90
-0.00
-1.39
1.94
-1.19
1.05
0.15
0.48
0.05
-2.20
-2.37
-1.53
-6.91
-0.18
1.49
-0.34
-1.59
-0.46
2.74
1.42
-0.60
-1.75
-0.79
-0.19
-0.19
-1.95
-1.71
-2.34
0.00
2.54
-0.86
1.76
0.10
6.91
0.80
-1.21
-0.43
0.58
-1.35
-0.23
0.60
-0.44
0.61
0.69
1.97
0.25
-0.68
0.45
-1.98
0.80
0.96
-0.38
0.00
0.00
0.00
0.00
0.00
0.00
0.00
0.00
0.00
0.00
0.00
0.00
0.00
0.00
0.00
0.00
0.00
0.00
0.00
0.00
-1.96
0.00
0.00
-1.90
-1.12
-1.00
0.00
2.19
-1.23
0.00
-0.41
-2.42
-1.20
-0.06
0.00
-1.48
0.61
0.00
-3.91
-1.31
0.00
0.00
-1.75
0.00
2.06
-1.14
-1.33
0.64
0.00
-1.54
0.00
0.00
0.10
-1.97
0.12
1.43
0.00
0.00
0.00
0.00
0.00
0.00
0.00
0.00
0.00
0.00
0.00
0.00
0.00
0.00
0.00
0.00
0.00
0.00
-1.03
0.00
-2.71
6.91
-0.13
0.00
-1.02
6.91
-0.54
0.00
0.00
-2.92
0.00
0.57
-1.49
-2.67
-1.45
-2.18
0.30
-0.63
0.58
0.69
-1.04
0.00
1.79
-0.47
-0.61
0.00
0.00
6.91
-2.49
0.00
-1.68
-0.77
-0.43
-0.23
1.25
-5.96
0.00
-0.99
0.00
0.00
0.00
-0.37
-2.04
6.91
-1.40
6.91
-6.91
-1.47
-1.23
-6.91
0.00
0.00
-1.25
-2.94
-3.05
-0.19
0.00
-0.49
-6.91
0.00
0.00
0.00
0.00
0.00
0.00
0.00
0.00
0.00
0.00
0.00
0.00
0.00
0.00
0.00
0.00
0.00
0.00
0.00
0.00
-3.24
0.00
0.00
-6.91
-1.36
-6.91
0.98
3.32
-0.87
1.94
-0.58
-1.33
-1.74
-0.64
0.00
-6.91
-0.84
0.00
-1.37
-3.72
0.00
0.81
-1.13
0.00
1.46
-0.70
-2.05
-0.88
6.91
-6.91
0.00
0.00
-1.35
-1.13
-0.03
-0.66
0.00
0.00
0.00
0.00
0.00
0.00
0.00
0.00
0.00
0.00
0.00
0.00
0.00
0.00
0.00
0.00
0.00
0.00
-1.33
0.00
-1.37
1.96
-6.91
0.00
-1.16
1.40
-0.76
0.00
1.81
-1.46
0.00
-0.58
-2.01
-0.97
-0.16
-0.70
-0.08
-1.05
0.45
-0.41
-2.58
0.00
0.90
-3.96
-2.14
0.00
0.00
1.36
-2.76
1.53
-3.25
-6.91
-0.43
-1.34
0.74
-1.88
0.00
-2.58
0.00
6.91
0.00
-0.43
-3.34
2.02
-6.91
0.49
-1.14
-1.40
-2.16
-1.31
0.00
0.00
-2.21
-1.32
-0.64
-3.96
8.28
-1.38
-1.47
0.00
0.00
0.00
0.00
0.00
0.00
0.00
0.00
0.00
0.00
0.00
0.00
0.00
0.00
0.00
0.00
0.00
0.00
0.00
0.00
0.00
-1.25
-6.91
0.00
0.00
0.00
0.13
0.62
0.00
-0.01
6.91
0.00
0.00
2.47
-2.58
0.00
1.70
-0.97
0.00
0.00
-3.77
-0.59
0.00
-5.66
1.02
0.00
0.00
6.91
-0.02
0.00
-1.14
-1.04
6.91
0.00
6.91
0.46
0.00
0.00
0.00
0.00
0.00
0.00
0.00
0.00
0.00
0.00
0.00
0.00
0.00
0.00
0.00
0.00
0.00
0.00
0.00
-2.42
0.00
0.57
0.00
-5.41
0.00
0.01
0.00
-4.40
-0.65
0.00
-1.85
6.91
0.00
0.00
0.00
0.00
0.82
0.00
0.84
6.91
0.00
-1.82
-0.43
0.00
0.00
-1.16
-3.54
0.14
0.00
-0.16
0.00
0.00
2.41
6.91
3.76
0.00
-0.86
0.00
-1.47
-0.15
-1.11
0.00
0.00
-0.02
0.00
-0.41
0.00
0.00
0.00
0.00
-1.09
-6.91
0.00
0.00
0.00
0.00
-0.81
0.00
0.00
0.00
0.00
0.00
0.00
0.00
0.00
0.00
0.00
0.00
0.00
0.00
0.00
0.00
0.00
0.00
0.00
0.00
0.00
0.00
0.00
-0.65
0.00
0.00
-0.71
-1.08
-3.36
6.91
2.42
-1.43
6.91
-0.29
-4.57
-1.84
-0.57
0.00
-0.76
0.13
0.00
-2.86
-1.28
0.00
1.02
-1.10
0.00
1.23
-1.27
-6.91
0.21
1.73
-3.95
0.00
0.00
0.17
-0.73
-0.75
-0.42
0.00
0.00
0.00
0.00
0.00
0.00
0.00
0.00
0.00
0.00
0.00
0.00
0.00
0.00
0.00
0.00
0.00
0.00
-1.12
0.00
-1.46
6.91
-2.13
0.00
-3.39
1.93
-1.57
0.00
1.11
-6.91
0.00
-0.55
-1.41
-1.58
-0.79
-6.91
-0.50
-0.43
0.28
0.29
-1.32
0.00
0.53
-1.17
-0.62
0.00
0.00
1.70
-1.68
6.91
-1.96
-6.91
0.30
-0.55
-0.50
-1.01
0.00
-3.63
0.00
1.94
0.00
-0.43
-6.91
1.27
-1.40
0.74
-1.24
-6.91
-1.19
-2.98
0.00
0.00
-1.12
-6.91
-6.91
-1.07
1.00
-1.39
-3.52
0.00
0.00
0.00
0.00
0.00
0.00
0.00
0.00
0.00
0.00
0.00
0.00
0.00
0.00
0.00
0.00
0.00
0.00
0.00
0.00
-1.01
0.00
0.00
-1.00
-2.48
-6.91
2.56
0.81
-6.91
1.42
-1.49
-6.91
-0.55
-1.04
0.00
-0.67
0.09
0.00
-1.67
-1.34
0.00
1.14
-0.95
0.00
1.08
-2.33
-1.72
-0.40
0.97
-2.06
0.00
0.00
-0.04
-0.80
-0.91
-0.01
0.00
0.00
0.00
0.00
0.00
0.00
0.00
0.00
0.00
0.00
0.00
0.00
0.00
0.00
0.00
0.00
0.00
0.00
-1.39
0.00
-2.23
2.02
-1.98
0.00
-1.92
0.87
-1.98
0.00
2.56
-0.77
0.00
-0.27
-0.02
-1.75
-0.62
-6.91
-0.83
-0.67
-0.26
-0.72
-0.72
0.00
0.56
-1.16
-0.81
0.00
0.00
0.90
-1.55
0.46
-6.91
-1.32
-0.53
-1.43
-0.29
0.02
0.00
-2.46
0.00
2.84
0.00
-0.29
-1.40
1.00
-1.56
0.68
-1.35
-2.06
-1.61
-0.51
0.00
0.00
-0.57
-0.73
-2.02
-1.16
2.12
-0.63
-0.75
0.00
0.00
0.00
0.00
0.00
0.00
0.00
0.00
0.00
0.00
0.00
0.00
0.00
0.00
0.00
0.00
0.00
0.00
0.00
0.00
0.39
1.95
0.00
-1.18
-2.48
-0.90
0.07
0.45
-3.06
1.17
-1.58
-0.41
0.31
-2.22
0.00
-0.66
-4.22
2.63
-0.69
-1.41
2.21
-0.16
-2.77
0.00
-0.20
-1.58
-0.95
-6.91
0.12
-0.39
0.99
0.00
-0.88
-0.34
-2.97
-0.41
0.00
0.00
0.00
0.00
0.00
0.00
0.00
0.00
0.00
0.00
0.00
0.00
0.00
0.00
0.00
0.00
0.00
0.00
-0.97
0.78
-0.07
-0.73
-2.77
1.34
-1.15
-1.13
-1.36
6.91
0.85
-1.55
1.56
-1.87
-0.19
0.59
0.08
-0.07
-1.74
-1.84
-0.67
-1.18
0.45
0.88
-0.33
-3.12
0.02
1.35
1.50
-0.23
-1.61
-0.43
-2.38
-0.59
-2.03
-1.24
-1.31
-0.47
6.91
-0.58
1.58
0.78
2.07
0.34
-0.57
0.25
-0.25
-0.31
-0.62
-0.87
-0.36
-0.03
1.30
6.91
-0.11
-1.34
-0.25
-1.31
-0.45
1.84
-0.00
0.00
0.00
0.00
0.00
0.00
0.00
0.00
0.00
0.00
0.00
0.00
0.00
0.00
0.00
0.00
0.00
0.00
0.00
0.00
0.00
-6.91
0.00
0.00
-1.48
0.09
-0.34
0.00
1.01
-1.03
0.00
-0.19
-2.19
-2.52
-0.03
0.00
-0.72
-0.29
0.00
-1.60
-1.24
0.00
0.00
-0.30
0.00
6.91
0.30
-1.61
0.19
0.00
-1.81
0.00
0.00
0.96
-1.02
0.16
1.35
-3.02
-3.09
0.00
0.00
3.23
0.00
-1.47
-2.34
0.00
-0.77
-3.03
-0.36
-1.06
-1.84
0.00
-1.55
0.10
0.36
0.00
0.00
0.00
0.00
0.00
0.00
0.00
0.00
0.00
0.00
0.00
0.00
0.00
0.00
0.00
0.00
0.00
0.00
0.00
0.00
0.00
0.00
-1.71
0.00
6.91
-0.65
-1.00
0.00
0.00
6.91
-2.09
0.00
-0.74
-2.56
0.83
-0.71
0.23
-6.91
0.00
-1.53
0.00
0.00
0.00
-0.83
-2.60
3.26
-1.66
6.91
-6.91
-1.87
-0.78
-6.91
0.00
0.00
-1.09
-1.14
-4.40
-1.48
0.00
-0.50
-1.26
0.00
-1.75
0.00
-2.03
0.00
-1.27
6.91
6.91
-0.09
-0.73
-0.82
-0.45
0.00
-1.21
-1.87
0.41
-0.78
-0.34
-0.88
0.67
0.00
-6.91
-5.45
0.00
6.91
0.00
-0.75
0.08
3.68
-1.10
2.66
0.00
0.00
1.20
-1.31
0.00
1.04
-2.28
0.00
0.00
-6.91
-0.32
3.02
-1.69
-0.51
6.91
0.00
0.40
-1.36
0.00
-0.93
-1.82
0.52
0.00
6.91
0.66
0.00
0.00
-3.47
-1.66
-0.20
-1.12
6.91
0.00
-0.63
0.00
0.00
0.40
0.00
0.00
-3.87
0.00
0.00
6.91
0.00
0.00
0.00
0.00
0.00
0.00
0.00
0.00
0.00
0.00
0.00
0.00
0.00
0.00
0.00
0.00
0.00
0.00
0.00
0.00
0.00
0.00
0.00
-6.91
0.57
0.00
0.00
-1.62
-1.62
-0.02
0.00
-0.16
1.94
0.00
1.63
1.43
1.31
0.00
-3.31
0.00
-6.91
-0.40
-1.38
0.00
0.00
-0.70
0.00
0.44
0.00
0.00
2.35
0.00
-6.91
-2.03
0.00
0.00
0.00
0.00
-0.85
0.00
0.00
-3.82
0.00
-0.25
0.00
-4.03
0.00
-0.75
-0.08
0.00
0.93
0.00
0.00
-0.88
0.00
0.00
0.00
0.00
2.77
0.89
2.31
-1.72
0.00
0.00
-1.23
-0.44
-1.73
1.76
1.62
-0.20
1.91
0.24
-0.99
-1.22
-0.63
0.00
-6.91
0.47
0.00
-2.78
-6.91
0.00
0.87
-0.46
0.00
1.77
-0.76
-1.32
0.27
6.91
-6.91
0.00
0.00
0.58
-1.31
-1.31
0.39
-1.74
-6.91
0.00
0.00
3.03
4.80
-1.37
-6.91
1.67
-6.91
-1.42
-1.17
-4.51
-1.20
0.00
-1.59
-0.31
-0.06
0.00
0.00
0.00
0.00
0.00
0.00
0.00
0.00
0.00
0.00
0.00
0.00
0.00
0.00
0.00
0.00
0.00
0.00
0.00
0.00
0.00
0.00
-0.75
0.00
1.62
-2.30
-6.91
0.00
0.00
0.87
-6.91
2.43
-0.20
-4.97
-0.91
-0.60
-0.53
-6.91
0.00
-0.48
0.00
1.78
0.00
-1.62
-6.91
2.12
-6.91
1.03
-6.91
-1.20
-0.36
-1.15
0.00
0.00
-1.35
-2.60
-1.62
-0.50
1.27
-1.07
-0.49
0.00
-2.24
2.35
-1.41
0.00
-6.91
2.00
1.90
-2.12
-1.14
-2.19
-0.83
0.00
-1.01
-1.96
0.37
-0.77
-0.39
-1.14
-0.38
6.91
-1.48
-0.77
6.91
1.92
1.23
-1.27
-6.91
0.97
-3.52
-0.35
1.49
1.43
-0.02
-0.72
2.71
-0.33
-0.52
6.91
2.02
0.11
-6.91
0.73
-0.31
-1.43
0.24
1.24
0.06
-1.55
0.99
-1.38
-0.24
-0.67
0.00
0.13
-0.87
1.38
2.15
-0.08
-0.25
-1.65
-1.55
-0.17
1.81
-6.91
1.35
0.00
-0.58
6.91
6.91
-0.59
1.07
1.74
0.01
0.00
0.00
0.00
0.00
0.00
0.00
0.00
0.00
0.00
0.00
0.00
0.00
0.00
0.00
0.00
0.00
0.00
0.00
0.00
0.00
0.00
0.00
1.46
-1.53
-1.23
1.20
2.15
0.15
-0.62
-6.91
0.64
-2.47
0.56
3.44
-0.69
-0.62
-0.44
0.00
-1.40
0.71
0.03
-2.27
-0.13
0.00
2.38
-1.25
6.91
-1.33
0.00
1.48
0.45
0.00
-1.73
0.20
3.73
0.41
1.08
0.48
-6.91
0.00
0.00
-0.82
0.00
-6.91
0.85
-1.29
2.79
-2.95
-6.91
0.65
0.78
0.39
0.00
-0.85
2.18
0.00
1.59
1.03
0.73
0.34
-0.47
-2.17
0.00
0.00
-3.02
-1.29
-1.16
1.84
0.07
-1.45
2.33
-0.61
-1.74
-1.59
-1.25
0.00
-1.22
-1.13
0.00
-1.04
-0.58
0.00
0.56
-6.91
0.00
0.21
-2.17
-3.28
-1.53
0.78
-6.91
0.00
0.00
-0.49
-0.48
-0.56
-1.58
-0.13
-2.07
0.00
0.00
0.35
1.98
-6.91
-2.12
1.46
-5.68
0.03
-0.92
-0.17
-3.11
0.00
-1.31
-1.83
-1.38
0.00
0.00
0.00
0.00
0.00
0.00
0.00
0.00
0.00
0.00
0.00
0.00
0.00
0.00
0.00
0.00
0.00
0.00
0.00
0.00
0.00
0.00
-0.97
0.00
0.85
-6.91
-0.76
0.00
0.00
1.42
-6.91
0.63
-1.60
-0.49
-1.25
-1.08
-0.31
0.11
0.00
-2.79
0.00
0.73
0.00
0.68
-0.83
1.09
-2.10
0.77
-1.67
-1.94
-1.08
-1.64
0.00
0.00
-1.06
-3.04
-0.50
-6.91
1.16
0.36
-1.14
0.00
0.14
2.54
-6.91
0.00
-2.21
0.32
0.95
-2.93
-1.73
-4.74
0.52
0.00
-2.31
-1.20
0.45
-0.60
-1.77
-1.45
-0.36
0.00
-1.35
-6.91
0.00
0.00
0.00
-0.21
0.69
0.00
-0.14
1.26
0.00
0.00
1.65
-0.82
0.00
3.68
-1.01
0.00
0.00
-1.04
-0.12
0.00
-6.91
-0.44
0.00
0.00
3.80
-0.55
0.00
-0.81
-1.85
1.55
0.00
6.91
1.21
0.00
0.00
-0.75
-6.91
0.69
0.47
0.00
0.00
-0.00
0.00
0.00
1.47
0.00
0.00
-1.39
0.00
0.00
2.25
0.00
0.00
0.00
0.00
0.00
0.00
0.00
0.00
0.00
0.00
0.00
0.00
0.00
0.00
0.00
0.00
0.00
0.00
0.00
0.00
0.00
0.00
0.00
-1.11
0.62
0.00
0.00
-1.59
-1.25
-0.47
0.00
0.01
0.00
0.00
3.32
2.29
0.58
0.00
-0.97
0.00
-6.91
-0.46
-0.89
0.00
0.00
-0.77
0.00
0.22
0.00
0.00
0.00
0.00
-2.45
-6.91
0.00
0.00
0.00
0.00
-0.29
0.00
0.00
-1.13
0.00
-0.65
0.00
-6.91
0.00
0.15
0.58
0.00
2.30
0.00
0.00
-1.73
0.00
0.00
0.00
0.00
6.91
0.00
2.55
-2.27
0.00
0.00
-5.73
-0.99
-1.98
0.76
1.27
-1.00
2.11
-0.37
-3.58
-0.59
-0.61
0.00
-1.34
-0.18
0.00
-0.39
-1.26
0.00
0.35
-1.54
0.00
1.78
-1.02
-6.91
-0.57
1.33
-1.68
0.00
0.00
-0.82
-0.15
-2.51
-0.12
-1.36
-1.05
0.00
0.00
1.59
1.31
-0.54
-2.30
2.68
-2.80
-1.30
-0.37
-0.43
-1.15
0.00
-1.04
-0.80
-1.13
0.00
0.00
0.00
0.00
0.00
0.00
0.00
0.00
0.00
0.00
0.00
0.00
0.00
0.00
0.00
0.00
0.00
0.00
0.00
0.00
0.00
0.00
-1.50
0.00
1.16
-1.71
-1.01
0.00
0.00
1.37
-2.36
1.59
-2.99
-0.55
-0.08
-1.66
-0.24
-0.60
0.00
-1.31
0.00
1.00
0.00
-0.00
-1.40
0.88
-4.74
1.19
-1.01
-1.10
-1.88
-1.65
0.00
0.00
-0.93
-3.28
-1.13
-6.91
1.35
0.31
-1.36
0.00
-2.23
0.79
-2.32
0.00
-0.87
0.15
0.20
-3.47
-1.69
-2.41
-0.61
0.00
-1.91
-1.88
0.79
-0.28
-1.79
-0.62
-1.03
1.89
0.30
-0.03
1.01
0.85
-0.02
-6.91
-6.91
0.12
-2.09
-1.05
0.67
1.51
-1.01
1.45
2.11
-1.91
0.06
6.91
1.23
0.47
-2.90
0.13
0.47
-6.91
-0.41
0.64
-1.38
-1.19
1.97
-0.87
0.99
-0.75
0.00
-0.66
-0.59
6.91
1.32
0.34
0.77
-3.30
-2.39
1.07
0.41
-1.51
1.10
0.00
0.25
1.78
1.85
0.83
1.03
1.25
0.30
0.00
0.00
0.00
0.00
0.00
0.00
0.00
0.00
0.00
0.00
0.00
0.00
0.00
0.00
0.00
0.00
0.00
0.00
0.00
0.00
0.00
0.00
1.65
0.07
-6.91
0.77
1.84
-0.50
0.58
-6.09
0.54
-0.69
-0.33
0.82
-0.22
-0.01
-0.49
2.29
0.13
0.67
-0.25
-2.70
0.76
0.00
2.23
-1.09
1.71
-1.43
6.91
1.03
0.89
2.99
-0.27
0.93
3.01
0.84
2.26
0.75
-2.23
0.00
2.06
-0.47
2.60
-2.40
0.78
-0.22
3.35
-6.91
-6.91
0.90
-0.89
1.25
0.00
-0.53
0.70
1.25
2.59
1.47
-0.79
-0.56
-0.37
0.13
1.66
0.00
-1.21
-1.17
-2.49
0.17
0.79
-6.91
2.05
-2.23
-6.91
-1.83
-2.33
0.00
-1.03
-1.46
6.91
-1.48
-0.43
1.90
0.71
-2.01
0.00
0.52
-6.91
-1.31
-1.93
0.36
-0.90
6.91
0.00
-0.37
-0.58
-1.96
-0.58
-0.12
-0.18
6.91
0.00
-0.40
1.69
-1.39
-2.52
2.53
-1.44
0.00
-0.73
0.06
-1.35
0.00
-4.32
-1.04
-1.06
0.00
0.00
0.00
0.00
0.00
0.00
0.00
0.00
0.00
0.00
0.00
0.00
0.00
0.00
0.00
0.00
0.00
0.00
0.00
0.00
0.00
0.00
0.30
6.91
0.95
-4.32
-0.66
0.00
0.00
1.24
-5.91
1.47
-6.91
-1.23
-1.60
-1.99
-1.19
0.33
1.41
-1.70
0.00
1.67
0.00
-0.10
-0.78
1.61
-1.64
0.46
-0.28
-0.99
-6.91
-0.21
6.91
0.00
-0.15
-3.59
-1.07
-6.91
1.57
0.19
-0.92
6.91
-1.30
0.74
-2.42
0.00
-0.39
0.76
1.10
-3.40
-1.41
-0.78
0.48
0.00
-0.48
-0.48
-0.75
-1.46
-1.49
-1.87
-1.09
0.00
-3.33
-4.38
0.00
0.00
0.00
-1.41
-0.01
2.04
-0.65
2.75
0.00
0.00
1.13
-2.28
0.00
2.34
-6.91
0.00
0.00
-2.40
-0.72
0.00
-1.43
0.57
6.91
0.00
0.57
-0.49
0.00
-1.88
-1.41
1.07
0.00
3.68
1.43
0.00
0.00
-3.37
-1.74
-0.14
-1.38
1.29
0.00
-0.15
0.00
0.00
0.53
0.00
0.00
-1.63
0.00
0.00
1.43
0.00
0.00
0.00
0.00
0.00
0.00
0.00
0.00
0.00
0.00
0.00
0.00
0.00
0.00
0.00
0.00
0.00
0.00
0.00
0.00
0.00
0.00
0.00
-2.37
-0.84
0.00
0.00
-0.71
-2.33
-0.80
0.00
-0.60
6.91
0.00
0.96
1.87
0.12
0.00
-6.91
0.00
-0.56
-1.20
-6.91
0.00
0.00
-0.27
0.00
-0.89
0.00
0.00
4.19
0.00
-1.88
-2.57
0.00
0.00
0.00
0.00
-1.33
0.00
0.00
-2.74
0.00
-0.40
0.00
-1.62
0.00
0.72
0.30
0.00
4.35
0.00
0.00
-1.54
0.00
0.00
0.00
0.00
3.88
1.58
2.42
0.00
-0.45
-0.56
1.71
1.97
1.88
-1.70
-6.91
0.73
-6.91
1.15
1.03
0.00
0.15
-0.33
1.16
0.19
-0.08
0.00
6.91
-0.48
-1.65
0.29
-0.51
-3.25
0.51
1.34
0.76
-6.91
1.65
-0.04
-0.80
0.59
0.00
-0.01
0.10
0.00
2.18
-0.32
0.03
-0.92
-6.91
0.77
1.67
-6.91
2.66
0.00
-0.03
0.00
6.91
0.22
2.53
0.48
-0.28
0.00
0.00
0.00
0.00
0.00
0.00
0.00
0.00
0.00
0.00
0.00
0.00
0.00
0.00
0.00
0.00
0.00
0.00
0.00
0.00
0.00
0.00
0.00
-0.72
-1.46
2.33
4.24
-0.31
-0.54
-1.37
3.09
-3.49
1.66
6.91
-0.51
0.94
-1.05
0.00
-0.53
0.81
-1.37
-1.39
-0.99
0.00
4.36
-6.91
6.91
-0.86
0.00
6.91
1.46
0.00
-1.28
-0.94
1.28
0.80
1.68
2.84
-6.91
0.00
0.00
-0.59
0.00
-1.95
1.45
0.10
1.59
-1.74
-1.03
2.33
1.07
1.89
0.00
-0.06
1.32
0.00
0.00
1.42
0.88
0.53
0.80
-1.17
0.00
0.00
-1.05
-0.88
-6.91
2.86
0.43
-6.91
0.77
-0.57
-6.91
-1.55
-0.28
0.00
-6.91
-1.14
0.00
-2.65
-6.91
0.00
1.93
-2.47
0.00
0.54
-1.98
-6.91
-0.86
1.92
-6.91
0.00
0.00
-0.17
-0.03
-0.81
-0.05
-1.16
-2.92
0.00
0.00
0.06
0.91
-1.20
-6.91
6.91
-2.02
-1.44
-1.30
-0.72
-6.91
0.00
-0.93
-1.69
-1.36
0.00
0.00
0.00
0.00
0.00
0.00
0.00
0.00
0.00
0.00
0.00
0.00
0.00
0.00
0.00
0.00
0.00
0.00
0.00
0.00
0.00
0.00
-1.26
0.00
0.06
-6.91
-1.20
0.00
0.00
0.33
-6.91
0.91
-6.91
-1.20
-1.32
-0.02
0.07
-0.70
0.00
-6.91
0.00
1.75
0.00
-0.05
-3.01
1.60
-0.85
0.93
-0.79
-2.09
-2.18
-0.25
0.00
0.00
-1.21
-6.91
-3.35
-6.91
1.82
-0.62
-0.62
0.00
-1.77
1.08
-6.91
0.00
-6.91
0.09
0.55
-0.88
-0.88
-6.91
-0.51
0.00
-1.30
-2.14
0.67
-1.47
-0.11
-2.11
-0.02
0.00
-1.29
-6.91
0.00
0.00
0.00
0.03
0.75
0.00
-0.54
1.72
0.00
0.00
3.73
-1.18
0.00
0.90
-1.96
0.00
0.00
-6.91
0.63
0.00
-6.91
0.05
0.00
0.00
6.91
-1.00
0.00
-1.23
-1.88
3.89
0.00
6.91
0.54
0.00
0.00
-1.25
-2.85
0.19
-0.48
0.00
0.00
0.02
0.00
0.00
1.33
0.00
0.00
-3.08
0.00
0.00
1.71
0.00
0.00
0.00
0.00
0.00
0.00
0.00
0.00
0.00
0.00
0.00
0.00
0.00
0.00
0.00
0.00
0.00
0.00
0.00
0.00
0.00
0.00
0.00
-1.16
-0.36
0.00
0.00
-2.47
-1.26
-0.41
0.00
-0.18
0.00
0.00
1.83
2.90
0.74
0.00
-6.91
0.00
-6.91
-1.18
-6.91
0.00
0.00
0.46
0.00
-0.18
0.00
0.00
0.00
0.00
-0.69
-6.91
0.00
0.00
0.00
0.00
-1.06
0.00
0.00
-1.00
0.00
-0.82
0.00
-6.91
0.00
0.60
-0.74
0.00
2.40
0.00
0.00
-6.91
0.00
0.00
0.00
0.00
6.91
0.00
6.91
-0.30
1.93
2.08
0.32
-1.26
-1.58
-0.02
0.23
-1.50
-0.25
-1.54
-1.29
0.88
-6.91
3.08
-0.48
-1.20
4.51
0.11
-1.35
2.27
-0.69
-2.40
6.91
-0.17
-2.19
-0.64
-6.91
1.04
-0.19
1.07
2.02
-6.91
0.42
-6.91
-3.19
0.29
-0.07
1.88
3.95
0.32
-0.43
-1.72
-0.14
0.94
-1.65
0.12
-2.03
-0.53
-0.59
1.77
-0.44
-1.27
-1.93
0.00
0.00
0.00
0.00
0.00
0.00
0.00
0.00
0.00
0.00
0.00
0.00
0.00
0.00
0.00
0.00
0.00
0.00
0.00
0.00
0.00
0.00
0.03
1.55
-0.18
-0.83
0.33
3.62
6.91
0.21
-1.05
0.68
-0.93
0.54
-1.48
-6.91
-0.52
-0.07
3.49
-0.25
1.02
-0.08
1.66
0.94
-1.24
-0.62
0.11
-1.55
-0.14
-0.55
-0.92
-0.31
1.31
6.91
-0.54
-0.80
-0.29
-0.79
-0.45
0.64
0.27
1.54
0.11
0.26
-1.36
1.40
-0.83
0.17
-0.20
-0.91
-2.52
-1.24
2.12
0.90
-0.40
0.81
1.90
-0.46
-6.91
-6.91
-6.91
-6.91
0.00
0.00
-1.32
-0.29
-0.35
0.00
0.00
-0.05
0.00
0.56
0.10
-1.51
0.67
0.00
-0.42
0.77
0.00
-1.30
-0.58
0.00
0.00
0.19
0.00
0.00
0.79
-0.09
1.45
0.00
-0.30
0.00
0.00
0.43
-1.01
0.65
1.76
-4.39
-1.79
0.00
0.00
0.00
0.00
0.69
0.05
0.00
-0.95
-1.42
-0.07
-0.51
-0.99
0.00
-1.16
0.56
-0.09
0.00
0.00
0.00
0.00
0.00
0.00
0.00
0.00
0.00
0.00
0.00
0.00
0.00
0.00
0.00
0.00
0.00
0.00
0.00
0.00
0.00
0.00
-1.42
0.00
0.00
0.23
-0.83
0.00
0.00
0.00
-0.87
0.00
0.17
-0.61
1.98
0.85
1.71
-1.51
0.00
0.26
0.00
0.00
0.00
-6.91
-0.23
0.00
-1.59
0.00
-1.44
-0.11
-0.50
-0.85
0.00
0.00
-2.55
-0.23
-0.66
0.39
0.00
-2.00
-0.08
0.00
-2.20
0.00
-0.51
0.00
-0.96
0.00
0.00
-0.13
0.50
-0.24
-6.91
0.00
-1.59
-1.37
2.83
0.25
1.04
0.33
0.58
-0.83
0.00
0.00
-2.41
-0.16
-0.12
0.00
1.83
-0.67
0.00
0.42
-3.50
-2.67
0.26
0.00
-1.41
1.22
0.00
-6.91
-1.37
0.00
0.00
-1.99
0.00
2.35
-0.42
-2.01
0.37
0.00
-3.10
0.00
0.00
-0.05
-2.54
-0.34
0.04
-2.08
-3.55
0.00
0.00
1.69
2.42
-1.34
-0.60
0.00
-1.72
-1.69
-0.58
-3.42
-1.41
0.00
-1.84
-0.76
-0.45
0.00
0.00
0.00
0.00
0.00
0.00
0.00
0.00
0.00
0.00
0.00
0.00
0.00
0.00
0.00
0.00
0.00
0.00
0.00
0.00
0.00
0.00
-2.31
0.00
2.22
-0.56
-3.26
0.00
0.00
1.95
-0.40
0.00
-1.28
-1.44
-0.52
-0.32
0.06
-3.02
0.00
-1.05
0.00
0.00
0.00
-1.40
-1.87
2.52
-0.74
0.88
-2.08
-1.74
-0.39
-2.87
0.00
0.00
-4.25
-2.13
-2.85
-2.47
0.00
-1.13
-6.91
0.00
-2.65
0.00
-0.95
0.00
-1.92
1.05
6.91
-0.94
0.80
-1.10
-0.07
0.00
-1.20
-0.69
0.82
-4.86
0.46
0.40
0.71
-2.30
0.00
0.00
-1.31
0.29
0.08
0.00
0.00
0.09
0.00
0.20
-0.58
-1.16
0.95
0.00
-0.59
0.52
0.00
-1.27
-0.22
0.00
0.00
0.22
0.00
0.00
0.06
-0.14
0.14
0.00
-1.64
0.00
0.00
0.52
-1.79
0.16
1.60
-4.59
-1.53
0.00
0.00
0.00
0.00
0.21
-0.48
0.00
-0.34
-6.91
1.30
-1.12
-0.92
0.00
-0.99
-0.31
1.07
0.00
0.00
0.00
0.00
0.00
0.00
0.00
0.00
0.00
0.00
0.00
0.00
0.00
0.00
0.00
0.00
0.00
0.00
0.00
0.00
0.00
0.00
-1.21
0.00
0.00
-0.57
-1.48
0.00
0.00
0.00
-1.44
0.00
-0.63
-0.62
0.51
0.51
2.77
-1.04
0.00
-0.33
0.00
0.00
0.00
-2.25
-0.94
0.00
-2.68
0.00
-1.03
-1.52
-0.34
-6.91
0.00
0.00
-2.02
-1.60
-1.40
-1.17
0.00
-1.23
-2.31
0.00
-2.69
0.00
-1.06
0.00
-1.69
0.00
0.00
-0.23
-0.08
-1.12
-0.79
0.00
-0.19
-2.91
1.27
-0.63
0.03
0.08
0.84
-0.95
0.00
0.00
-2.60
-6.91
-3.54
6.91
0.59
-0.83
6.91
-0.62
-1.56
-1.48
-0.60
0.00
-1.01
-0.24
0.00
-0.69
-1.15
0.00
6.91
-2.01
0.00
2.02
-1.20
-2.29
-0.98
1.85
-1.22
0.00
0.00
0.37
-1.76
-0.91
-0.78
-2.59
-1.56
0.00
0.00
2.65
1.25
-1.10
-1.02
6.91
-1.63
-0.87
-1.13
-6.91
-0.75
0.00
-6.91
-1.86
-0.77
0.00
0.00
0.00
0.00
0.00
0.00
0.00
0.00
0.00
0.00
0.00
0.00
0.00
0.00
0.00
0.00
0.00
0.00
0.00
0.00
0.00
0.00
-1.92
0.00
0.65
-1.07
-1.76
0.00
0.00
1.43
-5.92
1.66
-0.71
-6.91
-0.04
-0.83
0.41
-0.65
0.00
-0.95
0.00
2.01
0.00
0.06
-1.06
1.18
-1.08
0.30
-2.86
-1.36
-4.44
-0.63
0.00
0.00
-1.51
-1.72
-3.37
-1.67
2.63
0.07
-1.76
0.00
-3.12
6.91
-1.72
0.00
-3.53
0.59
6.91
-2.40
0.27
-2.02
-0.98
0.00
-1.42
-0.11
0.10
-3.96
-0.98
-0.27
-0.36
-0.45
0.47
2.29
-0.48
-0.99
-0.46
-0.24
-0.09
-1.77
-0.36
-2.18
0.30
0.53
-6.91
1.17
0.31
-1.26
2.86
-0.22
-0.22
0.96
-0.15
-0.87
2.03
-0.83
-2.19
-0.61
-6.91
0.06
-0.93
1.27
1.27
-1.26
0.33
-6.91
-6.91
-0.38
-0.21
0.54
1.27
-0.31
-0.34
-0.61
0.12
0.83
-1.34
2.01
-6.91
-0.02
-1.23
3.36
-0.71
-0.38
-3.29
0.00
0.00
0.00
0.00
0.00
0.00
0.00
0.00
0.00
0.00
0.00
0.00
0.00
0.00
0.00
0.00
0.00
0.00
0.00
0.00
0.00
0.00
0.59
0.73
-1.65
-0.97
-0.16
1.11
1.59
0.05
-0.45
-0.25
-1.63
-0.47
-6.91
-6.91
-1.71
0.32
1.70
-0.62
1.02
0.20
6.91
0.32
-0.62
0.10
-0.83
-0.07
0.59
-0.06
-1.76
0.86
0.92
1.62
0.69
0.05
-0.03
-0.11
-0.89
1.89
-0.34
1.83
0.82
-0.37
-2.19
1.51
-0.90
-0.67
-0.78
-1.08
-2.00
-0.03
2.82
1.61
-0.20
0.15
0.51
0.06
-6.91
-1.21
-6.91
0.13
1.93
0.00
-0.45
-1.24
-0.45
-0.18
-0.84
-0.66
0.61
-6.91
-1.53
-0.68
-0.93
0.00
-1.33
-1.54
1.05
-0.81
-0.18
0.97
0.96
-2.92
0.00
-0.87
-2.16
-1.81
-1.35
0.85
-0.47
1.36
0.00
-0.65
-0.43
-6.91
-0.30
-0.80
-0.11
4.29
0.00
-0.53
0.37
-1.52
-1.68
0.54
-0.58
1.08
-6.91
0.29
-1.49
0.00
-0.35
0.03
-3.71
0.00
0.00
0.00
0.00
0.00
0.00
0.00
0.00
0.00
0.00
0.00
0.00
0.00
0.00
0.00
0.00
0.00
0.00
0.00
0.00
0.00
0.00
-0.80
1.06
0.35
-2.39
0.16
3.57
0.00
0.58
-1.99
0.24
-0.43
0.40
-1.36
-6.91
-0.38
-0.65
2.11
-1.21
6.91
0.38
0.00
0.48
-0.92
-0.23
-0.38
0.24
-0.12
-1.03
-0.31
-0.13
1.07
2.34
-0.91
-1.12
-0.33
-0.33
0.59
1.24
0.01
0.72
0.76
0.97
-0.89
1.57
-0.66
-0.40
0.76
-0.90
-6.91
-0.30
-0.09
6.91
-1.97
-0.37
1.09
-0.04
-6.91
-1.28
-6.91
0.94
1.26
0.68
0.71
-1.81
0.29
0.25
0.09
-0.76
0.12
-0.49
-0.67
0.90
-0.74
2.35
0.40
-6.91
1.22
-0.26
-0.51
1.31
-0.62
-0.73
3.52
-0.36
-1.46
-0.06
-3.05
-0.04
-0.43
0.15
0.76
-1.97
0.84
-0.58
-2.31
0.23
0.35
0.52
1.40
-0.23
-1.23
-1.31
0.07
-0.73
-0.54
0.67
-0.78
0.12
-0.46
1.33
0.39
-1.39
-0.91
0.00
0.00
0.00
0.00
0.00
0.00
0.00
0.00
0.00
0.00
0.00
0.00
0.00
0.00
0.00
0.00
0.00
0.00
0.00
0.00
0.00
0.00
1.68
0.82
-1.34
-1.05
0.05
0.56
1.06
-0.34
-0.28
-1.03
-2.00
0.51
-6.91
-1.23
-2.03
0.40
0.14
-0.64
0.84
0.40
2.04
2.01
0.36
-1.35
0.73
-0.13
0.87
0.27
-1.96
0.21
0.29
1.65
0.45
-0.02
0.18
-0.70
-0.17
2.05
-0.14
1.44
0.28
-0.59
-1.11
0.59
0.66
-0.20
-0.90
-0.34
-1.41
0.11
1.03
2.40
-0.64
2.02
0.10
0.85
-1.24
-0.60
-6.91
-0.36
4.63
2.65
-1.32
-2.24
-0.19
-0.86
0.43
-0.68
0.70
-6.91
-0.33
0.04
-6.91
1.52
0.11
-1.84
1.02
-0.65
-1.01
1.48
0.55
-1.08
3.36
-0.12
-1.07
-1.13
-2.59
-0.25
-1.13
2.01
6.91
-2.16
1.14
-3.11
-3.07
0.60
-0.53
2.11
2.70
0.31
0.17
-0.54
-0.50
0.78
-1.04
0.73
-2.81
-0.46
-0.11
1.18
-1.08
-1.88
-1.28
0.00
0.00
0.00
0.00
0.00
0.00
0.00
0.00
0.00
0.00
0.00
0.00
0.00
0.00
0.00
0.00
0.00
0.00
0.00
0.00
0.00
0.00
0.46
4.67
0.09
-0.84
-0.85
7.12
1.35
0.22
-0.77
0.42
-0.66
-1.06
-1.13
-5.46
-1.53
0.25
1.08
-0.22
1.57
0.33
1.11
0.47
-0.92
0.31
-0.40
-0.79
1.04
-1.12
-2.29
0.83
0.63
1.12
-0.84
-0.99
-0.38
-0.96
0.32
2.01
0.19
1.56
0.08
0.76
-2.60
2.42
-1.00
-1.21
-0.10
-1.09
-3.65
-0.51
0.74
1.21
-1.43
0.03
0.22
-0.03
-6.91
-1.09
-4.57
-1.22
0.00
0.00
-2.13
-0.12
-1.34
0.00
6.91
-0.43
0.00
0.65
-2.14
-0.99
0.44
0.00
-1.81
0.57
0.00
-6.91
-1.23
0.00
0.00
-0.34
0.00
6.91
-0.83
-2.05
0.38
0.00
-0.66
0.00
0.00
0.67
-6.91
-0.03
-0.01
-6.91
-1.13
0.00
0.00
1.61
0.00
-0.16
-0.25
0.00
-0.41
-2.26
1.09
-6.91
-3.58
0.00
-1.94
-1.29
-0.77
-1.81
0.00
-1.13
6.91
-1.08
0.00
-1.04
2.95
-0.06
0.00
0.00
-1.75
0.00
0.46
-2.09
-1.00
-2.85
-2.16
0.34
0.41
1.29
-0.70
0.00
0.00
0.00
0.00
0.00
0.00
0.00
0.00
0.00
0.00
0.00
0.00
0.00
0.00
0.00
-6.91
0.00
-1.78
0.00
0.00
0.00
-1.38
-2.50
1.71
-1.52
4.37
-6.91
-0.37
-1.11
-6.91
0.00
0.00
-6.91
-0.39
-1.42
-0.45
0.00
-2.34
-1.95
0.00
-2.79
0.00
-0.16
0.00
-6.91
1.00
2.42
-1.40
-0.43
-2.82
-0.56
0.00
-0.65
-6.91
-0.14
-2.27
0.58
-0.07
-0.04
0.00
-6.91
-0.76
0.00
2.01
0.00
-0.54
0.20
6.91
-2.04
1.10
0.00
0.00
0.32
-1.96
0.00
0.18
-1.01
0.00
0.00
-6.91
-0.68
6.91
-0.55
-0.75
6.91
0.00
2.01
-0.40
0.00
-1.87
-1.19
0.95
0.00
2.16
0.71
0.00
0.00
-1.48
-0.68
-0.56
0.06
1.54
0.00
-0.26
0.00
0.00
0.68
0.00
0.00
-4.59
0.00
0.00
6.91
0.00
-6.91
0.00
-0.89
0.00
-2.39
0.00
-0.04
2.39
-4.10
-0.42
0.00
-2.50
5.14
0.00
0.00
0.00
0.00
1.42
6.91
0.85
1.41
0.00
0.00
0.00
0.00
0.00
0.00
0.00
0.00
0.00
0.00
0.00
0.00
0.00
0.00
0.00
0.00
-2.05
0.00
-1.58
-0.32
-2.12
0.00
0.00
-0.43
0.00
-0.36
0.00
0.00
1.29
0.00
-6.91
-0.81
0.00
0.00
0.00
0.00
-0.45
0.00
0.00
-6.91
0.00
-1.41
0.00
-1.50
0.00
0.17
0.15
0.00
0.52
0.00
0.00
-6.91
0.00
0.00
0.00
0.00
2.11
2.41
0.32
0.69
-0.17
0.01
0.48
0.40
0.40
-2.66
-3.32
0.80
-1.04
-1.22
1.59
2.15
-0.39
1.36
0.17
-0.02
-0.73
2.26
2.27
0.52
-6.91
0.67
1.05
-1.66
-0.26
0.00
-0.70
-0.55
1.70
-0.43
0.02
-1.41
6.91
-0.55
-0.78
0.93
3.23
0.09
1.17
-1.27
-1.70
0.39
1.33
-1.98
-0.06
0.00
-1.02
0.81
0.28
0.41
1.91
0.25
-0.88
2.28
-0.67
0.70
-6.91
-0.13
0.65
-0.13
-6.91
-0.11
-0.85
-1.72
0.67
0.23
-1.20
0.00
1.00
0.00
0.80
-1.57
0.23
-0.40
-0.31
0.00
0.00
0.00
0.00
0.00
0.00
0.00
0.00
0.00
0.00
0.00
0.00
0.00
0.00
0.00
1.45
0.38
0.24
-0.28
-2.96
-0.45
0.00
1.46
-2.83
2.09
-2.26
1.82
1.11
-0.35
1.96
0.38
0.20
2.94
0.91
0.69
1.39
-2.14
0.00
2.61
-0.53
2.11
-4.89
0.36
-0.11
5.08
-1.96
-6.91
0.49
0.02
0.17
0.00
1.06
0.91
6.91
2.07
1.04
-0.36
-0.97
-0.40
-2.10
0.00
0.00
-0.96
-2.46
-1.66
0.92
0.47
-1.87
0.86
-2.03
-6.91
-1.19
-0.30
0.00
-1.86
-1.19
0.00
-2.67
-2.72
0.00
1.87
-6.91
0.00
1.01
-1.24
-4.26
-0.86
1.99
-6.91
0.00
0.00
-0.42
-0.32
-1.60
-0.22
-1.25
-0.54
0.00
0.00
-0.26
0.24
-1.86
-6.91
0.52
-1.20
-0.64
-1.10
-0.25
-2.80
0.00
-1.21
-4.00
-1.21
-0.26
0.00
-1.85
0.73
-6.91
0.00
-6.91
-0.16
-6.91
0.00
0.63
-4.82
0.00
-0.83
0.40
-0.90
-0.92
-2.32
-1.44
-1.22
-0.14
-1.51
0.00
0.00
0.00
0.00
0.00
0.00
0.00
0.00
0.00
0.00
0.00
0.00
0.00
0.00
0.00
-1.97
0.00
-3.00
0.00
0.50
0.00
0.62
-1.07
1.51
-2.18
0.42
-1.54
-4.13
-1.23
-1.47
0.00
0.00
-1.66
-6.91
-1.02
-2.34
0.48
-0.17
-0.48
0.00
-0.75
0.48
-6.91
0.00
-0.80
1.29
0.11
-1.24
-0.69
-2.76
0.35
0.00
-1.05
-1.12
-0.37
-2.69
-2.31
-1.64
-0.18
-1.60
0.00
0.00
-1.69
-1.79
-0.71
2.65
0.60
-0.17
0.00
-0.83
-1.06
-1.23
-1.08
0.00
-1.67
0.40
0.00
-2.26
-6.91
0.00
3.61
-1.96
0.00
6.91
-1.06
-0.86
-0.76
6.91
-6.91
0.00
0.00
0.49
-0.75
0.09
0.61
-6.91
-3.44
0.00
0.00
3.77
3.25
-0.40
-6.91
6.91
-3.01
-0.71
-0.95
-0.75
-6.91
0.00
-2.37
-0.49
-0.52
-6.91
0.00
-6.91
1.33
-0.84
0.00
-2.13
0.65
-1.46
0.00
2.08
-0.70
0.00
0.16
-1.12
-1.74
-0.31
-1.66
0.23
-0.17
0.72
0.48
0.00
0.00
0.00
0.00
0.00
0.00
0.00
0.00
0.00
0.00
0.00
0.00
0.00
0.00
0.00
-6.91
0.00
-1.47
0.00
1.81
0.00
-1.13
-1.39
1.12
-6.91
1.15
-2.15
-2.19
-1.88
-1.61
0.00
0.00
-1.64
-1.67
-0.63
-0.78
1.37
-1.27
-1.58
0.00
-6.91
6.91
-0.56
0.00
-6.91
2.70
2.96
-0.28
-1.18
-1.51
-0.35
0.00
-0.74
-3.63
0.24
-2.65
0.26
-0.01
-0.15
0.00
-1.15
-1.30
0.00
0.00
0.00
0.13
-0.03
0.00
-1.49
1.67
0.00
0.00
2.15
-2.17
0.00
2.47
-1.64
0.00
0.00
-1.22
-0.72
0.00
-1.85
-0.30
0.00
0.00
2.36
-1.61
0.00
-6.91
-1.52
0.77
0.00
3.95
0.46
0.00
0.00
-6.91
-6.91
-0.05
0.26
0.00
0.00
-0.43
0.00
0.00
1.21
0.00
0.00
-1.26
0.00
0.00
1.20
0.00
-2.46
0.00
-1.19
0.00
-6.91
0.00
0.64
0.00
-1.04
-0.33
0.00
-6.91
6.91
0.00
0.00
0.00
0.00
0.98
6.91
0.54
1.81
0.00
0.00
0.00
0.00
0.00
0.00
0.00
0.00
0.00
0.00
0.00
0.00
0.00
0.00
0.00
0.00
-6.91
0.00
-6.91
-0.33
-0.97
0.00
0.00
-0.71
0.00
-0.36
0.00
0.00
0.00
0.00
-1.00
-2.34
0.00
0.00
0.00
0.00
-0.34
0.00
0.00
-1.32
0.00
-0.32
0.00
-2.22
0.00
-0.01
0.00
0.00
3.69
0.00
0.00
-1.37
0.00
0.00
0.00
0.00
6.91
6.91
2.09
0.00
-6.91
-1.77
0.00
0.00
0.00
0.40
-0.26
0.00
-0.51
1.32
0.00
0.00
6.91
-1.96
0.00
0.86
-3.84
0.00
0.00
-3.02
-0.80
0.00
-2.17
0.41
0.00
0.00
2.21
-0.11
0.00
-3.24
-3.06
2.25
0.00
6.91
0.45
0.00
0.00
-1.21
-0.75
1.15
-0.35
0.00
0.00
-0.13
0.00
0.00
6.91
0.00
0.00
-2.78
0.00
0.00
3.72
0.00
-1.75
0.00
0.72
0.00
-0.83
0.00
-0.36
0.00
-2.07
-0.77
0.00
-6.09
2.90
0.00
0.00
0.00
0.00
3.68
0.00
1.00
1.58
0.00
0.00
0.00
0.00
0.00
0.00
0.00
0.00
0.00
0.00
0.00
0.00
0.00
0.00
0.00
0.00
-1.36
0.00
-0.67
0.25
-4.35
0.00
0.00
-0.50
0.00
-0.39
0.00
0.00
0.00
0.00
-0.75
-2.58
0.00
0.00
0.00
0.00
0.30
0.00
0.00
-1.81
0.00
-0.66
0.00
-2.65
0.00
-0.06
0.31
0.00
6.91
0.00
0.00
-3.82
0.00
0.00
0.00
0.00
1.49
0.00
6.91
6.91
-0.29
0.08
4.02
1.55
0.72
-2.32
-1.53
0.61
-6.91
-0.14
0.42
2.71
0.48
0.04
4.87
-0.43
-0.24
6.91
1.28
-1.03
-6.91
1.68
0.67
-1.21
1.38
2.15
-0.87
-2.92
3.91
-0.73
0.82
-0.11
0.00
0.84
-1.18
6.91
1.97
-0.12
-0.40
-2.70
-2.28
-0.00
2.00
-3.76
0.95
0.00
-0.78
2.76
0.57
-0.78
1.01
0.52
-0.37
2.39
0.05
0.85
-6.91
1.77
-0.11
2.91
-1.58
1.60
-1.07
-1.62
1.32
-0.11
-0.17
0.00
2.17
0.00
0.92
0.22
0.46
-0.63
0.63
0.00
0.00
0.00
0.00
0.00
0.00
0.00
0.00
0.00
0.00
0.00
0.00
0.00
0.00
0.00
1.65
-0.45
2.10
-1.04
-6.91
0.25
0.00
0.86
-6.91
0.82
-6.91
6.91
1.26
1.13
0.00
0.07
-0.90
0.87
1.33
1.84
1.63
-1.52
0.00
0.00
-1.13
0.00
-6.91
1.54
0.18
0.86
-1.94
-1.74
0.34
-0.56
0.31
0.00
-0.43
1.55
0.00
1.44
1.72
0.81
-0.18
-0.89
-2.13
0.00
0.00
-3.45
-0.97
-1.44
0.53
0.34
-2.14
2.11
-1.99
-6.91
-0.79
-1.53
0.00
-1.50
-0.58
0.00
-2.00
-2.50
0.00
1.27
-1.92
0.00
1.69
-3.82
-6.91
-1.06
2.29
-1.16
0.00
0.00
-0.60
-2.00
-1.42
0.32
-0.63
-3.76
0.00
0.00
0.35
3.39
-0.77
-6.91
6.91
-4.62
-1.34
-0.68
-0.90
-2.32
0.00
-2.03
-1.20
-1.25
-3.18
0.00
-6.91
0.83
-2.42
0.00
-6.91
0.14
-0.91
0.00
1.15
-2.02
0.00
-0.73
-0.20
-2.70
-0.55
-6.91
-0.36
-1.01
-0.31
-0.64
0.00
0.00
0.00
0.00
0.00
0.00
0.00
0.00
0.00
0.00
0.00
0.00
0.00
0.00
0.00
-1.39
0.00
-2.95
0.00
1.74
0.00
-1.11
-2.74
0.51
-3.89
0.30
-0.89
-1.43
-1.83
-1.03
0.00
0.00
-4.05
-6.91
-1.07
-1.12
1.57
0.08
-1.18
0.00
-1.22
4.25
-1.15
0.00
-1.37
0.84
1.16
-1.06
-2.11
-6.91
-0.49
0.00
-4.36
-0.67
-0.38
-1.00
-2.20
-0.47
-0.31
0.00
-0.56
-1.14
1.48
0.87
0.86
-1.83
-1.01
1.66
-1.92
0.49
1.83
0.00
-0.09
-0.25
0.98
-0.50
-0.09
0.00
6.91
-1.10
-2.05
0.89
-0.26
-0.89
1.67
2.06
-0.06
-1.28
1.48
-0.95
0.74
0.02
0.00
0.56
-0.67
0.00
2.17
-0.79
-0.26
-0.80
-6.91
0.87
1.40
-1.83
1.93
0.00
0.80
0.00
1.56
0.44
1.32
0.64
-0.44
0.00
-0.35
2.10
-2.12
2.80
-0.31
2.65
-1.70
1.44
0.11
-6.91
2.22
-0.50
-0.59
0.00
0.00
0.00
1.11
0.31
0.59
-0.51
-0.01
0.00
0.00
0.00
0.00
0.00
0.00
0.00
0.00
0.00
0.00
0.00
0.00
0.00
0.00
0.00
0.00
-2.43
1.10
-0.41
-6.91
-0.10
0.00
1.26
-2.27
1.38
-6.91
0.00
3.24
2.30
0.00
-1.39
-0.36
1.62
1.48
1.35
0.45
-2.99
0.00
0.00
-1.16
0.00
-6.91
0.45
-0.02
3.16
-1.97
-1.00
0.90
0.17
1.30
0.00
0.00
0.83
0.00
0.00
6.91
-0.33
0.58
-0.66
-1.47
2.05
0.00
-2.05
-6.91
-1.17
1.53
0.28
-6.91
1.60
-0.32
-2.17
-0.44
-1.84
0.00
-0.44
-0.54
5.26
-1.10
-2.54
6.91
0.61
-2.98
0.00
-0.32
-2.60
-6.91
-2.26
0.40
-1.29
1.50
0.00
-1.87
-0.81
-0.30
-1.66
-0.15
-2.21
2.49
0.00
1.04
0.62
-6.36
-0.51
1.66
-2.09
0.28
-0.93
-1.45
-0.66
0.00
-6.54
-1.76
-1.12
-0.17
6.91
-2.71
0.81
-1.03
0.00
-2.25
0.69
-6.91
6.91
2.16
-6.91
0.00
-0.94
-0.67
-0.88
-0.59
-1.23
-1.27
-0.26
-1.33
-0.27
0.00
0.00
0.00
0.00
0.00
0.00
0.00
0.00
0.00
0.00
0.00
0.00
0.00
0.00
0.00
-0.83
6.91
-6.91
0.00
2.02
0.00
-0.16
-1.17
-0.07
-1.32
0.22
-0.57
-6.07
-6.91
0.23
6.91
0.00
-0.60
-0.70
-2.44
-6.91
0.56
0.81
-1.55
6.91
-0.44
0.34
-2.55
0.00
-0.23
0.96
1.20
-6.91
-1.41
-1.53
-0.13
0.00
-0.93
0.15
-0.14
-1.40
-0.64
-1.07
-1.41
-0.57
0.00
0.00
-1.35
-1.32
-0.65
2.00
2.91
-0.96
1.90
-0.58
-2.05
-6.91
0.27
0.00
-0.82
0.47
0.00
-2.68
-2.22
0.00
6.91
-1.12
0.00
3.37
-1.48
-1.27
0.66
6.91
-1.27
0.00
0.00
-0.90
-1.45
0.36
-0.32
-0.36
-0.71
0.00
0.00
2.46
6.91
-1.33
-3.42
1.94
-6.91
-0.69
-0.02
-0.72
-2.00
0.00
-6.91
-1.85
-0.17
-0.88
0.00
-0.65
2.40
-1.14
0.00
-0.62
0.92
-0.49
0.00
6.91
-0.85
0.00
-0.50
-0.90
-1.26
-1.80
-6.91
-0.66
-0.94
0.43
-0.07
0.00
0.00
0.00
0.00
0.00
0.00
0.00
0.00
0.00
0.00
0.00
0.00
0.00
0.00
0.00
-0.38
0.00
-1.95
0.00
1.76
0.00
-0.06
-6.91
0.77
-2.30
3.53
-1.23
-6.91
-1.23
-3.12
0.00
0.00
-0.69
-1.16
-3.48
-1.68
2.27
-1.45
-6.91
0.00
-1.87
4.66
-5.13
0.00
-2.94
0.67
0.98
-2.85
-0.81
-0.36
-0.21
0.00
-6.51
-0.71
-0.76
-6.91
0.23
-0.09
-0.41
0.61
2.18
1.14
0.40
-1.31
-0.83
-0.02
-0.33
-1.82
0.31
-1.17
-0.03
0.82
-6.91
1.56
-0.79
-6.91
2.24
0.50
-0.67
1.55
-0.44
-2.69
6.91
0.02
-1.02
-0.49
-6.91
0.58
-0.28
1.70
2.90
-1.28
0.52
-2.28
-6.91
0.38
0.30
0.45
1.74
-1.27
0.50
-1.57
-1.10
0.40
-0.57
0.07
-4.73
0.52
-0.45
1.17
0.25
-0.51
-1.90
1.07
0.93
-0.41
0.15
-1.39
1.13
-0.57
-0.83
-1.79
0.77
0.41
-0.65
1.82
-0.82
1.98
0.49
0.99
0.12
-6.91
-4.42
-2.20
-1.72
0.00
0.00
0.00
0.00
0.00
0.00
0.00
0.00
0.00
0.00
0.00
0.00
0.00
0.00
0.00
0.73
1.37
-2.41
3.22
-0.88
4.28
0.72
-1.11
-0.50
0.31
0.13
0.76
0.49
-1.85
-0.30
0.67
5.38
-0.36
-0.38
0.25
-0.84
0.20
0.45
1.04
2.85
0.25
0.17
-1.29
0.70
-0.75
-1.01
-0.85
-1.31
-2.16
-0.68
0.98
6.91
-0.62
0.27
1.23
-0.93
-3.08
-1.53
-2.37
-0.17
1.81
6.91
-1.04
-1.02
-0.38
0.31
0.34
-0.40
0.07
-1.47
-1.31
-0.39
-6.91
0.00
-0.49
-1.99
6.91
-0.01
0.14
4.13
0.21
-1.05
5.46
-0.44
-2.03
-0.51
-2.86
-0.33
-0.54
1.63
0.00
-0.83
-0.12
-6.91
-0.58
0.07
-0.02
6.91
2.53
-0.98
0.16
-1.32
-1.47
1.04
-0.87
1.39
-1.22
0.58
-0.19
6.91
0.14
-0.05
-6.91
0.83
2.48
-0.84
0.11
-2.05
2.41
-0.29
-0.35
-0.27
2.19
1.07
-0.44
2.74
-1.28
0.28
0.25
-0.09
0.05
-0.94
-6.91
-2.65
-6.91
0.00
0.00
0.00
0.00
0.00
0.00
0.00
0.00
0.00
0.00
0.00
0.00
0.00
0.00
0.00
-0.22
3.06
-1.74
2.01
-0.08
1.68
0.77
-0.99
-0.36
-0.82
-0.70
-0.40
-0.03
-0.83
0.19
2.57
1.79
-0.71
-0.78
-0.67
-0.48
0.11
0.40
0.69
1.26
0.57
-0.31
-0.26
1.62
-1.04
-0.43
-0.27
-1.40
-6.91
-1.30
0.58
6.91
-0.14
-0.43
2.12
-0.50
-1.34
-1.13
-1.35
0.57
1.29
1.14
-0.30
-0.73
-0.16
-0.82
-2.21
-0.16
-0.55
-2.99
-0.40
0.65
-4.43
0.83
0.51
-6.91
0.62
-0.05
-0.28
0.26
-0.47
-1.03
0.45
-0.67
-0.80
-0.25
-2.17
0.17
0.21
1.83
0.78
-6.91
1.01
-0.45
-6.91
1.44
-0.44
0.36
0.57
-0.27
-1.18
-1.39
-0.74
0.20
-0.81
1.71
-2.90
1.42
0.69
1.79
0.42
-0.15
-1.61
0.17
0.75
0.45
-0.50
-0.55
1.99
-0.18
-0.27
-1.20
-0.12
-0.52
-0.54
1.53
-0.55
3.21
0.92
0.79
0.12
-3.85
-0.30
-2.04
-6.91
0.00
0.00
0.00
0.00
0.00
0.00
0.00
0.00
0.00
0.00
0.00
0.00
0.00
0.00
0.00
-0.01
-0.25
-0.04
0.79
0.12
2.06
2.05
0.67
-1.45
0.69
-1.00
0.69
-0.07
-0.71
0.46
0.70
2.06
-0.45
-0.50
-0.21
-0.64
0.06
1.87
0.45
0.99
1.17
-0.73
0.35
1.21
0.16
-0.95
-0.90
-1.33
-2.76
-0.11
1.40
0.75
-0.16
0.20
1.65
1.18
-0.87
-2.95
-2.61
0.00
0.00
0.00
0.00
0.00
0.00
0.00
0.00
0.00
0.00
0.00
0.00
0.00
0.00
0.00
0.00
0.00
0.00
-1.82
-1.77
0.00
0.00
-1.76
0.00
1.51
-0.94
-2.18
0.00
0.00
-2.92
0.00
0.00
-0.36
-1.19
0.39
0.55
-6.91
-3.28
0.00
0.00
6.91
0.00
-0.86
-2.21
0.00
-1.16
-6.91
-0.21
-0.89
-2.78
0.00
-0.45
-0.03
-0.03
-4.56
0.00
-4.38
0.00
-1.78
0.00
-1.64
2.48
-0.57
0.00
0.00
-0.66
0.00
0.77
-0.87
-4.17
-4.61
-0.36
0.14
0.51
0.98
-0.39
-6.91
0.00
2.14
-0.75
-3.47
0.00
0.00
1.39
-1.54
0.00
-0.24
-2.00
0.09
-0.11
0.78
0.00
0.00
0.00
0.00
0.00
0.00
0.00
0.00
0.00
0.00
0.00
0.00
0.00
0.00
-6.91
0.00
0.00
-1.40
-1.30
-0.60
-0.23
0.00
-2.60
-2.36
0.00
-2.73
0.00
-1.99
0.00
-1.09
0.87
1.84
-0.88
0.35
-1.44
-0.56
0.00
-1.93
-6.91
0.08
-0.39
-0.64
-0.10
0.06
0.00
0.00
0.00
0.00
0.00
0.00
0.00
0.00
0.00
0.00
0.00
0.00
0.00
0.00
0.00
0.00
0.00
0.00
0.00
0.00
-1.68
0.05
6.91
-0.73
-0.20
6.91
0.00
1.71
-0.58
0.00
-1.09
-2.22
0.60
0.00
5.55
0.20
0.00
0.00
-6.91
-1.97
-0.63
-1.27
2.05
0.00
-0.71
0.00
0.00
1.14
0.00
0.00
-0.91
0.00
0.00
2.48
0.00
-1.50
0.00
-0.40
0.00
-1.12
0.00
-0.70
6.91
-1.08
-0.60
0.00
-1.52
2.34
0.00
0.00
0.00
0.00
0.49
1.02
0.18
1.20
0.00
-1.97
-0.26
0.00
0.00
-3.14
-0.95
-0.04
0.00
-1.26
6.91
0.00
0.43
1.36
0.48
0.00
0.00
0.00
0.00
0.00
0.00
0.00
0.00
0.00
0.00
0.00
0.00
0.00
0.00
0.00
-6.91
-4.58
0.00
0.00
0.00
0.00
-1.29
0.00
0.00
-6.91
0.00
-0.54
0.00
-1.52
0.00
-0.01
-0.06
0.00
6.91
0.00
0.00
-0.98
0.00
0.00
0.00
0.00
3.57
2.01
0.68
0.00
0.00
0.00
0.00
0.00
0.00
0.00
0.00
0.00
0.00
0.00
0.00
0.00
0.00
0.00
0.00
0.00
0.00
-1.31
-1.60
0.00
1.95
-2.32
0.00
0.06
-6.91
-1.51
-1.42
1.13
-0.93
0.00
0.00
-1.41
-0.44
-0.68
-1.27
-1.89
-1.13
0.00
0.00
0.11
0.93
-1.41
-1.78
1.48
-1.27
-1.15
-0.88
-1.95
-0.65
0.00
-3.75
-2.34
-1.24
-0.37
0.00
-3.68
0.18
-2.44
0.00
-1.21
0.69
-2.30
0.00
1.62
-2.47
0.00
-0.60
0.54
-0.58
-0.15
-2.83
-0.63
-0.96
-0.87
-0.32
-1.21
0.00
0.61
-6.91
-1.61
0.00
0.00
0.04
-0.96
2.73
-6.91
-4.19
-0.15
-1.12
-1.23
0.00
0.00
0.00
0.00
0.00
0.00
0.00
0.00
0.00
0.00
0.00
0.00
0.00
0.00
-1.54
0.00
0.00
-1.75
-1.36
-0.84
-6.91
1.92
0.29
-0.21
0.00
-1.40
1.61
-2.15
0.00
-0.61
-0.03
0.51
-6.91
-0.77
-5.38
-0.25
0.00
-6.91
-0.15
-0.05
-1.98
-2.39
-1.79
-2.37
0.00
0.00
0.00
0.00
0.00
0.00
0.00
0.00
0.00
0.00
0.00
0.00
0.00
0.00
0.00
0.00
0.00
0.00
0.00
0.00
-1.81
-0.73
0.00
-6.91
0.16
0.00
0.00
1.13
-0.18
0.00
-0.72
-1.87
0.98
0.00
6.91
1.34
0.00
0.00
-3.43
-6.91
-0.50
0.31
0.00
0.00
-0.09
0.00
0.00
1.36
0.00
0.00
-1.54
0.00
0.00
3.11
0.00
-6.91
0.00
0.49
0.00
-6.91
0.00
0.39
0.00
-6.91
-1.26
0.00
-1.22
2.29
0.00
0.00
0.00
0.00
6.91
6.91
0.80
2.15
0.00
-1.07
0.73
0.00
0.00
-6.91
-0.71
-0.31
0.00
-0.72
0.00
0.00
0.80
1.90
0.35
0.00
0.00
0.00
0.00
0.00
0.00
0.00
0.00
0.00
0.00
0.00
0.00
0.00
0.00
0.00
-2.41
-1.66
0.00
0.00
0.00
0.00
-1.15
0.00
0.00
-0.85
0.00
-0.55
0.00
-6.91
0.00
0.30
0.22
0.00
1.33
0.00
0.00
-6.91
0.00
0.00
0.00
0.00
2.23
6.91
0.95
0.00
0.00
0.00
0.00
0.00
0.00
0.00
0.00
0.00
0.00
0.00
0.00
0.00
0.00
0.00
0.00
0.00
0.00
0.00
2.02
-1.21
-1.29
0.59
-0.69
-0.90
1.25
1.10
0.72
-6.91
1.65
-1.26
0.57
0.34
0.00
0.56
0.17
0.00
1.89
-1.18
0.15
-1.85
-6.91
0.81
0.51
-1.25
0.95
0.00
0.11
0.00
4.63
-1.19
1.72
1.21
0.51
0.00
-1.37
2.64
-1.14
2.18
-0.44
0.77
-1.02
0.21
-0.59
-6.91
4.92
-0.08
-0.49
0.00
0.00
0.00
3.78
-0.17
0.75
-1.03
-0.49
0.00
-0.90
-1.47
0.99
1.88
0.24
-1.01
-1.48
3.02
-2.14
0.42
6.91
0.78
-0.06
-0.11
0.00
0.00
0.00
0.00
0.00
0.00
0.00
0.00
0.00
0.00
0.00
0.00
0.00
0.00
0.00
-0.10
-0.24
6.91
1.25
6.91
1.13
-3.90
0.00
0.00
-0.73
0.00
-6.91
0.61
-1.12
5.69
-0.68
-1.19
2.67
1.09
0.81
0.00
-1.00
6.91
0.00
0.00
6.91
0.38
1.09
-0.06
0.00
0.00
0.00
0.00
0.00
0.00
0.00
0.00
0.00
0.00
0.00
0.00
0.00
0.00
0.00
0.00
0.00
0.00
0.00
0.00
-1.06
0.23
0.00
-1.87
-0.34
0.00
0.00
6.91
0.26
0.00
-3.12
-6.91
1.08
0.00
3.01
1.22
0.00
0.00
-0.76
-0.85
0.36
-0.29
0.00
0.00
0.17
0.00
0.00
2.25
0.00
0.00
-1.61
0.00
0.00
6.91
0.00
-0.72
0.00
-0.38
0.00
-6.91
0.00
1.04
0.00
-3.52
-0.97
0.00
-1.50
6.91
0.00
0.00
0.00
0.00
6.91
0.00
3.23
1.87
0.00
-6.91
-0.38
0.00
0.00
-2.05
-6.91
0.25
0.00
-1.07
0.00
0.00
6.91
6.91
3.23
0.00
0.00
0.00
0.00
0.00
0.00
0.00
0.00
0.00
0.00
0.00
0.00
0.00
0.00
0.00
-2.36
-6.91
0.00
0.00
0.00
0.00
-0.39
0.00
0.00
-2.32
0.00
-0.24
0.00
-1.92
0.00
-0.02
-0.47
0.00
3.41
0.00
0.00
-6.91
0.00
0.00
0.00
0.00
1.96
0.00
2.80
0.00
0.00
0.00
0.00
0.00
0.00
0.00
0.00
0.00
0.00
0.00
0.00
0.00
0.00
0.00
0.00
0.00
0.00
-2.21
-1.00
0.00
0.00
-0.38
0.00
0.00
1.07
-1.04
1.73
0.00
-1.17
0.00
0.00
0.39
-2.56
1.44
1.48
-3.06
-1.30
0.00
0.00
0.00
0.00
-0.54
-0.99
0.00
-0.75
-6.91
1.23
-1.45
-0.39
0.00
-0.48
-0.49
1.53
-1.58
0.00
-1.48
0.00
-0.61
0.00
-1.01
0.00
1.14
0.00
0.00
0.21
0.00
1.83
-6.91
-1.63
-1.10
-0.61
1.11
0.35
1.77
0.31
-1.78
0.00
0.00
-0.10
-0.58
0.00
0.00
0.00
-0.54
0.00
0.67
-1.16
2.39
1.00
1.21
0.00
0.00
0.00
0.00
0.00
0.00
0.00
0.00
0.00
0.00
0.00
0.00
0.00
0.00
-1.07
0.00
0.00
-0.61
-0.80
0.18
-0.49
0.00
-1.33
-0.06
0.00
-2.18
0.00
-0.86
0.00
-1.03
0.00
0.00
0.48
0.04
-0.79
-1.41
0.00
-0.59
-1.38
0.71
-1.02
0.14
0.65
0.29
0.00
0.00
0.00
0.00
0.00
0.00
0.00
0.00
0.00
0.00
0.00
0.00
0.00
0.00
0.00
0.00
0.00
0.00
-4.26
-2.89
0.00
2.71
-6.91
0.00
0.52
-0.46
-2.37
-1.56
2.47
-2.15
0.00
0.00
-0.60
-1.66
-0.06
-0.04
-1.46
-1.29
0.00
0.00
0.08
3.12
-0.53
-1.90
6.91
-6.91
-0.51
-0.47
-1.62
-2.91
0.00
-6.91
-4.71
-0.17
-1.42
0.00
-2.21
1.89
-6.91
0.00
-4.34
0.72
-0.56
0.00
0.83
-1.75
0.00
-0.66
-1.02
-0.73
-1.34
-6.91
-0.98
-0.61
-0.88
-0.54
-3.27
0.00
0.32
-1.81
-2.23
0.00
0.00
1.25
-2.33
2.22
-2.87
-0.65
-0.18
-0.18
-0.16
0.00
0.00
0.00
0.00
0.00
0.00
0.00
0.00
0.00
0.00
0.00
0.00
0.00
0.00
-0.36
0.00
0.00
-2.38
-2.93
-1.55
-1.47
1.08
-0.89
-1.10
0.00
-2.46
0.87
-6.91
0.00
-2.17
0.16
0.77
-0.85
-0.68
-1.57
-0.64
0.00
-6.91
-1.67
-0.27
-1.20
-1.86
-0.61
-1.37
0.00
0.00
0.00
0.00
0.00
0.00
0.00
0.00
0.00
0.00
0.00
0.00
0.00
0.00
0.00
0.00
0.00
0.00
6.91
0.66
-0.01
-6.91
0.53
0.21
-1.59
0.38
0.68
-1.11
-4.11
0.42
0.13
-0.15
0.47
0.00
0.61
0.02
1.93
1.31
-0.39
0.57
-1.80
-3.18
1.51
2.30
-6.91
1.73
0.00
-0.17
6.91
0.72
-0.77
2.49
0.90
-0.21
2.34
0.10
0.83
-6.91
1.34
-0.79
0.79
-3.51
0.35
-0.20
-6.91
0.47
0.55
0.30
0.00
3.56
0.00
1.53
-0.41
0.25
-0.88
0.32
6.91
-0.99
-6.91
1.17
6.91
-1.03
-0.58
-2.03
1.81
-1.11
0.57
3.26
-1.12
-0.43
-1.37
0.00
0.00
0.00
0.00
0.00
0.00
0.00
0.00
0.00
0.00
0.00
0.00
0.00
0.00
2.02
0.11
-0.82
0.91
1.82
1.00
2.02
-4.65
0.00
0.00
-0.52
6.91
-1.55
1.56
-0.16
1.70
-2.21
-6.91
1.40
0.55
0.44
0.00
0.13
3.60
0.00
2.89
6.91
-0.50
0.98
-1.24
0.00
0.00
0.00
0.00
0.00
0.00
0.00
0.00
0.00
0.00
0.00
0.00
0.00
0.00
0.00
0.00
0.00
0.00
-6.91
-2.69
0.00
6.91
-1.17
0.00
1.78
0.01
-1.86
-0.22
2.56
-2.34
0.00
0.00
-0.39
-0.76
-1.24
-0.17
-1.34
-6.91
0.00
0.00
0.76
1.13
0.01
-1.91
6.91
-1.38
-1.68
-0.55
-2.92
-3.12
0.00
-2.13
-0.97
-1.48
-1.69
0.00
-6.91
1.98
-0.90
0.00
-0.71
2.52
-0.76
0.00
2.55
-1.78
0.00
0.21
-0.75
-3.93
-1.53
-1.64
0.62
-0.52
0.11
0.15
-6.91
0.00
2.16
-0.43
-5.02
0.00
0.00
1.13
-0.72
6.91
-2.01
-0.75
-0.43
-1.07
1.23
0.00
0.00
0.00
0.00
0.00
0.00
0.00
0.00
0.00
0.00
0.00
0.00
0.00
0.00
-4.58
0.00
0.00
-3.49
-2.74
-2.23
-0.41
6.91
-0.20
-0.29
0.00
-3.75
4.79
-1.31
0.00
-1.29
1.96
6.91
-2.16
-1.03
-6.91
-2.26
0.00
-0.92
-6.91
-0.12
-0.72
-0.97
-0.70
-0.52
0.00
0.00
0.00
0.00
0.00
0.00
0.00
0.00
0.00
0.00
0.00
0.00
0.00
0.00
0.00
0.00
0.00
0.00
1.47
1.21
-0.40
-1.14
1.18
-0.08
-1.65
0.85
0.92
-0.19
-0.55
1.77
-0.13
1.41
-1.22
6.91
-1.15
-0.56
2.52
1.15
0.00
0.52
-1.87
-1.56
-0.10
0.36
-6.91
0.29
0.00
-0.85
1.38
1.36
0.68
2.64
-0.17
-1.16
1.32
-1.02
1.84
-1.81
0.98
-0.35
1.15
-6.91
-0.27
-0.02
-2.72
0.37
0.31
-0.65
0.00
1.26
0.00
0.67
-0.66
-0.68
-0.82
-0.02
1.81
-0.63
-1.69
1.03
0.94
0.28
-0.08
-6.91
0.40
-5.63
0.61
0.56
-1.47
-1.28
-1.61
0.00
0.00
0.00
0.00
0.00
0.00
0.00
0.00
0.00
0.00
0.00
0.00
0.00
0.00
0.97
-0.10
-0.20
0.60
-0.01
0.89
0.11
-1.08
0.00
2.34
-0.53
0.94
-6.91
0.82
-0.56
2.81
-2.08
-2.56
0.57
-1.07
1.92
0.00
0.30
1.35
1.47
1.62
6.91
-0.51
0.55
-0.49
0.00
0.00
0.00
0.00
0.00
0.00
0.00
0.00
0.00
0.00
0.00
0.00
0.00
0.00
0.00
0.00
0.00
0.00
-6.91
-0.78
0.00
0.00
-0.48
0.00
4.87
-1.36
-1.87
0.74
0.00
-1.04
0.00
0.00
-0.04
-3.11
-0.39
1.45
-2.57
-0.87
0.00
0.00
3.13
0.00
-1.40
-0.30
0.00
-2.67
-2.10
0.71
-1.49
-5.33
0.00
-1.54
-1.84
-0.63
-6.91
0.00
-1.81
0.00
0.01
0.00
-2.30
6.91
0.03
0.00
0.00
-2.42
0.00
0.78
-1.81
-1.10
-1.96
-1.58
0.21
0.49
0.57
0.57
-6.91
0.00
6.91
-0.28
-3.46
0.00
0.00
6.91
-3.40
0.00
-0.27
-0.63
0.04
0.88
-0.01
0.00
0.00
0.00
0.00
0.00
0.00
0.00
0.00
0.00
0.00
0.00
0.00
0.00
0.00
-2.42
0.00
0.00
-1.67
-1.19
-0.80
-1.75
0.00
-1.87
-1.81
0.00
-2.00
0.00
-1.88
0.00
-2.18
5.00
6.91
0.01
0.12
-0.37
-1.10
0.00
-1.23
-6.91
0.09
-6.91
-0.06
-0.79
-0.39
0.00
0.00
0.00
0.00
0.00
0.00
0.00
0.00
0.00
0.00
0.00
0.00
0.00
0.00
0.00
0.00
0.00
0.00
-1.41
-1.00
0.00
6.91
-0.56
0.00
0.77
-0.95
-0.81
-0.49
1.83
-1.22
0.00
0.00
-0.60
-2.08
0.06
-0.42
-1.71
-1.28
0.00
0.00
0.91
2.52
-1.51
-0.83
6.91
-6.91
-1.88
0.19
-1.15
-1.89
0.00
-6.91
-1.09
0.04
-2.09
0.00
-2.65
1.70
-1.41
0.00
-2.29
0.58
-0.93
0.00
1.45
-1.36
0.00
-0.83
-0.05
-2.62
-1.53
-2.12
-0.53
-0.28
-0.49
0.37
-1.30
0.00
0.61
-2.61
-3.40
0.00
0.00
0.92
-2.02
2.76
-3.39
-1.99
-0.53
-0.85
0.45
0.00
0.00
0.00
0.00
0.00
0.00
0.00
0.00
0.00
0.00
0.00
0.00
0.00
0.00
-0.94
0.00
0.00
-1.63
-1.01
-6.91
-6.91
1.04
-0.79
-2.93
0.00
-2.45
1.49
-0.91
0.00
-2.31
1.19
2.77
-0.85
-0.94
-0.76
-0.13
0.00
-2.97
-0.21
0.52
-1.87
-1.11
0.14
0.20
0.00
0.00
0.00
0.00
0.00
0.00
0.00
0.00
0.00
0.00
0.00
0.00
0.00
0.00
0.00
0.00
0.00
0.00
-0.51
-1.26
6.91
0.22
-6.91
0.00
0.29
-1.73
-4.51
-2.06
1.91
-6.91
2.12
0.00
-1.31
-0.00
-2.46
-0.78
-1.42
-1.05
6.91
0.00
-0.35
0.46
-1.76
-0.68
1.30
-0.77
0.44
-0.35
-0.25
-0.47
0.00
-6.91
-6.91
-0.40
-1.28
2.55
-1.52
1.69
-1.26
0.00
-1.58
1.07
-2.28
6.91
1.89
-6.91
0.00
-0.89
0.61
-0.78
-0.30
-4.27
-1.62
-1.40
-1.74
-1.85
-1.38
6.91
0.05
-6.91
-1.27
0.00
0.00
0.72
-2.61
0.72
-6.91
-1.56
-2.03
-1.51
-0.84
0.00
0.00
0.00
0.00
0.00
0.00
0.00
0.00
0.00
0.00
0.00
0.00
0.00
0.00
-1.04
6.91
0.00
-1.94
-4.63
-1.10
-1.39
0.91
-0.31
-0.73
1.44
-0.05
0.92
-6.91
0.00
-1.15
0.81
1.43
-2.13
-0.64
-0.55
0.37
0.00
-1.29
-0.54
-0.50
-0.42
-1.23
-3.27
-0.96
0.00
0.00
0.00
0.00
0.00
0.00
0.00
0.00
0.00
0.00
0.00
0.00
0.00
0.00
0.00
0.00
0.00
0.00
0.00
0.00
0.00
0.00
0.00
0.00
0.00
0.00
0.00
0.00
0.00
0.00
0.00
0.00
0.00
0.00
0.00
0.00
-6.91
-0.75
0.00
0.00
1.33
0.00
-1.31
-2.56
0.00
-0.26
-6.91
-0.46
-6.91
-1.27
0.00
-0.95
-0.80
0.03
-1.81
0.00
-0.98
0.00
-1.08
0.00
-1.52
6.91
-0.64
0.00
0.00
-0.94
0.00
0.46
-5.57
-3.19
-3.21
-1.14
1.00
0.31
-0.10
0.35
-6.91
0.00
4.20
-0.49
-0.86
0.00
0.00
0.00
-3.36
0.00
-0.61
-1.81
-0.06
-0.32
0.70
-6.91
0.00
-0.47
0.00
0.00
0.00
-0.94
-1.19
5.43
-1.94
1.61
-2.49
-1.69
-1.10
0.00
0.00
0.00
0.00
0.00
0.00
0.00
0.00
0.00
0.00
0.00
-2.23
0.00
-0.52
0.00
-0.86
6.91
6.16
-1.64
0.52
-1.15
-2.20
0.00
-0.61
-6.91
-0.19
-0.91
-0.00
0.42
-0.08
0.00
0.00
0.00
0.00
0.00
0.00
0.00
0.00
0.00
0.00
0.00
0.00
0.00
0.00
0.00
0.00
0.00
0.00
0.00
0.00
0.00
0.00
0.00
0.00
0.00
0.00
0.00
0.00
0.00
0.00
0.00
0.00
0.00
0.00
0.00
0.00
0.00
0.00
-3.29
-2.23
0.41
-0.62
6.91
0.00
-0.86
0.00
0.00
2.35
0.00
0.00
-2.43
0.00
0.00
6.91
0.00
-6.91
0.00
0.04
0.00
-0.80
0.00
-0.77
6.91
-3.37
-0.31
0.00
-1.53
1.97
0.00
0.00
0.00
0.00
2.01
1.11
0.50
1.50
0.00
-2.18
-1.04
0.00
0.00
-0.86
-6.91
-1.02
0.00
-0.19
1.88
0.00
0.57
6.91
-0.07
0.00
-2.70
0.00
-2.58
-0.89
-6.91
0.00
0.00
-0.50
0.00
-0.22
0.00
0.00
2.26
0.00
0.00
0.00
0.00
0.00
0.00
0.00
0.00
0.00
0.00
-1.23
0.00
-1.52
0.00
-3.23
0.00
-0.68
-1.23
0.00
0.94
0.00
0.00
-0.99
0.00
0.00
0.00
0.00
0.78
1.47
2.08
0.00
0.00
0.00
0.00
0.00
0.00
0.00
0.00
0.00
0.00
0.00
0.00
0.00
0.00
0.00
0.00
0.00
0.00
0.00
0.00
0.00
0.00
0.00
0.00
0.00
0.00
0.00
0.00
0.00
0.00
0.00
0.00
0.00
0.00
0.00
0.00
0.00
0.00
-1.16
-6.91
-0.69
0.31
0.00
0.00
-1.28
0.00
0.00
3.17
0.00
0.00
-1.06
0.00
0.00
5.34
0.00
-0.76
0.00
-0.33
0.00
-3.17
0.00
-0.14
0.00
-0.59
-0.92
0.00
-1.34
2.24
0.00
0.00
0.00
0.00
2.57
1.25
1.04
2.01
0.00
-2.54
0.97
0.00
0.00
-6.91
-1.80
0.04
0.00
-0.36
0.00
0.00
1.25
5.72
1.03
0.00
-4.98
0.00
-6.91
-0.89
-1.65
0.00
0.00
0.60
0.00
1.02
0.00
0.00
0.00
0.00
0.00
0.00
0.00
0.00
0.00
0.00
0.00
0.00
0.00
-6.91
0.00
-1.36
0.00
-1.43
0.00
-0.43
-0.83
0.00
1.66
0.00
0.00
-1.75
0.00
0.00
0.00
0.00
6.91
1.76
6.91
0.00
0.00
0.00
0.00
0.00
0.00
0.00
0.00
0.00
0.00
0.00
0.00
0.00
0.00
0.00
0.00
0.00
0.00
0.00
0.00
0.00
0.00
0.00
0.00
0.00
0.00
0.00
0.00
0.00
0.00
0.00
0.00
0.00
0.00
0.00
0.00
-6.91
-6.91
0.00
0.00
2.67
1.89
-1.13
-2.05
2.05
-6.91
-2.05
-0.22
-1.43
-6.91
0.00
-1.27
-0.08
-0.01
-1.89
0.00
-3.19
6.91
-0.65
0.00
-2.26
1.87
-0.83
0.00
1.35
-1.77
0.00
-1.17
-2.28
-6.91
-1.04
-0.62
-0.49
-0.82
0.53
-0.05
-6.91
0.00
3.80
-2.16
-1.53
0.00
0.00
1.70
-4.22
6.91
-1.80
-0.98
-0.85
-0.01
0.92
-0.91
0.00
-1.82
0.00
1.23
0.00
-1.47
-1.30
1.76
-1.61
0.55
-0.97
-0.86
-0.89
0.00
0.00
0.00
0.00
0.00
0.00
0.00
0.00
0.00
0.00
0.00
-1.84
1.54
-1.62
0.00
-6.91
0.74
1.00
-1.83
-0.18
-0.87
-2.03
0.00
-4.84
-0.78
0.91
-0.39
-0.55
-0.77
0.16
0.00
0.00
0.00
0.00
0.00
0.00
0.00
0.00
0.00
0.00
0.00
0.00
0.00
0.00
0.00
0.00
0.00
0.00
0.00
0.00
0.00
0.00
0.00
0.00
0.00
0.00
0.00
0.00
0.00
0.00
0.00
0.00
0.00
0.00
0.00
0.00
-2.83
-1.44
0.00
0.00
0.19
2.78
-1.33
-3.04
2.38
-6.91
-0.11
-0.73
-1.95
-6.91
0.00
-1.02
-0.59
-0.82
-1.82
0.00
-1.62
1.12
-1.59
0.00
-6.91
0.36
-0.96
0.00
3.47
-3.18
0.00
-0.74
-1.38
-3.14
0.07
-0.87
-0.58
-0.87
-0.83
-1.00
-2.34
0.00
0.28
-2.35
-1.97
0.00
0.00
3.03
-6.91
1.77
-1.15
-0.80
-0.18
-1.24
-0.56
-0.69
0.00
-6.91
0.00
0.68
0.00
0.33
-6.91
1.90
-0.81
0.28
-1.13
-0.83
-6.91
0.00
0.00
0.00
0.00
0.00
0.00
0.00
0.00
0.00
0.00
0.00
-1.34
2.40
-1.32
0.00
-2.00
1.90
1.20
-2.02
-1.19
-0.90
-1.20
0.00
-1.55
-0.71
0.37
-1.31
-0.71
-2.43
-1.18
0.00
0.00
0.00
0.00
0.00
0.00
0.00
0.00
0.00
0.00
0.00
0.00
0.00
0.00
0.00
0.00
0.00
0.00
0.00
0.00
0.00
0.00
0.00
0.00
0.00
0.00
0.00
0.00
0.00
0.00
0.00
0.00
0.00
0.00
0.00
0.00
-1.81
-4.01
0.00
0.00
4.58
2.68
-3.03
-2.12
1.64
-0.86
-1.36
0.22
-2.08
-6.91
0.00
-2.57
-1.10
-0.66
-1.41
0.00
-3.09
0.79
-1.85
0.00
-0.52
2.05
-3.77
0.00
2.72
-3.32
0.00
-0.87
-0.36
-3.41
-0.30
-1.79
0.17
0.27
0.33
-0.48
-4.01
0.00
0.82
-0.45
-1.09
0.00
0.00
1.72
-0.81
6.91
-1.04
-1.61
-0.93
0.19
0.05
-0.68
0.00
-1.02
0.00
1.04
0.00
-0.51
-6.91
6.91
-1.07
0.88
-4.58
-1.24
-2.10
0.00
0.00
0.00
0.00
0.00
0.00
0.00
0.00
0.00
0.00
0.00
-0.47
2.21
-1.32
0.00
-1.02
0.76
2.89
-0.99
0.20
-2.94
-0.69
0.00
-6.91
-0.33
-0.45
-6.91
-0.30
-1.33
-0.78
0.00
0.00
0.00
0.00
0.00
0.00
0.00
0.00
0.00
0.00
0.00
0.00
0.00
0.00
0.00
0.00
0.00
0.00
0.00
0.00
0.00
0.00
0.00
0.00
0.00
0.00
0.00
0.00
0.00
0.00
0.00
0.00
0.00
0.00
0.00
0.00
-0.81
-0.56
0.00
0.00
-0.18
0.76
-6.91
-1.60
1.91
-6.91
-1.13
-1.35
-2.38
-1.44
0.00
-0.84
-1.01
-0.23
-0.79
0.00
-1.67
1.60
-6.91
0.00
-1.97
1.42
-1.67
0.00
0.60
-1.21
0.00
-0.27
-0.42
-0.95
0.27
-4.54
-0.42
-1.84
0.02
-0.68
-1.41
0.00
1.42
-6.91
-1.33
0.00
0.00
1.51
-1.15
1.82
-1.72
-0.69
-1.76
-1.64
-0.19
-1.56
0.00
-6.91
0.00
0.92
0.00
-0.84
-1.86
0.82
-1.54
0.42
-0.83
-0.73
-3.86
0.00
0.00
0.00
0.00
0.00
0.00
0.00
0.00
0.00
0.00
0.00
-0.75
1.10
-1.38
0.00
-0.89
0.48
0.09
-6.91
-1.49
-1.19
-0.20
0.00
-3.37
-0.14
0.29
-2.44
-1.65
-2.03
-0.49
0.00
0.00
0.00
0.00
0.00
0.00
0.00
0.00
0.00
0.00
0.00
0.00
0.00
0.00
0.00
0.00
0.00
0.00
0.00
0.00
0.00
0.00
0.00
0.00
0.00
0.00
0.00
0.00
0.00
0.00
0.00
0.00
0.00
0.00
0.00
0.00
0.00
1.74
-1.03
-0.33
-0.81
-1.92
1.03
2.68
-6.91
2.54
0.00
0.48
0.00
1.90
0.22
1.60
1.84
1.14
0.00
-0.21
1.19
-6.91
0.31
-0.56
0.84
-6.91
1.46
-0.44
-6.91
3.15
-0.84
-0.65
0.00
0.00
0.00
2.49
-0.28
0.32
-0.56
0.28
0.00
-1.73
-3.22
0.50
1.24
-1.48
-0.83
-1.41
0.81
-6.91
1.52
1.54
0.57
-0.47
-0.21
0.00
-1.88
0.35
-0.49
-6.91
-0.41
0.00
0.94
-6.91
1.47
-0.74
0.00
1.17
0.44
0.00
0.00
0.00
0.00
0.00
0.00
0.00
0.00
0.00
0.00
-1.04
0.00
-1.37
0.99
0.20
1.94
-2.10
-6.91
2.27
0.47
1.27
0.00
-0.29
6.91
0.00
0.00
1.44
0.16
0.07
0.52
0.00
0.00
0.00
0.00
0.00
0.00
0.00
0.00
0.00
0.00
0.00
0.00
0.00
0.00
0.00
0.00
0.00
0.00
0.00
0.00
0.00
0.00
0.00
0.00
0.00
0.00
0.00
0.00
0.00
0.00
0.00
0.00
0.00
0.00
0.00
0.00
-2.26
-0.93
0.00
0.00
0.00
0.00
1.06
-0.45
0.00
-0.42
-1.81
1.06
-1.38
-0.86
0.00
-0.71
0.31
0.43
-0.81
0.00
-0.56
0.00
-0.53
0.00
0.29
0.00
0.11
0.00
0.00
0.19
0.00
1.46
-1.21
-2.38
-0.75
-0.21
0.64
0.26
6.91
2.66
-1.10
0.00
0.00
-0.47
-1.05
0.00
0.00
0.00
0.16
0.00
0.54
-0.01
1.98
0.44
2.34
-2.00
0.00
0.42
0.00
0.00
0.00
-2.05
-0.08
0.00
-1.51
0.00
-0.52
-1.55
-0.57
0.00
0.00
0.00
0.00
0.00
0.00
0.00
0.00
0.00
0.00
0.00
-1.03
0.00
-0.47
0.00
0.12
0.00
0.00
0.92
1.10
0.24
-1.38
0.00
0.38
-4.29
0.86
-0.42
0.43
1.84
0.49
0.00
0.00
0.00
0.00
0.00
0.00
0.00
0.00
0.00
0.00
0.00
0.00
0.00
0.00
0.00
0.00
0.00
0.00
0.00
0.00
0.00
0.00
0.00
0.00
0.00
0.00
0.00
0.00
0.00
0.00
0.00
0.00
0.00
0.00
0.00
0.00
-4.52
-2.13
0.00
0.00
6.91
0.00
-0.23
-0.14
0.00
-0.49
-6.91
1.08
-1.14
-1.32
0.00
-1.89
-0.18
-0.58
-6.91
0.00
-0.42
0.00
0.01
0.00
-0.53
1.39
-0.30
0.00
0.00
-1.76
0.00
0.36
-0.08
-1.28
-6.91
-0.56
0.01
-0.36
0.21
0.56
-1.42
0.00
1.09
-0.67
-0.61
0.00
0.00
0.00
-0.52
0.00
-0.63
-1.34
0.76
1.13
1.04
-1.06
0.00
-1.53
0.00
0.00
0.00
-0.57
-0.84
0.00
-2.31
2.50
-1.00
-2.67
0.16
0.00
0.00
0.00
0.00
0.00
0.00
0.00
0.00
0.00
0.00
0.00
-1.62
0.00
-0.97
0.00
-1.50
2.04
0.00
-0.29
1.00
0.03
-1.27
0.00
-2.74
-2.80
-0.56
-1.16
0.11
-0.00
0.76
0.00
0.00
0.00
0.00
0.00
0.00
0.00
0.00
0.00
0.00
0.00
0.00
0.00
0.00
0.00
0.00
0.00
0.00
0.00
0.00
0.00
0.00
0.00
0.00
0.00
0.00
0.00
0.00
0.00
0.00
0.00
0.00
0.00
0.00
0.00
0.00
0.00
0.00
0.00
0.00
0.00
0.00
0.00
0.00
0.00
0.00
0.00
0.00
0.00
0.00
0.00
0.00
0.00
0.00
0.00
-2.27
0.00
-0.08
0.00
-1.21
0.00
-0.70
3.07
-6.91
-1.32
0.00
-4.13
0.43
0.00
0.00
0.00
0.00
2.00
0.87
1.58
1.08
0.00
-6.91
-0.24
0.00
0.00
-2.20
-1.03
0.04
0.00
-1.89
6.91
0.00
0.74
0.57
1.55
0.00
-6.91
0.00
-2.33
-0.95
-3.05
0.00
0.00
-0.56
0.00
-0.41
0.00
0.00
6.91
0.00
-6.57
-1.50
0.00
0.00
0.00
0.00
-2.34
0.00
0.00
0.00
0.00
0.00
0.00
0.00
0.00
0.00
0.00
0.00
0.00
0.00
0.00
0.00
0.00
0.00
0.00
0.00
0.00
0.00
0.00
0.00
0.00
0.00
0.00
0.00
0.00
0.00
0.00
0.00
0.00
0.00
0.00
0.00
0.00
0.00
0.00
0.00
0.00
0.00
0.00
0.00
0.00
0.00
0.00
0.00
0.00
0.00
0.00
0.00
0.00
0.00
0.00
0.00
0.00
0.00
0.00
0.00
0.00
0.00
0.00
0.00
0.00
0.00
0.00
0.00
0.00
0.00
0.00
0.00
0.00
0.00
0.00
0.00
0.00
-1.28
0.00
-0.92
0.00
-0.02
0.00
-1.13
1.13
0.37
0.00
0.00
-0.34
0.00
0.39
-6.91
-6.91
-2.46
-2.20
-0.28
0.56
1.75
0.69
-1.89
0.00
2.52
-1.18
-1.80
0.00
0.00
0.00
-0.88
0.00
0.29
-2.36
0.56
-0.34
0.15
-6.91
0.00
-0.51
0.00
0.00
0.00
-2.28
-3.59
3.61
-2.19
2.46
-1.04
-0.52
-0.63
-2.54
0.00
0.00
-2.88
-1.41
-2.70
-1.49
0.00
-3.05
-1.98
0.00
0.00
0.00
0.00
0.00
0.00
0.00
0.00
0.00
0.00
0.00
0.00
0.00
0.00
0.00
0.00
0.00
0.00
0.00
0.00
0.00
0.00
0.00
0.00
0.00
0.00
0.00
0.00
0.00
0.00
0.00
0.00
0.00
0.00
0.00
0.00
0.00
0.00
0.00
0.00
0.00
0.00
0.00
0.00
0.00
0.00
0.00
0.00
0.00
0.00
0.00
0.00
0.00
0.00
0.00
0.00
0.00
0.00
0.00
0.00
0.00
0.00
0.00
0.00
0.00
0.00
0.00
0.00
0.00
0.00
0.00
0.00
0.00
0.00
0.00
-1.25
6.91
-1.49
1.29
-0.35
3.93
-0.77
0.20
0.02
-3.79
1.21
-0.87
-0.29
0.00
0.00
0.00
2.54
-0.46
-0.30
-0.10
0.03
0.00
-0.14
-1.59
2.04
2.53
0.19
-0.97
-6.91
1.17
-3.70
2.22
1.30
-0.47
0.70
-0.36
0.00
-0.61
2.77
-0.69
-6.91
-0.20
0.00
0.84
-1.46
2.60
-6.91
0.00
2.59
0.89
0.00
-0.58
-0.15
3.29
1.55
2.01
1.64
-2.34
0.00
0.00
0.00
0.00
0.00
0.00
0.00
0.00
0.00
0.00
0.00
0.00
0.00
0.00
0.00
0.00
0.00
0.00
0.00
0.00
0.00
0.00
0.00
0.00
0.00
0.00
0.00
0.00
0.00
0.00
0.00
0.00
0.00
0.00
0.00
0.00
0.00
0.00
0.00
0.00
0.00
0.00
0.00
0.00
0.00
0.00
0.00
0.00
0.00
0.00
0.00
0.00
0.00
0.00
0.00
0.00
0.00
0.00
0.00
0.00
0.00
0.00
0.00
0.00
0.00
0.00
0.00
0.00
0.00
0.00
0.00
0.00
0.00
0.00
0.00
0.00
-1.09
0.00
-0.60
2.44
-1.96
0.00
-1.30
0.47
-2.00
0.00
1.29
-1.68
0.00
-1.01
-0.77
-1.65
-0.23
-3.46
-0.12
-3.77
-1.06
-1.35
-1.40
0.00
-0.04
-1.53
-1.46
0.00
0.00
1.02
-1.97
0.63
-2.33
-1.29
-1.87
-1.22
-0.44
-0.36
0.00
-2.41
0.00
1.12
0.00
-1.08
-1.85
0.29
-1.16
0.02
-2.32
-3.10
-3.43
-1.42
0.00
0.00
-0.81
-6.91
-0.66
-2.06
1.72
-0.02
-0.41
0.00
0.00
0.00
0.00
0.00
0.00
0.00
0.00
0.00
0.00
0.00
0.00
0.00
0.00
0.00
0.00
0.00
0.00
0.00
0.00
0.00
0.00
0.00
0.00
0.00
0.00
0.00
0.00
0.00
0.00
0.00
0.00
0.00
0.00
0.00
0.00
0.00
0.00
0.00
0.00
0.00
0.00
0.00
0.00
0.00
0.00
0.00
0.00
0.00
0.00
0.00
0.00
0.00
0.00
0.00
0.00
0.00
0.00
0.00
0.00
0.00
0.00
0.00
0.00
0.00
0.00
0.00
0.00
0.00
0.00
0.00
0.00
0.00
0.00
0.00
-6.91
0.00
-1.03
0.00
-1.21
0.00
-0.30
0.00
-1.59
-0.23
0.00
-1.53
0.87
0.00
0.00
0.00
0.00
2.58
6.91
0.45
1.37
0.00
-2.59
-0.10
0.00
0.00
-2.01
-1.46
-0.94
0.00
-0.94
0.00
0.00
1.16
6.91
0.80
0.00
-2.18
0.00
-1.71
-0.26
-1.04
0.00
0.00
0.31
0.00
0.45
0.00
0.00
0.00
0.00
-1.15
-6.91
0.00
0.00
0.00
0.00
-0.86
0.00
0.00
0.00
0.00
0.00
0.00
0.00
0.00
0.00
0.00
0.00
0.00
0.00
0.00
0.00
0.00
0.00
0.00
0.00
0.00
0.00
0.00
0.00
0.00
0.00
0.00
0.00
0.00
0.00
0.00
0.00
0.00
0.00
0.00
0.00
0.00
0.00
0.00
0.00
0.00
0.00
0.00
0.00
0.00
0.00
0.00
0.00
0.00
0.00
0.00
0.00
0.00
0.00
0.00
0.00
0.00
0.00
0.00
0.00
0.00
0.00
0.00
0.00
0.00
0.00
0.00
0.00
0.00
0.00
0.00
0.00
0.00
0.00
0.00
0.00
0.00
-1.09
0.00
-1.93
1.06
-0.52
0.00
-2.10
2.30
-0.00
0.00
4.07
-0.95
0.00
-0.58
-0.51
-2.22
-1.06
-0.76
0.26
-0.68
1.01
-0.94
-1.22
0.00
2.36
-3.64
-4.11
0.00
0.00
1.50
-0.97
2.97
-1.53
-1.10
-0.24
-0.93
-0.12
-1.13
0.00
-1.09
0.00
6.91
0.00
-0.59
-0.77
6.91
-1.94
1.55
-2.86
-1.38
-1.49
-1.47
0.00
0.00
-6.91
-2.87
-3.00
-2.49
6.45
-1.40
-1.61
0.00
0.00
0.00
0.00
0.00
0.00
0.00
0.00
0.00
0.00
0.00
0.00
0.00
0.00
0.00
0.00
0.00
0.00
0.00
0.00
0.00
0.00
0.00
0.00
0.00
0.00
0.00
0.00
0.00
0.00
0.00
0.00
0.00
0.00
0.00
0.00
0.00
0.00
0.00
0.00
0.00
0.00
0.00
0.00
0.00
0.00
0.00
0.00
0.00
0.00
0.00
0.00
0.00
0.00
0.00
0.00
0.00
0.00
0.00
0.00
0.00
0.00
0.00
0.00
0.00
0.00
0.00
0.00
0.00
0.00
0.00
0.00
0.00
0.00
2.16
-0.18
2.72
-1.11
0.14
0.73
1.01
-6.53
0.58
0.77
-0.75
0.42
1.31
-1.40
0.00
1.28
0.00
0.81
-0.16
-0.30
-0.80
-1.25
6.91
0.39
-1.43
0.79
2.16
0.37
1.20
-6.91
-0.09
-0.58
0.91
1.32
-0.73
-0.70
-0.67
1.10
0.56
0.96
0.26
-6.91
1.06
0.00
1.78
-1.51
1.48
-1.94
6.91
3.52
0.26
1.85
0.16
-0.34
0.63
0.76
1.38
0.25
-1.80
0.00
1.03
0.00
0.00
0.00
0.00
0.00
0.00
0.00
0.00
0.00
0.00
0.00
0.00
0.00
0.00
0.00
0.00
0.00
0.00
0.00
0.00
0.00
0.00
0.00
0.00
0.00
0.00
0.00
0.00
0.00
0.00
0.00
0.00
0.00
0.00
0.00
0.00
0.00
0.00
0.00
0.00
0.00
0.00
0.00
0.00
0.00
0.00
0.00
0.00
0.00
0.00
0.00
0.00
0.00
0.00
0.00
0.00
0.00
0.00
0.00
0.00
0.00
0.00
0.00
0.00
0.00
0.00
0.00
0.00
0.00
0.00
0.00
0.00
0.00
0.00
6.91
0.09
1.94
-2.40
1.88
-0.65
2.71
-6.91
0.17
-0.36
-1.38
1.28
-0.69
0.15
0.00
2.10
0.00
1.94
-1.34
-0.44
-1.28
-0.32
1.33
-0.68
-2.21
1.52
1.11
0.12
-0.75
-6.91
0.47
-1.40
0.74
2.02
0.23
0.59
-0.77
6.91
-0.36
0.48
-0.35
-1.60
-0.07
0.00
2.20
-1.65
1.26
-6.91
1.41
1.95
0.38
2.45
-0.99
-0.96
6.91
0.69
0.64
1.47
-2.49
0.00
0.00
0.00
0.00
0.00
0.00
0.00
0.00
0.00
0.00
0.00
0.00
0.00
0.00
0.00
0.00
0.00
0.00
0.00
0.00
0.00
0.00
0.00
0.00
0.00
0.00
0.00
0.00
0.00
0.00
0.00
0.00
0.00
0.00
0.00
0.00
0.00
0.00
0.00
0.00
0.00
0.00
0.00
0.00
0.00
0.00
0.00
0.00
0.00
0.00
0.00
0.00
0.00
0.00
0.00
0.00
0.00
0.00
0.00
0.00
0.00
0.00
0.00
0.00
0.00
0.00
0.00
0.00
0.00
0.00
0.00
0.00
0.00
0.00
0.00
0.00
-1.46
0.00
-0.44
0.88
-1.97
0.00
-0.73
0.68
-6.91
0.00
1.06
-1.78
0.00
-1.96
0.11
-1.75
-1.15
-1.31
-1.33
-1.12
0.11
-0.78
-0.32
0.00
-0.15
-2.44
-1.17
0.00
0.00
1.76
-1.46
0.71
-2.25
-0.90
-0.16
-2.33
-1.31
-0.60
0.00
-4.43
0.00
1.14
0.00
0.46
-1.39
0.60
-2.20
0.24
0.00
-0.82
-1.45
-1.35
0.00
0.00
-1.55
-3.14
-1.26
-6.91
2.32
-0.09
-0.51
0.00
0.00
0.00
0.00
0.00
0.00
0.00
0.00
0.00
0.00
0.00
0.00
0.00
0.00
0.00
0.00
0.00
0.00
0.00
0.00
0.00
0.00
0.00
0.00
0.00
0.00
0.00
0.00
0.00
0.00
0.00
0.00
0.00
0.00
0.00
0.00
0.00
0.00
0.00
0.00
0.00
0.00
0.00
0.00
0.00
0.00
0.00
0.00
0.00
0.00
0.00
0.00
0.00
0.00
0.00
0.00
0.00
0.00
0.00
0.00
0.00
0.00
0.00
0.00
0.00
0.00
0.00
0.00
0.00
0.00
0.00
0.00
0.00
0.00
0.07
6.91
-0.75
0.47
-1.53
6.91
-0.50
-1.04
-2.73
1.40
-0.16
-1.82
4.57
-2.92
0.42
-0.01
0.90
-0.40
-6.91
-6.91
-3.44
-6.91
-0.48
1.32
-0.43
-1.80
0.12
1.43
1.98
-0.25
-0.41
0.92
-1.84
0.42
-2.15
-2.74
-1.55
0.37
1.83
-0.31
5.32
-0.45
6.91
0.30
-1.76
-0.67
0.39
-0.43
0.86
-0.93
-1.79
0.21
1.96
1.75
-0.02
-0.15
0.50
-1.22
0.56
0.93
-0.23
0.00
0.00
0.00
0.00
0.00
0.00
0.00
0.00
0.00
0.00
0.00
0.00
0.00
0.00
0.00
0.00
0.00
0.00
0.00
0.00
0.00
0.00
0.00
0.00
0.00
0.00
0.00
0.00
0.00
0.00
0.00
0.00
0.00
0.00
0.00
0.00
0.00
0.00
0.00
0.00
0.00
0.00
0.00
0.00
0.00
0.00
0.00
0.00
0.00
0.00
0.00
0.00
0.00
0.00
0.00
0.00
0.00
0.00
0.00
0.00
0.00
0.00
0.00
0.00
0.00
0.00
0.00
0.00
0.00
0.00
0.00
0.00
0.00
0.00
-1.10
0.00
-3.76
2.28
-6.91
0.00
-1.58
0.28
-0.88
0.00
6.91
-1.03
0.00
-0.44
-0.51
-1.30
-0.67
-1.28
0.28
-1.09
-0.31
-1.51
-1.05
0.00
0.87
-5.97
-6.91
0.00
0.00
0.73
-6.91
0.88
-1.83
-2.36
0.15
-0.24
0.68
-1.81
0.00
-2.68
0.00
1.16
0.00
-1.53
-6.91
0.84
-2.14
0.95
-0.58
-1.26
-0.89
-0.61
0.00
0.00
-6.91
-0.94
-1.93
-6.91
3.73
0.07
-0.71
0.00
0.00
0.00
0.00
0.00
0.00
0.00
0.00
0.00
0.00
0.00
0.00
0.00
0.00
0.00
0.00
0.00
0.00
0.00
0.00
0.00
0.00
0.00
0.00
0.00
0.00
0.00
0.00
0.00
0.00
0.00
0.00
0.00
0.00
0.00
0.00
0.00
0.00
0.00
0.00
0.00
0.00
0.00
0.00
0.00
0.00
0.00
0.00
0.00
0.00
0.00
0.00
0.00
0.00
0.00
0.00
0.00
0.00
0.00
0.00
0.00
0.00
0.00
0.00
0.00
0.00
0.00
0.00
0.00
0.00
0.00
0.00
0.00
0.00
-1.51
0.00
-1.89
0.00
0.15
0.00
0.42
0.00
-0.34
0.00
0.00
0.25
0.00
0.70
-6.91
-0.18
-1.40
-0.85
0.51
0.17
1.99
0.84
-1.88
0.00
0.00
-0.60
-0.88
0.00
0.00
0.00
-0.78
0.00
0.56
-0.30
0.81
0.94
4.23
-1.06
0.00
0.30
0.00
0.00
0.00
-6.91
-1.10
0.00
-0.36
0.00
-1.73
-0.74
0.96
-6.91
0.00
0.00
-1.23
-0.68
-0.38
0.45
0.00
-0.71
-1.02
0.00
0.00
0.00
0.00
0.00
0.00
0.00
0.00
0.00
0.00
0.00
0.00
0.00
0.00
0.00
0.00
0.00
0.00
0.00
0.00
0.00
0.00
0.00
0.00
0.00
0.00
0.00
0.00
0.00
0.00
0.00
0.00
0.00
0.00
0.00
0.00
0.00
0.00
0.00
0.00
0.00
0.00
0.00
0.00
0.00
0.00
0.00
0.00
0.00
0.00
0.00
0.00
0.00
0.00
0.00
0.00
0.00
0.00
0.00
0.00
0.00
0.00
0.00
0.00
0.00
0.00
0.00
0.00
0.00
0.00
0.00
0.00
0.00
0.00
0.00
-2.07
0.00
0.08
0.00
-1.64
0.00
-0.40
0.00
-2.91
-0.73
0.00
-6.91
1.14
0.00
0.00
0.00
0.00
6.91
1.57
0.35
6.91
0.00
-1.42
0.89
0.00
0.00
-2.25
-6.91
0.45
0.00
0.23
0.00
0.00
0.75
6.91
1.79
0.00
-1.88
0.00
-1.26
0.14
-1.59
0.00
0.00
0.50
0.00
-0.46
0.00
0.00
0.00
0.00
-2.60
-3.06
0.00
0.00
0.00
0.00
0.04
0.00
0.00
0.00
0.00
0.00
0.00
0.00
0.00
0.00
0.00
0.00
0.00
0.00
0.00
0.00
0.00
0.00
0.00
0.00
0.00
0.00
0.00
0.00
0.00
0.00
0.00
0.00
0.00
0.00
0.00
0.00
0.00
0.00
0.00
0.00
0.00
0.00
0.00
0.00
0.00
0.00
0.00
0.00
0.00
0.00
0.00
0.00
0.00
0.00
0.00
0.00
0.00
0.00
0.00
0.00
0.00
0.00
0.00
0.00
0.00
0.00
0.00
0.00
0.00
0.00
0.00
0.00
0.00
0.00
0.00
0.00
0.00
0.00
0.00
0.00
0.00
-3.36
0.00
-2.22
6.91
-1.50
0.00
-6.91
1.06
-2.48
0.00
1.79
-6.91
0.00
-0.82
-0.40
-1.56
-1.77
-1.06
-0.26
-1.81
0.23
-1.12
-1.32
0.00
0.85
-3.59
-3.18
0.00
0.00
2.56
-1.68
4.02
-0.56
-0.96
0.19
-0.06
0.44
-1.70
0.00
-0.90
0.00
6.91
0.00
0.00
-2.02
0.68
-1.20
0.16
-1.18
-6.91
-1.53
-3.02
0.00
0.00
-1.23
-6.91
-6.91
-0.94
1.50
0.25
-0.99
0.00
0.00
0.00
0.00
0.00
0.00
0.00
0.00
0.00
0.00
0.00
0.00
0.00
0.00
0.00
0.00
0.00
0.00
0.00
0.00
0.00
0.00
0.00
0.00
0.00
0.00
0.00
0.00
0.00
0.00
0.00
0.00
0.00
0.00
0.00
0.00
0.00
0.00
0.00
0.00
0.00
0.00
0.00
0.00
0.00
0.00
0.00
0.00
0.00
0.00
0.00
0.00
0.00
0.00
0.00
0.00
0.00
0.00
0.00
0.00
0.00
0.00
0.00
0.00
0.00
0.00
0.00
0.00
0.00
0.00
0.00
0.00
0.00
0.00
-6.91
0.00
-0.67
0.00
-0.53
0.00
-0.52
6.91
0.22
0.00
0.00
-1.93
0.00
0.94
-2.04
-0.86
-1.17
-1.12
0.34
0.72
0.56
-0.36
-3.83
0.00
6.91
-0.26
-6.91
0.00
0.00
0.00
-1.80
0.00
-1.06
-0.62
0.13
0.65
0.79
-6.91
0.00
-1.29
0.00
0.00
0.00
-6.91
-2.42
0.00
-0.82
1.24
-1.45
-2.14
-0.45
-1.54
0.00
0.00
-1.54
-0.95
-0.29
0.09
0.00
-0.72
-1.56
0.00
0.00
0.00
0.00
0.00
0.00
0.00
0.00
0.00
0.00
0.00
0.00
0.00
0.00
0.00
0.00
0.00
0.00
0.00
0.00
0.00
0.00
0.00
0.00
0.00
0.00
0.00
0.00
0.00
0.00
0.00
0.00
0.00
0.00
0.00
0.00
0.00
0.00
0.00
0.00
0.00
0.00
0.00
0.00
0.00
0.00
0.00
0.00
0.00
0.00
0.00
0.00
0.00
0.00
0.00
0.00
0.00
0.00
0.00
0.00
0.00
0.00
0.00
0.00
0.00
0.00
0.00
0.00
0.00
0.00
0.00
0.00
0.00
0.00
0.04
0.00
0.99
2.52
0.94
0.00
0.35
3.35
0.19
0.00
0.00
0.76
0.00
0.29
1.90
0.28
0.23
0.00
0.48
1.79
1.55
1.09
-0.12
0.00
0.98
-0.23
1.70
0.00
0.00
1.35
0.12
0.00
0.14
-0.52
0.50
1.03
1.66
0.47
0.00
0.30
0.00
0.00
0.00
0.62
-0.15
2.35
0.95
1.60
-0.05
-0.09
0.30
0.45
0.00
0.00
0.51
0.13
-1.04
-0.10
0.00
0.56
0.09
0.00
0.00
0.00
0.00
0.00
0.00
0.00
0.00
0.00
0.00
0.00
0.00
0.00
0.00
0.00
0.00
0.00
0.00
0.00
0.00
0.00
0.00
0.00
0.00
0.00
0.00
0.00
0.00
0.00
0.00
0.00
0.00
0.00
0.00
0.00
0.00
0.00
0.00
0.00
0.00
0.00
0.00
0.00
0.00
0.00
0.00
0.00
0.00
0.00
0.00
0.00
0.00
0.00
0.00
0.00
0.00
0.00
0.00
0.00
0.00
0.00
0.00
0.00
0.00
0.00
0.00
0.00
0.00
0.00
0.00
0.00
0.00
0.00
0.00
-4.21
0.00
-2.01
1.04
-0.77
0.00
-1.62
0.58
-2.91
0.00
2.05
-2.86
0.00
-0.64
-0.93
-2.86
-0.93
-1.61
-0.32
0.43
0.77
-0.64
-0.77
0.00
2.65
-1.04
-0.86
0.00
0.00
6.91
-1.11
6.91
-0.85
-6.91
0.14
-0.68
-0.39
-2.13
0.00
-0.78
0.00
6.91
0.00
0.19
-6.91
0.89
-1.46
0.91
-6.91
-1.95
-1.25
-0.48
0.00
0.00
-1.68
-1.14
-6.91
-2.13
1.88
-1.22
-2.06
0.00
0.00
0.00
0.00
0.00
0.00
0.00
0.00
0.00
0.00
0.00
0.00
0.00
0.00
0.00
0.00
0.00
0.00
0.00
0.00
0.00
0.00
0.00
0.00
0.00
0.00
0.00
0.00
0.00
0.00
0.00
0.00
0.00
0.00
0.00
0.00
0.00
0.00
0.00
0.00
0.00
0.00
0.00
0.00
0.00
0.00
0.00
0.00
0.00
0.00
0.00
0.00
0.00
0.00
0.00
0.00
0.00
0.00
0.00
0.00
0.00
0.00
0.00
0.00
0.00
0.00
0.00
0.00
0.00
0.00
0.00
0.00
0.00
0.00
-0.37
0.68
-1.10
0.16
-2.82
6.91
-2.19
0.23
-2.41
6.91
-0.31
-1.72
6.91
-6.91
-0.13
0.12
0.84
0.27
-1.11
-7.03
-2.75
-1.21
-0.56
2.50
-0.81
-0.86
0.20
1.75
4.24
-0.76
-0.26
0.19
-2.63
0.20
-1.48
-6.91
-0.92
-0.46
1.21
-1.49
2.16
0.05
4.92
1.67
-0.83
0.14
0.19
-1.08
0.62
0.36
-0.93
0.40
1.35
6.91
-1.12
-1.56
-0.38
-2.77
-0.09
0.90
1.05
0.00
0.00
0.00
0.00
0.00
0.00
0.00
0.00
0.00
0.00
0.00
0.00
0.00
0.00
0.00
0.00
0.00
0.00
0.00
0.00
0.00
0.00
0.00
0.00
0.00
0.00
0.00
0.00
0.00
0.00
0.00
0.00
0.00
0.00
0.00
0.00
0.00
0.00
0.00
0.00
0.00
0.00
0.00
0.00
0.00
0.00
0.00
0.00
0.00
0.00
0.00
0.00
0.00
0.00
0.00
0.00
0.00
0.00
0.00
0.00
0.00
0.00
0.00
0.00
0.00
0.00
0.00
0.00
0.00
0.00
0.00
0.00
0.00
0.00
0.41
3.58
-1.21
0.95
-2.74
0.00
-1.46
-0.92
-0.70
1.42
-0.07
-0.50
0.00
-2.88
-0.38
-0.35
-0.49
-0.50
-1.93
-6.91
-1.04
-1.44
0.06
2.56
-0.76
-0.86
-0.23
6.91
0.00
-0.36
-1.03
0.85
-0.97
-1.49
-2.20
-6.91
-0.35
-0.67
1.25
-0.89
1.79
0.42
0.00
-0.04
-1.85
-0.14
-1.47
0.31
-0.56
0.15
-3.48
0.26
0.92
6.91
-1.57
-1.04
-0.76
-1.06
-0.14
1.18
-0.37
0.00
0.00
0.00
0.00
0.00
0.00
0.00
0.00
0.00
0.00
0.00
0.00
0.00
0.00
0.00
0.00
0.00
0.00
0.00
0.00
0.00
0.00
0.00
0.00
0.00
0.00
0.00
0.00
0.00
0.00
0.00
0.00
0.00
0.00
0.00
0.00
0.00
0.00
0.00
0.00
0.00
0.00
0.00
0.00
0.00
0.00
0.00
0.00
0.00
0.00
0.00
0.00
0.00
0.00
0.00
0.00
0.00
0.00
0.00
0.00
0.00
0.00
0.00
0.00
0.00
0.00
0.00
0.00
0.00
0.00
0.00
0.00
0.00
0.00
-0.14
0.29
-0.31
-0.24
-2.42
4.25
-0.45
0.16
-0.94
0.64
-0.35
-0.22
1.85
-0.93
0.35
0.14
0.84
-0.34
-3.03
-1.16
-0.96
-1.58
-0.17
1.45
-1.12
-1.41
0.42
1.05
1.20
-1.10
-1.12
0.25
-1.02
0.21
-6.91
-2.27
-1.75
-0.15
1.91
-0.58
3.25
0.13
1.28
1.61
-0.51
-0.81
-0.00
-0.06
-0.13
-0.55
-0.41
-0.17
1.15
3.84
-0.37
-1.10
-0.61
-2.27
0.51
1.47
0.13
0.00
0.00
0.00
0.00
0.00
0.00
0.00
0.00
0.00
0.00
0.00
0.00
0.00
0.00
0.00
0.00
0.00
0.00
0.00
0.00
