0.00
0.00
0.00
0.00
0.00
0.00
0.00
0.00
0.00
0.00
0.00
0.00
0.00
0.00
0.00
0.00
0.00
0.00
-6.91
-1.36
0.00
1.73
-2.16
0.00
0.81
-0.52
-1.66
-0.40
0.00
-2.14
0.00
0.00
-0.25
-0.70
0.11
1.38
-6.91
-1.87
0.00
0.00
1.39
6.91
-0.39
-0.44
0.00
-1.14
-6.91
0.50
-1.42
-6.91
0.00
-0.49
-0.03
-0.45
-6.91
0.00
-0.95
1.79
-1.70
0.00
-0.55
1.44
-0.66
0.00
0.00
-1.42
0.00
-0.76
-0.43
-1.24
-2.37
-1.03
0.51
-0.60
-0.23
0.34
-2.70
0.00
3.03
-0.82
-3.45
0.00
0.00
1.63
-0.63
0.00
-1.11
-1.48
0.69
0.54
1.05
-1.44
0.00
-2.34
0.00
0.00
0.00
-1.77
-0.98
2.34
-2.95
6.91
-6.91
-1.14
-0.14
0.00
0.00
0.00
0.00
0.00
0.00
0.00
0.00
0.00
0.00
0.00
0.00
0.00
0.00
0.00
0.00
0.00
0.00
0.00
0.00
0.00
0.00
0.00
0.00
0.00
0.00
0.00
0.00
0.00
0.00
0.00
0.00
0.00
0.00
0.00
0.00
0.00
0.00
0.00
0.00
0.00
0.00
0.00
0.00
0.00
0.00
0.00
0.00
0.00
0.00
-1.96
-0.72
2.32
-6.91
-1.00
3.23
0.00
2.90
-2.37
0.00
-1.82
-0.70
0.44
0.00
7.36
1.23
0.00
0.00
-6.91
-1.93
-1.14
-0.63
6.91
0.00
-1.68
0.00
0.00
2.26
0.00
0.00
-0.98
0.00
0.00
2.05
0.00
-2.68
0.00
-1.71
0.00
-0.91
0.00
-0.87
2.13
-1.14
-0.30
0.00
-6.91
2.54
0.00
0.00
0.00
0.00
2.37
3.30
0.48
1.32
0.00
-6.91
-1.04
0.00
0.00
-1.30
-1.12
-1.30
0.00
-0.42
2.30
0.00
2.20
3.06
1.49
0.00
-6.91
0.00
-1.08
-0.25
-1.10
0.00
0.00
-0.19
0.00
0.54
0.00
0.00
6.91
0.00
0.00
0.00
0.00
0.00
0.00
0.00
0.00
0.00
0.00
0.00
0.00
0.00
0.00
0.00
0.00
0.00
0.00
0.00
0.00
0.00
0.00
0.00
0.00
0.00
0.00
0.00
0.00
0.00
0.00
0.00
0.00
0.00
0.00
0.00
0.00
0.00
0.00
0.00
0.00
0.00
0.00
0.00
0.00
0.00
0.00
0.00
0.00
0.00
0.00
-2.17
-0.54
0.00
-2.02
0.10
0.00
0.00
1.26
-0.48
0.00
-1.10
-0.37
1.31
0.00
0.00
0.88
0.00
0.00
-0.63
-1.74
-0.23
-0.18
0.00
0.00
-0.12
0.00
0.00
6.91
0.00
0.00
-1.16
0.00
0.00
0.00
0.00
-1.77
0.00
-0.37
0.00
-6.91
0.00
-0.07
0.00
-1.09
-0.81
0.00
-1.20
2.31
0.00
0.00
0.00
0.00
1.51
0.00
6.91
6.91
0.00
-0.81
0.78
0.00
0.00
-1.58
-1.30
0.61
0.00
-0.59
0.00
0.00
6.91
3.11
2.64
0.00
-1.58
0.00
-1.74
-0.05
-1.87
0.00
0.00
0.68
0.00
1.06
0.00
0.00
0.00
0.00
0.00
0.00
0.00
0.00
0.00
0.00
0.00
0.00
0.00
0.00
0.00
0.00
0.00
0.00
0.00
0.00
0.00
0.00
0.00
0.00
0.00
0.00
0.00
0.00
0.00
0.00
0.00
0.00
0.00
0.00
0.00
0.00
0.00
0.00
0.00
0.00
0.00
0.00
0.00
0.00
0.00
0.00
0.00
0.00
0.00
0.00
0.00
-6.91
-2.57
0.00
6.91
-2.38
0.00
0.46
-1.67
-3.89
0.26
1.26
-2.32
0.00
0.00
-1.00
-1.20
0.14
-0.69
-0.97
-6.91
0.00
0.00
1.61
4.80
-0.33
-3.72
6.91
-2.59
-2.16
0.09
-0.58
-2.31
0.00
-2.06
-2.26
-0.13
-1.65
0.00
-1.96
3.50
-0.96
0.00
-6.91
2.56
-1.93
0.00
1.38
-3.12
0.00
-0.11
-0.36
-3.21
-0.19
-1.38
-0.03
-0.16
-0.70
-0.04
-2.53
0.00
0.40
-2.21
-1.46
0.00
0.00
0.96
-1.34
0.98
-0.31
-1.64
-0.50
-0.53
0.73
-1.04
0.00
-2.32
0.00
0.98
0.00
-1.88
-4.79
2.78
-6.91
1.60
-0.97
-2.08
-1.50
0.00
0.00
0.00
0.00
0.00
0.00
0.00
0.00
0.00
0.00
0.00
0.00
0.00
0.00
0.00
0.00
0.00
0.00
0.00
0.00
0.00
0.00
0.00
0.00
0.00
0.00
0.00
0.00
0.00
0.00
0.00
0.00
0.00
0.00
0.00
0.00
0.00
0.00
0.00
0.00
0.00
0.00
0.00
0.00
0.00
0.00
0.00
0.00
-0.48
-0.69
6.91
0.86
-6.91
0.00
0.72
-2.66
-1.22
-0.72
0.78
-1.81
0.00
0.00
-2.29
-0.86
-0.94
0.08
-1.10
-2.63
1.78
0.00
1.30
1.55
-1.33
-1.33
1.56
-0.98
0.00
-2.39
-0.14
-2.77
0.00
-0.56
-0.84
-1.25
-1.83
6.91
-3.30
1.79
-6.91
0.00
-2.26
-0.14
-2.33
0.00
1.75
-6.91
0.00
-0.79
-0.47
-1.87
-0.94
-1.50
-0.58
-2.46
0.01
-2.80
-0.84
6.91
0.28
-3.10
-0.57
0.00
0.00
0.47
-0.77
1.64
-2.70
-0.67
-0.66
-1.08
0.12
-0.17
6.91
-6.91
0.00
0.99
0.00
0.40
-5.38
1.37
-2.20
0.37
-0.81
-0.88
-1.53
0.00
0.00
0.00
0.00
0.00
0.00
0.00
0.00
0.00
0.00
0.00
0.00
0.00
0.00
0.00
0.00
0.00
0.00
0.00
0.00
0.00
0.00
0.00
0.00
0.00
0.00
0.00
0.00
0.00
0.00
0.00
0.00
0.00
0.00
0.00
0.00
0.00
0.00
0.00
0.00
0.00
0.00
0.00
0.00
0.00
0.00
0.00
0.00
-0.79
-1.55
0.00
1.01
-0.96
0.00
0.89
-1.09
-6.91
-1.73
0.95
-6.91
0.00
0.00
-0.64
-0.10
-2.67
-0.91
-2.61
-1.09
0.00
0.00
0.70
1.52
-1.47
-6.91
0.99
-5.19
-0.22
-0.39
-0.93
-6.91
0.00
-0.82
-0.49
-0.47
-0.41
0.00
-1.73
1.36
-6.91
0.00
-1.75
0.85
-0.58
0.00
5.25
-6.91
0.00
-1.35
0.24
-1.70
-0.30
-0.75
-1.94
-0.51
0.17
-1.94
-1.59
0.00
1.45
-6.91
-1.45
0.00
0.00
0.29
-5.59
1.00
-1.63
-0.36
-0.61
-0.66
-0.39
-0.96
0.00
-6.91
0.00
2.70
0.00
0.38
-2.43
1.92
-2.52
1.11
-0.50
-1.60
-3.21
0.00
0.00
0.00
0.00
0.00
0.00
0.00
0.00
0.00
0.00
0.00
0.00
0.00
0.00
0.00
0.00
0.00
0.00
0.00
0.00
0.00
0.00
0.00
0.00
0.00
0.00
0.00
0.00
0.00
0.00
0.00
0.00
0.00
0.00
0.00
0.00
0.00
0.00
0.00
0.00
0.00
0.00
0.00
0.00
0.00
0.00
0.00
0.00
2.32
1.89
-0.66
-6.91
0.60
-0.88
-1.14
0.24
0.76
0.47
-6.91
0.57
-0.11
0.58
0.56
0.00
0.18
-1.02
2.63
6.91
-1.75
0.05
-1.99
-2.67
0.70
1.09
-4.76
0.64
0.00
-0.87
0.00
1.02
-0.81
2.59
1.46
-0.42
0.00
-1.77
2.85
-1.91
1.44
-0.59
0.90
-4.47
0.78
-0.89
-6.91
2.48
0.58
-0.59
0.00
0.00
0.00
3.10
-1.08
-0.18
-0.35
0.77
0.00
-1.41
-1.46
0.83
0.96
-0.53
-0.24
-2.14
1.14
-6.91
0.71
1.08
-0.80
-0.71
-0.29
0.00
-0.26
1.42
0.40
-1.75
-0.34
0.00
1.06
-6.91
1.26
-2.95
0.00
1.15
2.08
0.00
0.00
0.00
0.00
0.00
0.00
0.00
0.00
0.00
0.00
0.00
0.00
0.00
0.00
0.00
0.00
0.00
0.00
0.00
0.00
0.00
0.00
0.00
0.00
0.00
0.00
0.00
0.00
0.00
0.00
0.00
0.00
0.00
0.00
0.00
0.00
0.00
0.00
0.00
0.00
0.00
0.00
0.00
0.00
0.00
0.00
0.00
0.00
6.91
2.44
-1.05
-1.58
0.99
0.93
-3.66
1.12
0.54
-0.09
-2.10
0.53
-0.31
1.47
-0.01
0.00
0.13
-1.45
6.91
0.47
-0.33
-0.36
-2.96
-6.91
0.29
1.27
-4.94
0.55
0.00
-0.85
6.91
2.03
0.47
1.17
1.50
-0.59
3.05
-0.80
1.05
-6.91
0.75
0.75
0.20
-1.59
0.50
-0.12
-1.08
0.07
-0.49
-0.68
0.00
1.87
0.00
1.24
-0.17
0.33
-1.14
0.35
2.61
-1.11
-6.91
1.61
2.91
0.25
0.99
-3.39
2.17
-0.76
1.38
1.49
-0.44
0.04
-1.33
6.91
0.22
-0.09
0.22
-1.18
0.66
0.00
0.25
-2.71
1.47
-1.67
6.91
1.24
0.01
0.00
0.00
0.00
0.00
0.00
0.00
0.00
0.00
0.00
0.00
0.00
0.00
0.00
0.00
0.00
0.00
0.00
0.00
0.00
0.00
0.00
0.00
0.00
0.00
0.00
0.00
0.00
0.00
0.00
0.00
0.00
0.00
0.00
0.00
0.00
0.00
0.00
0.00
0.00
0.00
0.00
0.00
0.00
0.00
0.00
0.00
0.00
0.00
-0.66
-0.16
2.78
0.77
-6.91
0.00
-0.32
-2.24
-1.40
-1.64
0.13
-1.01
2.29
0.00
-2.67
-0.56
-1.01
-1.01
-0.30
-1.58
1.86
0.00
-0.52
-0.06
-1.60
-1.75
1.77
-3.35
0.33
-2.50
-1.13
-0.92
0.00
-1.60
-6.91
-1.70
-0.40
1.67
-1.50
-0.22
-2.09
0.00
-2.04
-0.53
-3.52
6.91
2.12
-2.39
0.00
-2.67
-0.00
-1.00
-0.62
-0.82
-0.43
-0.90
-1.12
-1.50
-0.10
1.07
-0.65
-1.05
-0.27
0.00
0.00
0.06
-0.75
0.11
-6.91
-0.78
-0.84
-1.38
-2.00
-0.75
6.91
-6.91
0.00
1.43
0.00
0.90
-1.76
0.21
-0.08
0.75
0.03
-0.90
-2.48
0.00
0.00
0.00
0.00
0.00
0.00
0.00
0.00
0.00
0.00
0.00
0.00
0.00
0.00
0.00
0.00
0.00
0.00
0.00
0.00
0.00
0.00
0.00
0.00
0.00
0.00
0.00
0.00
0.00
0.00
0.00
0.00
0.00
0.00
0.00
0.00
0.00
0.00
0.00
0.00
0.00
0.00
0.00
0.00
0.00
0.00
0.00
0.00
0.00
1.83
-2.38
-1.56
1.28
-0.43
-0.52
1.68
6.91
0.17
-2.71
1.32
-1.50
-0.27
-0.39
0.00
0.77
0.65
0.00
6.91
-1.45
-0.25
-3.62
-1.86
0.58
4.71
-1.92
6.91
0.00
-0.08
0.00
1.65
-1.02
1.08
1.51
0.23
0.00
-1.01
6.91
-3.19
1.98
-0.97
0.83
-1.96
2.17
-0.48
-6.91
1.31
-1.44
-0.00
0.00
0.00
0.00
3.13
0.57
0.57
0.47
-0.38
0.00
-0.48
-0.94
2.14
0.00
-0.43
0.00
-1.29
6.91
-6.91
2.36
6.91
-0.05
0.59
-0.76
0.00
-1.29
3.43
-0.21
-1.69
-0.02
0.00
2.18
-1.34
0.00
-1.61
0.00
1.95
1.92
0.00
0.00
0.00
0.00
0.00
0.00
0.00
0.00
0.00
0.00
0.00
0.00
0.00
0.00
0.00
0.00
0.00
0.00
0.00
0.00
0.00
0.00
0.00
0.00
0.00
0.00
0.00
0.00
0.00
0.00
0.00
0.00
0.00
0.00
0.00
0.00
0.00
0.00
0.00
0.00
0.00
0.00
0.00
0.00
0.00
0.00
0.00
0.00
-0.24
-1.39
6.91
0.91
-1.17
6.91
0.12
-0.62
-1.39
-1.20
0.35
-1.69
2.11
0.00
-0.98
-0.30
-6.33
-0.69
0.38
-0.13
2.26
6.91
-0.52
-0.36
-2.03
-1.60
1.15
-0.98
1.44
-6.91
0.06
-1.30
6.91
-0.78
-1.82
-2.36
0.27
1.40
0.28
-0.19
-1.03
1.15
-0.22
0.42
-1.59
6.91
0.04
-0.86
6.91
-2.82
1.35
0.46
0.48
-0.89
-1.31
-3.03
-2.25
-6.91
-0.22
1.37
-0.42
-1.11
-0.79
6.91
1.44
-0.58
-0.73
-0.31
-0.36
-0.85
-3.50
-1.78
-2.04
0.29
2.05
-0.48
1.34
-0.14
6.91
0.34
-0.73
0.00
0.01
-0.63
-0.05
-0.53
-0.43
0.00
0.00
0.00
0.00
0.00
0.00
0.00
0.00
0.00
0.00
0.00
0.00
0.00
0.00
0.00
0.00
0.00
0.00
0.00
0.00
0.00
0.00
0.00
0.00
0.00
0.00
0.00
0.00
0.00
0.00
0.00
0.00
0.00
0.00
0.00
0.00
0.00
0.00
0.00
0.00
0.00
0.00
0.00
0.00
0.00
0.00
0.00
0.00
-1.15
-2.36
0.00
1.28
-6.91
0.00
0.33
-1.21
-1.05
-0.62
2.62
-6.91
0.00
0.00
-0.45
-0.87
-0.58
-0.86
-2.31
-6.91
0.00
0.00
1.35
0.87
-0.69
-1.40
1.88
-6.91
-1.51
-1.11
-2.34
-1.05
0.00
-2.21
-1.13
-1.88
-2.01
0.00
-2.10
1.16
-1.80
0.00
-6.91
0.62
-1.87
0.00
6.91
-1.88
0.00
-0.34
-0.27
-0.61
-1.76
-1.96
-0.70
-1.87
-0.21
-0.37
-3.62
0.00
0.17
-6.91
-5.31
0.00
0.00
1.32
-6.91
0.80
-1.59
-1.15
-0.22
-0.67
-0.89
-0.59
0.00
-6.91
0.00
6.91
0.00
-1.28
-1.70
1.51
-0.71
1.01
-2.01
-1.51
-3.34
0.00
0.00
0.00
0.00
0.00
0.00
0.00
0.00
0.00
0.00
0.00
0.00
0.00
0.00
0.00
0.00
0.00
0.00
0.00
0.00
0.00
0.00
0.00
0.00
0.00
0.00
0.00
0.00
0.00
0.00
0.00
0.00
0.00
0.00
0.00
0.00
0.00
0.00
0.00
0.00
0.00
0.00
0.00
0.00
0.00
0.00
0.00
0.00
-1.78
-2.24
0.00
3.74
-0.88
0.00
0.99
-0.12
-1.52
0.01
0.00
-0.62
0.00
0.00
0.83
-2.08
0.45
0.60
-6.91
-1.27
0.00
0.00
0.80
6.91
-0.96
-0.47
0.00
-1.09
-1.72
0.54
-6.91
-0.66
0.00
-2.30
-1.32
0.20
-0.77
0.00
-1.55
6.91
-0.40
0.00
-0.20
1.78
-0.93
0.00
0.00
-0.76
0.00
0.34
-2.23
-6.91
-1.23
-2.14
0.41
-0.13
0.06
-0.63
-1.03
0.00
2.49
-1.59
-2.73
0.00
0.00
2.29
-1.33
0.00
-0.14
-1.50
0.10
0.05
0.81
-0.70
0.00
-1.73
0.00
0.00
0.00
-0.15
-0.92
1.66
-0.60
2.29
-6.91
-6.91
-1.30
0.00
0.00
0.00
0.00
0.00
0.00
0.00
0.00
0.00
0.00
0.00
0.00
0.00
0.00
0.00
0.00
0.00
0.00
0.00
0.00
0.00
0.00
0.00
0.00
0.00
0.00
0.00
0.00
0.00
0.00
0.00
0.00
0.00
0.00
0.00
0.00
0.00
0.00
0.00
0.00
0.00
0.00
0.00
0.00
0.00
0.00
0.00
0.00
0.85
0.16
0.61
0.24
-2.86
1.21
-1.13
-0.64
-0.91
-6.91
0.51
-1.60
6.91
6.91
-1.36
1.33
-2.85
-3.23
0.34
0.24
0.80
6.91
-0.50
0.56
-0.44
-0.20
-0.38
-1.62
-0.08
-1.54
1.00
-1.39
6.91
-0.46
-0.15
-2.98
0.52
2.96
0.18
-0.53
-1.77
2.42
-0.28
-0.73
-2.57
0.96
-0.56
-1.91
6.91
-2.23
0.03
0.07
1.19
-0.44
-6.91
-6.91
-6.91
-6.91
0.09
2.11
-0.24
-2.20
0.19
1.77
1.81
-0.70
-0.72
0.81
-0.35
-0.82
-6.91
-1.08
-1.60
0.90
1.43
-0.93
2.84
0.12
1.33
2.10
-1.36
-0.32
0.26
-0.59
0.03
-0.29
-1.32
0.00
0.00
0.00
0.00
0.00
0.00
0.00
0.00
0.00
0.00
0.00
0.00
0.00
0.00
0.00
0.00
0.00
0.00
0.00
0.00
0.00
0.00
0.00
0.00
0.00
0.00
0.00
0.00
0.00
0.00
0.00
0.00
0.00
0.00
0.00
0.00
0.00
0.00
0.00
0.00
0.00
0.00
0.00
0.00
0.00
0.00
0.00
0.00
0.00
0.00
-1.55
0.32
0.00
-1.74
0.19
0.00
0.00
2.31
0.26
0.00
-1.00
-1.25
3.54
0.00
0.00
1.23
0.00
0.00
-4.95
-2.57
0.58
-0.49
0.00
0.00
0.60
0.00
0.00
1.89
0.00
0.00
-6.91
0.00
0.00
0.00
0.00
-0.85
0.00
0.02
0.00
-6.91
0.00
1.47
0.00
-0.73
-0.55
0.00
-6.91
1.64
0.00
0.00
0.00
0.00
3.60
0.00
1.29
4.51
0.00
-2.46
0.63
0.00
0.00
-1.88
-6.91
-0.43
0.00
-0.09
0.00
0.00
6.91
0.00
1.20
0.00
-3.69
0.00
-1.96
0.67
-6.91
0.00
0.00
-0.43
0.00
1.11
0.00
0.00
0.00
0.00
0.00
0.00
0.00
0.00
0.00
0.00
0.00
0.00
0.00
0.00
0.00
0.00
0.00
0.00
0.00
0.00
0.00
0.00
0.00
0.00
0.00
0.00
0.00
0.00
0.00
0.00
0.00
0.00
0.00
0.00
0.00
0.00
0.00
0.00
0.00
0.00
0.00
0.00
0.00
0.00
0.00
0.00
0.00
0.00
0.00
0.00
0.00
-2.31
-2.24
0.00
0.91
-0.62
0.00
1.05
-0.74
-6.91
0.34
6.91
-2.67
0.00
0.00
0.20
-0.86
-0.12
-0.41
-6.91
-1.29
0.00
0.00
0.36
1.03
-0.86
-6.91
1.01
-6.91
-0.77
-0.56
-1.16
-1.82
0.00
-1.59
-1.12
-0.38
-1.76
0.00
-6.91
2.63
-1.39
0.00
-6.91
0.55
-1.97
0.00
5.75
-6.91
0.00
-0.18
-0.55
-5.39
-1.78
-2.22
-0.84
-0.06
-0.89
-0.16
-0.67
0.00
0.50
-3.22
-1.19
0.00
0.00
1.58
-1.92
1.06
-1.68
-1.26
-0.49
-1.00
0.90
-3.68
0.00
-6.91
0.00
0.89
0.00
0.09
-1.96
3.66
-6.91
1.95
-0.89
-6.91
-1.79
0.00
0.00
0.00
0.00
0.00
0.00
0.00
0.00
0.00
0.00
0.00
0.00
0.00
0.00
0.00
0.00
0.00
0.00
0.00
0.00
0.00
0.00
0.00
0.00
0.00
0.00
0.00
0.00
0.00
0.00
0.00
0.00
0.00
0.00
0.00
0.00
0.00
0.00
0.00
0.00
0.00
0.00
0.00
0.00
0.00
0.00
0.00
0.00
1.00
-0.78
1.52
0.06
-0.70
6.91
-1.88
-1.09
-0.86
-1.22
0.77
0.19
1.59
3.87
-1.92
0.78
-0.74
-5.23
0.61
-0.05
0.43
4.16
-0.33
-0.66
-0.69
0.24
-0.37
-0.28
1.97
-1.21
-0.10
-0.37
1.53
0.02
-1.72
-6.91
-0.27
1.72
0.43
-0.56
-1.55
1.67
-0.06
-1.04
-1.24
1.43
0.51
-0.23
4.70
-1.33
1.14
0.86
1.61
-0.24
-2.11
-2.59
-6.91
-3.03
0.06
0.69
-0.74
-0.72
0.16
2.31
3.57
-0.64
-0.21
0.28
-1.20
0.01
-6.91
-1.51
-6.91
-0.24
1.99
-0.19
1.58
-0.42
3.35
2.40
0.02
-0.01
-0.08
-0.34
1.22
-0.72
-0.46
0.00
0.00
0.00
0.00
0.00
0.00
0.00
0.00
0.00
0.00
0.00
0.00
0.00
0.00
0.00
0.00
0.00
0.00
0.00
0.00
0.00
0.00
0.00
0.00
0.00
0.00
0.00
0.00
0.00
0.00
0.00
0.00
0.00
0.00
0.00
0.00
0.00
0.00
0.00
0.00
0.00
0.00
0.00
0.00
0.00
0.00
0.00
0.00
0.00
0.00
-6.91
-0.13
0.00
-2.60
-0.19
6.91
0.00
0.98
-0.73
0.00
-1.69
-6.91
0.94
0.00
1.54
1.24
0.00
0.00
-6.30
-0.47
-0.23
-0.32
6.91
0.00
-0.64
0.00
0.00
1.07
0.00
0.00
-1.49
0.00
0.00
1.85
0.00
-1.40
0.00
0.11
0.00
-2.08
0.00
-0.45
6.91
-1.79
-1.94
0.00
-2.19
6.91
0.00
0.00
0.00
0.00
2.57
2.89
0.97
1.50
0.00
-2.36
0.19
0.00
0.00
-3.02
-1.53
-0.52
0.00
0.01
6.91
0.00
0.59
0.73
0.57
0.00
-6.91
0.00
-1.06
-0.95
-1.04
0.00
0.00
-0.15
0.00
-0.26
0.00
0.00
1.67
0.00
0.00
0.00
0.00
0.00
0.00
0.00
0.00
0.00
0.00
0.00
0.00
0.00
0.00
0.00
0.00
0.00
0.00
0.00
0.00
0.00
0.00
0.00
0.00
0.00
0.00
0.00
0.00
0.00
0.00
-6.91
0.00
0.00
-6.91
-0.57
-1.28
7.03
1.47
-1.54
0.00
0.29
-1.83
-1.96
-0.40
0.00
-0.74
0.20
0.00
0.00
0.00
0.00
0.00
0.00
0.00
0.00
0.00
0.00
0.00
0.00
0.00
0.00
0.00
0.00
0.00
0.00
0.00
-6.91
-1.43
0.00
0.00
1.52
1.87
-0.22
-0.90
0.00
-0.62
-1.37
0.45
-1.35
-1.06
0.00
-1.47
-1.26
0.45
-6.91
0.00
-6.91
2.95
-0.22
0.00
-5.23
0.93
-0.37
0.00
0.00
-1.38
0.00
0.36
-0.70
-5.38
-1.02
-3.48
-0.31
-0.51
1.10
0.07
-3.64
0.00
6.91
-0.57
-2.27
0.00
0.00
1.29
-6.91
0.00
-1.18
-1.97
-0.71
-0.07
1.34
-5.18
0.00
-2.67
0.00
0.00
0.00
-1.12
-0.88
3.22
-1.88
2.98
-6.91
-4.29
-0.29
-1.67
0.00
0.00
-2.23
-1.22
-0.59
-1.49
0.00
-0.70
-0.72
0.00
0.00
0.00
0.00
0.00
0.00
0.00
0.00
0.00
0.00
0.00
0.00
0.00
0.00
0.00
0.00
0.00
0.00
0.00
0.00
-2.66
0.00
0.00
-1.84
-2.73
-6.91
0.90
1.47
-1.57
6.91
0.15
-4.31
-0.57
-0.68
0.00
-1.40
-0.17
0.00
0.00
0.00
0.00
0.00
0.00
0.00
0.00
0.00
0.00
0.00
0.00
0.00
0.00
0.00
0.00
0.00
0.00
0.00
-6.91
-6.91
0.00
0.00
1.97
6.91
-1.63
-6.91
1.48
-1.07
-0.49
-0.60
-6.91
-6.91
0.00
-1.31
-1.11
-0.86
-1.67
0.00
-6.91
0.68
-1.26
0.00
-6.91
1.30
-1.19
0.00
6.91
-3.72
0.00
0.13
-0.80
-0.70
-1.30
-1.47
-0.12
-1.11
0.62
-1.24
-2.62
0.00
2.66
-1.05
-1.31
0.00
0.00
1.39
-2.02
1.66
-0.36
-0.84
0.17
0.21
0.84
-2.38
0.00
-0.95
0.00
6.91
0.00
-1.22
-1.43
0.83
-6.91
2.42
-3.21
-3.48
-0.97
-2.17
0.00
0.00
-6.91
-6.91
-6.91
-4.71
6.91
0.28
-2.95
0.00
0.00
0.00
0.00
0.00
0.00
0.00
0.00
0.00
0.00
0.00
0.00
0.00
0.00
0.00
0.00
0.00
0.00
0.00
0.00
0.00
-6.91
-1.93
0.00
2.50
0.00
-0.11
-0.28
3.74
-0.75
1.45
0.00
0.00
0.45
-1.76
0.00
2.08
-1.13
0.00
0.00
0.00
0.00
0.00
0.00
0.00
0.00
0.00
0.00
0.00
0.00
0.00
0.00
0.00
0.00
0.00
0.00
0.00
0.00
-1.49
-1.58
-0.55
-0.83
6.91
0.00
-0.29
0.00
0.00
1.65
0.00
0.00
-2.19
0.00
0.00
2.12
0.00
-6.91
0.00
-0.63
0.00
-3.63
0.00
-0.73
2.42
-4.77
-0.74
0.00
-6.91
1.46
0.00
0.00
0.00
0.00
2.39
6.91
1.73
2.19
0.00
-3.35
0.25
0.00
0.00
-1.21
-2.88
-0.84
0.00
-1.52
4.71
0.00
1.95
0.57
1.20
0.00
-2.25
0.00
-6.91
-1.82
-2.37
0.00
0.00
-1.16
0.00
0.31
0.00
0.00
6.91
0.00
-2.69
-1.01
0.00
0.00
0.00
0.00
-1.50
0.00
0.00
0.00
0.00
0.00
0.00
0.00
0.00
0.00
0.00
0.00
0.00
0.00
0.00
0.00
0.00
0.00
0.00
0.00
0.00
0.00
0.00
1.52
-0.45
-0.17
2.65
0.64
0.29
-6.91
-1.26
0.24
-6.91
0.49
1.37
2.74
0.65
-0.13
6.91
0.44
-1.30
0.00
0.00
0.00
0.00
0.00
0.00
0.00
0.00
0.00
0.00
0.00
0.00
0.00
0.00
0.00
0.00
0.00
0.00
2.53
2.65
-1.67
-0.18
-1.44
-6.91
1.37
1.70
-6.91
1.17
0.00
0.28
0.00
1.46
-0.48
1.37
1.67
0.12
0.00
-0.63
3.14
-1.61
1.82
-0.36
2.06
-2.98
0.49
-0.94
-6.91
1.25
-0.79
-0.30
0.00
0.00
0.00
2.19
0.27
1.03
-0.33
-0.09
0.00
-0.91
-5.95
0.54
2.99
-0.21
0.51
-6.91
1.39
-6.91
1.82
1.22
0.36
-0.11
-0.87
0.00
-1.54
0.39
-0.61
-2.33
-0.58
0.00
1.36
-6.91
0.97
-3.46
0.00
1.03
1.52
0.00
-0.73
-0.73
1.55
0.75
5.52
2.06
-6.91
0.00
0.00
0.00
0.00
0.00
0.00
0.00
0.00
0.00
0.00
0.00
0.00
0.00
0.00
0.00
0.00
0.00
0.00
0.00
0.00
0.00
0.00
-0.40
6.91
0.00
-2.08
-2.71
-2.86
0.18
0.33
-6.91
2.03
-0.48
-6.91
-0.55
-0.39
0.00
-1.08
-0.41
0.00
0.00
0.00
0.00
0.00
0.00
0.00
0.00
0.00
0.00
0.00
0.00
0.00
0.00
0.00
0.00
0.00
0.00
0.00
-1.21
-0.51
6.91
0.00
0.21
0.34
-6.91
-1.41
1.57
-1.63
-0.95
-0.70
-1.69
-3.39
0.00
-0.79
-1.44
-1.50
-1.00
6.91
-0.51
0.68
-6.91
0.00
-2.27
0.42
-2.01
0.00
0.87
-1.14
0.00
-0.37
-0.45
-1.30
-0.99
-0.50
-0.89
-0.53
-1.46
-0.74
-0.78
2.39
-0.06
-2.96
-0.32
0.00
0.00
0.53
-1.29
2.07
-6.91
-1.79
-1.58
-1.71
-1.67
-1.19
2.81
-1.93
0.00
0.73
0.00
0.57
-0.95
0.26
-0.23
0.64
-0.16
-0.57
-6.91
-1.34
3.69
0.00
-1.63
-3.96
-2.41
-6.91
1.63
0.98
-0.06
0.00
0.00
0.00
0.00
0.00
0.00
0.00
0.00
0.00
0.00
0.00
0.00
0.00
0.00
0.00
0.00
0.00
0.00
0.00
0.00
0.00
-0.73
-1.56
0.00
0.00
0.00
-0.78
0.19
0.00
-0.96
6.91
0.00
0.00
3.44
-0.63
0.00
2.45
-1.08
0.00
0.00
0.00
0.00
0.00
0.00
0.00
0.00
0.00
0.00
0.00
0.00
0.00
0.00
0.00
0.00
0.00
0.00
0.00
0.00
-2.02
-6.91
0.38
-0.82
0.00
0.00
-0.86
0.00
0.00
6.91
0.00
0.00
-1.75
0.00
0.00
0.00
0.00
-2.59
0.00
-0.01
0.00
-2.22
0.00
0.78
0.00
-1.40
-0.62
0.00
-1.55
2.21
0.00
0.00
0.00
0.00
1.83
0.00
0.73
6.91
0.00
-0.71
0.41
0.00
0.00
-6.91
-1.24
0.29
0.00
0.20
0.00
0.00
1.20
1.40
3.79
0.00
-1.56
0.00
-2.26
0.27
-2.13
0.00
0.00
-0.49
0.00
1.27
0.00
0.00
0.00
0.00
-0.91
-6.91
0.00
0.00
0.00
0.00
0.31
0.00
0.00
0.00
0.00
0.00
0.00
0.00
0.00
0.00
0.00
0.00
0.00
0.00
0.00
0.00
0.00
0.00
0.00
0.00
0.00
0.00
0.00
1.07
0.14
-0.16
0.40
1.04
0.66
-3.24
-1.47
0.85
-2.61
0.27
0.67
4.63
0.14
0.36
1.43
-1.67
0.58
0.00
0.00
0.00
0.00
0.00
0.00
0.00
0.00
0.00
0.00
0.00
0.00
0.00
0.00
0.00
0.00
0.00
0.00
6.91
0.73
-0.21
0.96
-6.91
-1.39
1.09
1.17
-1.27
0.33
0.00
-0.69
3.34
0.27
0.97
2.30
0.92
-0.75
2.92
0.24
0.98
-3.34
0.46
-0.25
0.49
-6.91
-0.38
0.08
-0.66
0.91
-0.04
-1.07
0.00
1.66
0.00
1.39
-1.52
-0.93
-2.09
-0.19
1.28
-0.62
-1.67
1.45
1.25
0.61
0.21
-6.91
0.08
-5.07
0.23
1.62
-0.30
0.16
-0.80
1.52
-0.45
1.05
-0.76
-6.91
-0.36
0.00
0.40
-3.03
0.59
-6.91
1.42
2.71
0.08
5.45
0.03
0.42
3.58
0.67
3.80
-0.22
-3.97
0.00
1.61
0.00
0.00
0.00
0.00
0.00
0.00
0.00
0.00
0.00
0.00
0.00
0.00
0.00
0.00
0.00
0.00
0.00
0.00
0.00
0.00
-1.56
1.28
0.00
-0.47
-2.27
-4.10
1.25
1.41
-2.23
1.69
-0.43
-6.91
-0.25
-2.02
0.00
-2.15
-1.67
6.91
0.00
0.00
0.00
0.00
0.00
0.00
0.00
0.00
0.00
0.00
0.00
0.00
0.00
0.00
0.00
0.00
0.00
0.00
-0.89
-1.27
2.27
0.00
0.34
0.53
-1.99
-0.97
0.17
-6.91
-0.23
-0.17
-0.56
-0.43
0.00
-2.65
-1.55
-0.39
-1.16
6.91
-0.85
0.11
-6.56
0.00
-1.42
-0.00
-1.79
1.62
1.77
-2.25
0.00
-2.21
1.04
-1.41
-0.40
-1.72
-1.89
-0.66
-1.73
-0.99
-1.09
6.91
0.89
-6.91
-1.11
0.00
0.00
0.94
-1.57
0.81
-3.71
-2.43
-2.04
-0.60
-0.27
-0.55
2.15
-1.23
0.00
0.10
0.00
0.65
-0.81
0.62
-0.42
0.80
-1.01
-2.04
-4.28
-1.20
6.91
0.00
-1.68
-1.29
-1.57
-6.91
0.54
0.50
-0.57
0.00
0.00
0.00
0.00
0.00
0.00
0.00
0.00
0.00
0.00
0.00
0.00
0.00
0.00
0.00
0.00
0.00
0.00
0.00
0.00
-1.79
0.00
0.00
-6.91
-1.42
-1.79
0.48
1.26
-2.64
6.76
-1.34
-2.07
-2.11
-0.03
0.00
-2.35
-0.12
0.00
0.00
0.00
0.00
0.00
0.00
0.00
0.00
0.00
0.00
0.00
0.00
0.00
0.00
0.00
0.00
0.00
0.00
0.00
-0.87
-1.39
0.00
0.00
0.16
1.00
-2.11
-1.54
0.86
-1.75
-1.48
-0.06
-1.09
-2.04
0.00
-0.96
-0.61
-0.66
-0.36
0.00
-1.22
0.33
-6.91
0.00
-6.91
-0.10
-0.87
0.00
2.49
-2.49
0.00
-1.18
-1.21
-2.33
0.16
-1.13
-0.12
-0.83
-0.29
-2.25
-1.02
0.00
1.72
-2.27
-1.49
0.00
0.00
1.51
-2.52
2.09
-6.91
-1.01
-0.88
-0.98
-0.02
-0.23
0.00
-1.43
0.00
2.98
0.00
-0.06
-6.91
0.21
-1.63
0.45
-0.95
-1.72
-0.66
-0.84
0.00
0.00
-3.66
-1.06
-3.23
-2.01
1.61
-0.16
-1.83
0.00
0.00
0.00
0.00
0.00
0.00
0.00
0.00
0.00
0.00
0.00
0.00
0.00
0.00
0.00
0.00
0.00
0.00
0.00
0.00
-0.05
0.55
2.40
-0.51
-2.14
-0.12
-0.61
-0.56
-2.64
0.57
-1.84
-0.92
0.51
-2.91
6.91
-0.20
-1.35
1.00
0.00
0.00
0.00
0.00
0.00
0.00
0.00
0.00
0.00
0.00
0.00
0.00
0.00
0.00
0.00
0.00
0.00
0.00
0.29
-0.60
2.29
3.79
-1.20
0.53
-0.15
-0.93
-0.60
-0.39
1.76
-3.38
0.21
0.12
6.91
-0.88
-0.76
-3.77
0.96
1.04
-0.46
-0.84
-0.48
6.91
-0.25
-0.26
-0.18
1.93
-0.62
-1.13
6.91
-6.91
0.65
0.74
0.91
-0.43
-1.13
-4.69
-0.42
-6.91
0.10
1.27
-0.40
-1.72
0.59
1.43
6.91
0.32
-0.25
-0.60
-1.10
0.47
-2.06
-2.21
-1.20
1.15
1.49
-1.51
6.91
0.13
6.91
1.16
0.19
0.31
0.10
-0.40
1.06
0.33
-0.88
0.38
0.91
3.58
-0.74
-1.10
-0.42
-1.10
-0.70
0.65
1.05
0.00
0.00
0.00
0.00
0.00
0.00
0.00
0.00
0.00
0.00
0.00
0.00
0.00
0.00
0.00
0.00
0.00
0.00
0.00
0.00
0.00
-2.79
-0.93
3.86
1.06
1.19
-2.27
-0.88
2.03
-6.91
0.07
2.65
0.00
0.88
0.19
6.91
-0.45
-0.88
0.00
0.00
0.00
0.00
0.00
0.00
0.00
0.00
0.00
0.00
0.00
0.00
0.00
0.00
0.00
0.00
0.00
0.00
0.00
2.15
-0.49
-0.63
-2.97
-1.65
1.79
0.82
-6.91
3.19
0.00
0.05
0.00
3.16
-0.80
1.77
0.43
0.36
0.00
-1.20
6.91
-6.91
0.52
-0.01
0.84
-1.40
0.58
-0.51
-2.98
1.10
0.01
0.38
0.00
0.00
0.00
4.12
0.46
0.23
0.64
-0.20
0.00
-0.32
-2.11
2.09
2.10
0.01
-0.45
-1.89
1.12
-2.63
0.79
1.66
0.14
-0.42
0.02
0.00
-2.25
0.90
-0.41
-1.25
-1.46
0.00
1.19
-2.63
6.91
-2.08
0.00
2.10
1.65
0.00
-1.21
-1.04
2.02
6.91
6.91
1.52
-2.46
0.00
0.00
0.00
0.00
0.00
0.00
0.00
0.00
0.00
0.00
0.00
0.00
0.00
0.00
0.00
0.00
0.00
0.00
0.00
0.00
0.00
0.00
-2.39
0.00
0.00
-2.42
-1.07
-6.91
6.91
1.08
-0.90
6.91
-1.55
-1.92
-1.61
0.04
0.00
-6.91
-0.58
0.00
0.00
0.00
0.00
0.00
0.00
0.00
0.00
0.00
0.00
0.00
0.00
0.00
0.00
0.00
0.00
0.00
0.00
0.00
-0.83
-1.62
0.00
0.00
2.45
1.70
-0.64
-1.45
6.91
-3.40
-0.52
-1.34
-2.28
-2.12
0.00
-2.78
-6.91
-0.05
-2.43
0.00
-6.91
1.83
-1.44
0.00
-1.94
0.41
-2.44
0.00
1.58
-1.36
0.00
-0.62
0.12
-0.67
-1.08
-6.91
0.04
-0.38
-0.02
-0.57
-0.96
0.00
0.89
-3.76
-3.91
0.00
0.00
0.96
-6.91
1.84
-1.64
-1.37
-0.61
-1.14
-0.29
-1.73
0.00
-1.26
0.00
1.81
0.00
-0.79
-1.55
0.95
-6.91
0.89
-1.82
-2.04
-1.23
-3.99
0.00
0.00
-1.75
-3.24
-2.34
-2.19
1.72
-0.79
-2.38
0.00
0.00
0.00
0.00
0.00
0.00
0.00
0.00
0.00
0.00
0.00
0.00
0.00
0.00
0.00
0.00
0.00
0.00
0.00
0.00
0.00
-2.10
-0.59
0.00
0.00
0.00
-0.67
-0.39
2.68
-1.98
0.92
0.00
0.00
5.91
-6.91
0.00
1.63
-2.17
0.00
0.00
0.00
0.00
0.00
0.00
0.00
0.00
0.00
0.00
0.00
0.00
0.00
0.00
0.00
0.00
0.00
0.00
0.00
0.00
-1.14
-1.93
-0.37
-0.20
2.08
0.00
-2.01
0.00
0.00
2.22
0.00
0.00
-2.00
0.00
0.00
6.91
0.00
-6.91
0.00
-0.04
0.00
-1.68
0.00
-0.05
1.76
-6.91
-1.03
0.00
-6.91
1.92
0.00
0.00
0.00
0.00
2.64
1.19
2.07
1.97
0.00
-2.85
-0.55
0.00
0.00
-1.23
-2.18
-0.30
0.00
-1.09
6.91
0.00
1.74
2.38
0.28
0.00
-2.08
0.00
-1.92
0.07
-6.91
0.00
0.00
0.36
0.00
0.61
0.00
0.00
3.06
0.00
-1.75
-0.61
0.00
0.00
0.00
0.00
-0.68
0.00
0.00
0.00
0.00
0.00
0.00
0.00
0.00
0.00
0.00
0.00
0.00
0.00
0.00
0.00
0.00
0.00
0.00
0.00
0.00
0.00
0.00
0.00
-3.26
-0.37
0.00
0.00
0.00
-0.72
0.89
0.00
-0.14
0.00
0.00
0.00
3.47
-6.91
0.00
1.02
-1.38
0.00
0.00
0.00
0.00
0.00
0.00
0.00
0.00
0.00
0.00
0.00
0.00
0.00
0.00
0.00
0.00
0.00
0.00
0.00
0.00
-1.45
-2.05
1.18
-0.09
0.00
0.00
-0.87
0.00
0.00
2.20
0.00
0.00
-4.01
0.00
0.00
0.00
0.00
-0.69
0.00
-0.05
0.00
-0.97
0.00
0.32
0.00
-1.17
-0.48
0.00
-0.94
6.91
0.00
0.00
0.00
0.00
2.03
0.00
6.91
1.97
0.00
-1.82
1.55
0.00
0.00
-0.91
-1.36
0.49
0.00
-0.29
0.00
0.00
6.91
0.00
1.71
0.00
-1.45
0.00
-0.54
0.26
-3.29
0.00
0.00
-0.15
0.00
0.06
0.00
0.00
0.00
0.00
-1.43
-0.81
0.00
0.00
0.00
0.00
0.22
0.00
0.00
0.00
0.00
0.00
0.00
0.00
0.00
0.00
0.00
0.00
0.00
0.00
0.00
0.00
0.00
0.00
0.00
0.00
0.00
0.00
0.00
0.34
1.50
5.34
-1.11
-0.55
-1.81
0.14
-1.02
-0.51
0.44
-2.51
-0.01
-0.54
-2.24
1.77
-0.49
-2.05
2.54
0.00
0.00
0.00
0.00
0.00
0.00
0.00
0.00
0.00
0.00
0.00
0.00
0.00
0.00
0.00
0.00
0.00
0.00
-0.51
0.36
3.07
1.21
-0.87
-0.97
-3.02
0.00
-0.53
-1.11
0.46
-1.66
0.83
-0.70
6.91
-0.80
-0.65
-5.02
-0.16
0.29
-0.77
0.26
-0.51
2.06
0.12
-0.52
-1.06
0.58
-0.70
-0.84
0.94
-1.47
0.14
0.16
1.85
-1.03
-1.23
-3.16
-1.28
-6.91
0.51
2.07
-1.09
-0.32
-0.70
3.05
6.91
-1.07
-1.19
-0.56
-1.01
0.30
-1.77
-2.82
-2.85
-0.24
0.84
-2.49
1.79
-0.73
1.91
0.70
-1.56
0.05
0.26
0.13
0.43
-0.02
-2.18
0.55
0.31
2.71
0.13
-0.78
0.51
-1.29
0.29
0.63
0.00
0.00
0.00
0.00
0.00
0.00
0.00
0.00
0.00
0.00
0.00
0.00
0.00
0.00
0.00
0.00
0.00
0.00
0.00
0.00
0.00
-6.91
0.00
0.00
-1.22
0.04
-0.67
0.00
0.00
-0.36
0.00
0.55
-1.17
-6.91
0.22
0.00
-0.37
0.60
0.00
0.00
0.00
0.00
0.00
0.00
0.00
0.00
0.00
0.00
0.00
0.00
0.00
0.00
0.00
0.00
0.00
0.00
0.00
-6.91
-0.33
0.00
0.00
0.00
0.00
0.33
-0.86
0.00
-0.78
-2.81
0.87
-2.09
-1.35
0.00
-1.35
-0.18
-0.44
-6.91
0.00
-0.45
0.00
0.17
0.00
-0.23
0.00
0.29
0.00
0.00
0.05
0.00
0.62
-0.83
-1.73
-2.33
-0.28
1.27
-0.04
0.74
1.09
-3.44
0.00
6.91
-0.31
-1.72
0.00
0.00
0.00
-0.67
0.00
-0.05
-0.21
0.45
0.85
0.93
-2.44
0.00
0.30
0.00
0.00
0.00
-1.40
-1.20
0.00
-1.20
1.44
-0.94
-1.24
-0.17
-0.94
0.00
0.00
-0.60
-0.86
-1.91
0.17
0.00
-1.26
-3.51
0.00
0.00
0.00
0.00
0.00
0.00
0.00
0.00
0.00
0.00
0.00
0.00
0.00
0.00
0.00
0.00
0.00
0.00
0.00
0.00
-0.08
1.55
0.00
-0.50
-0.98
-2.25
0.23
-0.75
-2.98
1.11
-6.91
-0.15
-0.08
-2.89
0.00
-1.05
-1.53
6.91
0.00
0.00
0.00
0.00
0.00
0.00
0.00
0.00
0.00
0.00
0.00
0.00
0.00
0.00
0.00
0.00
0.00
0.00
-0.86
-0.53
1.14
2.09
-0.97
0.64
-2.65
-0.50
-0.25
-0.64
1.26
-6.91
-0.70
-0.23
6.91
-1.11
-1.93
-2.73
-0.27
1.89
-0.93
-0.55
-1.23
1.51
-0.97
-0.34
-0.40
1.52
0.22
-0.65
6.91
-6.91
1.42
0.62
0.33
-0.57
-6.91
-1.88
-0.35
-1.12
0.53
1.35
-0.69
-0.71
-0.68
6.91
6.91
0.31
-2.01
-0.11
-0.38
0.28
-0.84
-6.91
-1.05
0.71
6.91
-2.30
1.97
-0.29
2.21
0.13
-0.29
-0.29
0.06
0.23
0.86
-1.25
-0.62
-0.48
2.13
6.91
-0.41
-0.41
-0.27
-1.22
0.49
0.69
0.29
0.00
0.00
0.00
0.00
0.00
0.00
0.00
0.00
0.00
0.00
0.00
0.00
0.00
0.00
0.00
0.00
0.00
0.00
0.00
0.00
1.34
-0.06
6.91
0.63
-0.05
-0.91
-0.72
-1.00
-2.56
-0.04
-1.77
-1.11
0.53
-6.91
0.71
0.17
-1.82
1.57
0.00
0.00
0.00
0.00
0.00
0.00
0.00
0.00
0.00
0.00
0.00
0.00
0.00
0.00
0.00
0.00
0.00
0.00
0.76
0.41
0.73
0.71
-2.14
-0.89
-1.31
-0.92
-0.59
-0.35
2.07
-0.59
0.42
-0.77
2.68
0.24
-1.02
-2.07
0.95
1.84
-0.15
-1.33
-0.40
2.87
-0.17
-0.29
-0.60
1.01
0.46
-0.85
1.01
-1.10
2.65
1.29
3.24
-0.70
-1.77
-1.13
-6.91
-3.61
1.42
0.72
-0.19
-0.25
0.54
2.16
0.67
-1.04
0.19
-0.43
-0.77
-0.09
-2.58
-0.25
-2.23
0.20
-0.10
-0.54
0.98
0.48
3.56
1.61
0.12
-1.48
0.04
-1.00
0.74
-0.61
-1.11
0.15
0.08
0.87
-0.28
-0.37
-0.48
-0.49
-0.69
3.07
1.31
0.00
0.00
0.00
0.00
0.00
0.00
0.00
0.00
0.00
0.00
0.00
0.00
0.00
0.00
0.00
0.00
0.00
0.00
0.00
0.00
-6.91
0.00
0.00
-3.24
-0.30
-0.67
1.44
3.47
-1.06
0.00
-0.91
-3.71
-0.67
-0.33
0.00
-1.69
0.25
0.00
-1.30
-2.65
0.00
6.91
-0.72
0.00
0.88
0.07
-1.33
0.30
0.00
-4.00
0.00
0.00
0.94
-1.30
-0.51
0.26
0.00
0.00
0.00
0.00
0.00
0.00
0.00
0.00
0.00
0.00
0.00
0.00
0.00
0.00
0.00
0.00
0.00
0.00
-6.91
0.00
-3.50
6.91
-1.52
0.00
-0.82
1.13
-1.44
0.00
0.00
-0.73
0.00
0.72
-1.38
-1.03
-6.91
-2.34
0.41
0.57
0.52
0.03
-6.91
0.00
4.04
-1.19
-1.93
0.00
0.00
6.08
-0.95
0.00
-0.70
-2.18
-0.03
0.74
1.54
-1.38
0.00
-1.59
0.00
0.00
0.00
-0.73
-2.43
2.67
-6.91
6.91
-1.32
-1.03
-1.56
-6.91
0.00
0.00
-3.83
-3.35
-1.33
-0.53
0.00
-2.28
-1.54
0.00
-1.36
0.00
-1.36
0.00
-1.97
1.38
3.48
-0.66
0.05
-1.69
-0.99
0.00
-2.16
-1.63
1.39
-3.74
0.40
-1.15
-0.57
-6.91
0.00
0.00
-1.19
-1.85
-3.34
6.91
4.29
-0.78
1.37
-0.60
-1.65
-0.50
-0.63
0.00
-6.91
-0.55
0.00
-1.70
-6.91
0.00
1.41
-1.39
0.00
0.77
-1.38
-2.50
-0.13
6.91
-1.77
0.00
0.00
-0.12
-0.95
0.24
-0.35
0.00
0.00
0.00
0.00
0.00
0.00
0.00
0.00
0.00
0.00
0.00
0.00
0.00
0.00
0.00
0.00
0.00
0.00
-1.91
0.00
-6.91
6.91
-3.46
0.00
-1.27
2.18
-1.87
0.00
2.14
-2.90
0.00
-0.43
-1.15
-0.81
-2.02
-4.33
-0.15
-0.58
0.37
-0.13
-6.91
0.00
1.42
-0.56
-1.76
0.00
0.00
2.29
-6.91
6.91
-2.30
-3.36
0.33
-1.46
-0.53
-0.77
0.00
-4.85
0.00
1.12
0.00
-1.14
-2.69
6.91
-6.91
1.07
-1.43
-2.84
-2.29
-6.91
0.00
0.00
-4.91
-3.52
-4.06
-0.58
6.91
-1.51
-0.76
0.00
-1.26
1.93
-4.56
0.00
-6.91
1.21
1.37
-1.32
0.27
-1.06
-1.75
0.00
-1.40
-2.04
0.16
-2.62
-0.38
-0.59
-0.27
0.00
-6.91
-3.73
0.00
6.91
0.00
-0.67
-0.71
3.00
-0.69
1.07
0.00
0.00
2.30
-1.05
0.00
1.04
-2.64
0.00
0.00
-1.91
-0.71
2.13
-1.27
-0.38
1.76
0.00
0.55
-0.86
0.00
-6.91
-0.56
0.54
0.00
1.88
0.87
0.00
0.00
0.00
0.00
0.00
0.00
0.00
0.00
0.00
0.00
0.00
0.00
0.00
0.00
0.00
0.00
0.00
0.00
0.00
-6.91
0.00
-0.39
0.00
-6.91
0.00
-0.25
1.69
-1.53
-1.99
0.00
-3.92
3.39
0.00
0.00
0.00
0.00
0.26
6.91
-0.05
0.96
0.00
-1.32
-0.60
0.00
0.00
-6.91
-1.95
-0.50
0.00
-2.11
1.91
0.00
0.71
0.99
-0.20
0.00
-6.91
0.00
-2.95
-0.26
-5.60
0.00
0.00
0.03
0.00
-0.38
0.00
0.00
6.91
0.00
-4.66
-0.85
0.00
0.00
0.00
0.00
-1.83
0.00
0.00
-6.91
0.00
-1.29
0.00
-2.07
0.00
-0.71
-0.10
0.00
0.78
0.00
0.00
-1.64
0.00
0.00
0.00
0.00
3.79
1.43
0.80
0.00
-6.91
-6.91
0.00
0.00
0.00
0.34
0.75
0.00
0.03
3.38
0.00
0.00
1.35
-6.91
0.00
2.06
-3.30
0.00
0.00
-2.73
0.18
0.00
-6.91
-0.35
0.00
0.00
2.19
-1.11
0.00
-2.02
-1.86
1.85
0.00
2.62
0.51
0.00
0.00
0.00
0.00
0.00
0.00
0.00
0.00
0.00
0.00
0.00
0.00
0.00
0.00
0.00
0.00
0.00
0.00
0.00
-1.76
0.00
-0.04
0.00
-3.27
0.00
-0.21
0.00
-3.21
-0.33
0.00
-2.13
6.91
0.00
0.00
0.00
0.00
1.69
0.00
1.78
6.91
0.00
-2.43
0.20
0.00
0.00
-6.91
-0.76
-0.38
0.00
-1.16
0.00
0.00
6.91
2.37
1.24
0.00
-2.19
0.00
-2.77
0.14
-0.88
0.00
0.00
0.29
0.00
-0.46
0.00
0.00
0.00
0.00
-1.43
-1.58
0.00
0.00
0.00
0.00
0.37
0.00
0.00
-1.88
0.00
-0.82
0.00
-2.01
0.00
-0.20
0.44
0.00
1.28
0.00
0.00
-1.87
0.00
0.00
0.00
0.00
6.91
0.00
1.87
0.97
-0.95
-0.30
0.86
-0.03
0.55
-1.60
-6.91
0.23
-1.39
0.44
0.45
1.94
0.02
-0.15
2.29
-0.05
0.61
0.86
0.55
-0.10
-1.78
0.01
0.66
-2.91
1.10
1.17
-1.00
-1.01
1.47
-0.45
0.08
-0.10
0.00
-0.84
-1.21
0.00
0.00
0.00
0.00
0.00
0.00
0.00
0.00
0.00
0.00
0.00
0.00
0.00
0.00
0.00
0.00
0.00
0.00
1.05
-0.39
1.37
-6.91
-0.07
-0.18
0.22
-2.87
-0.18
0.42
-6.91
1.42
0.01
-0.80
0.00
2.21
0.00
0.94
-0.77
0.34
-0.44
0.01
1.99
-0.98
-6.91
-0.26
1.94
-0.29
0.89
-6.91
0.57
-1.43
0.55
1.45
-0.12
-1.06
-1.03
1.04
0.25
-0.15
-0.52
-0.78
0.59
0.00
0.07
-6.91
1.67
-6.91
1.42
2.76
-0.11
1.69
-0.05
-0.68
0.93
1.09
3.45
1.29
-6.91
0.00
3.26
-0.06
6.91
-2.50
0.57
-0.22
1.08
-4.76
-2.01
1.30
-0.96
0.05
0.00
0.01
1.55
2.01
6.91
1.25
-0.21
0.47
-0.09
2.88
-1.37
0.25
3.63
-0.03
0.34
-2.39
-3.83
-0.17
-6.91
-0.51
0.58
4.66
0.45
-0.04
2.53
-0.27
0.15
6.91
3.33
-0.81
-1.68
1.82
0.11
-6.91
-0.09
2.89
-0.26
-2.03
4.30
-0.31
0.36
-0.21
0.00
0.69
-0.14
0.00
0.00
0.00
0.00
0.00
0.00
0.00
0.00
0.00
0.00
0.00
0.00
0.00
0.00
0.00
0.00
0.00
0.00
0.00
-1.23
2.65
-6.91
0.79
-0.79
0.44
-1.44
1.59
-0.69
-1.13
2.44
-0.54
-0.08
0.00
2.70
0.00
3.78
-0.40
-0.30
-1.34
-0.59
0.00
-1.42
-3.59
1.15
6.91
-0.29
-0.18
-1.77
1.47
-6.91
0.45
1.33
-0.03
-0.29
-0.96
0.00
-0.69
2.05
-0.47
-6.91
-0.11
0.00
0.87
-1.70
2.40
-1.26
0.00
2.82
1.65
0.00
-1.25
0.45
2.03
4.14
2.04
1.86
-6.91
0.00
0.00
-0.24
0.00
-6.03
0.92
-0.20
6.91
-1.71
-1.66
1.65
0.19
0.66
0.00
-0.69
1.23
0.00
6.91
2.42
-0.30
0.50
0.03
-1.32
2.19
0.00
-0.15
-1.04
-6.91
1.10
-0.15
-6.91
0.40
-2.00
-2.46
-0.54
-1.25
0.00
-1.33
-2.02
6.91
-0.60
-0.25
6.91
1.76
-2.95
0.00
-0.23
-6.91
-0.51
-0.66
0.95
-1.96
6.91
0.00
-1.10
-0.12
-1.20
-1.44
0.00
0.00
0.00
0.00
0.00
0.00
0.00
0.00
0.00
0.00
0.00
0.00
0.00
0.00
0.00
0.00
0.00
0.00
-0.95
6.01
-0.64
0.24
-4.00
0.00
-1.07
-0.12
-6.91
1.26
0.13
-0.67
0.00
-1.02
0.35
-0.25
-0.36
-1.85
-0.43
-1.09
-1.07
-1.10
-0.07
2.85
-0.26
-2.41
0.02
0.00
0.00
0.00
-2.81
2.13
-1.82
-0.85
-2.12
-1.07
-0.20
-0.53
6.91
-6.91
0.00
2.10
0.00
0.03
-6.91
0.59
-1.18
-0.03
-0.54
-1.46
-6.91
-0.90
1.69
0.00
-0.02
-2.02
-1.26
-1.94
0.52
0.38
-1.34
2.54
-0.86
0.61
-1.26
0.00
-0.83
0.11
0.44
-2.47
-0.31
-0.55
-0.14
0.00
-1.08
0.44
-0.07
-0.46
-1.22
-3.98
-0.75
-1.98
0.00
0.00
-1.69
-1.69
-6.91
1.33
0.22
-1.41
6.91
-0.32
-2.60
-0.61
-0.09
0.00
-2.14
-1.23
0.00
-3.11
-0.97
0.00
0.51
-3.26
0.00
1.37
-2.23
-4.09
-0.22
1.19
-1.03
0.00
0.00
-0.61
-0.13
-2.30
-0.04
0.00
0.00
0.00
0.00
0.00
0.00
0.00
0.00
0.00
0.00
0.00
0.00
0.00
0.00
0.00
0.00
0.00
0.00
-1.83
0.00
-6.91
1.44
-6.91
0.00
-6.91
1.77
-0.59
0.00
0.61
-6.91
0.00
-1.28
-0.40
-2.43
-1.18
-0.48
-0.39
-1.56
-0.20
-0.34
-1.37
0.00
0.51
-6.91
-6.91
0.00
0.00
1.56
-2.99
0.63
-1.06
-0.97
-0.34
-0.81
-0.62
-0.66
0.00
-3.45
0.00
0.49
0.00
-0.52
-1.14
0.33
-1.45
1.51
-0.84
-2.95
-0.63
-0.81
0.00
0.00
-1.31
-3.49
-0.77
-1.99
0.54
0.23
-0.04
0.00
-0.23
1.92
-4.36
0.00
-1.03
0.77
0.60
-1.88
-1.70
-2.83
-0.49
0.00
-2.22
-1.24
-0.22
-3.03
-1.10
-2.72
-0.05
0.00
-1.26
-0.67
6.91
1.48
1.35
-1.98
-6.91
0.33
-2.40
0.44
1.16
0.00
0.27
-0.08
6.91
0.72
-1.62
0.00
6.91
-2.56
-5.04
1.61
-1.20
-1.19
1.59
2.94
0.52
-5.31
1.97
-0.89
0.43
-0.44
0.00
-0.04
-0.56
0.00
0.00
0.00
0.00
0.00
0.00
0.00
0.00
0.00
0.00
0.00
0.00
0.00
0.00
0.00
0.00
0.00
0.00
0.00
-0.26
6.91
-1.49
1.89
-0.03
6.25
-0.66
0.14
-1.10
-1.69
1.17
-0.75
-0.32
0.00
0.00
0.00
1.86
0.47
1.04
-1.10
-0.25
0.00
-0.38
-1.54
0.34
6.91
-0.75
-0.25
-1.96
1.96
-2.94
2.82
6.91
0.40
0.46
0.36
0.00
-1.14
0.40
-0.17
-6.91
-0.96
0.00
6.91
-1.14
6.91
-3.18
0.00
6.91
1.96
0.00
-1.21
-0.05
6.91
1.35
3.26
1.08
-1.35
0.00
0.00
-0.72
0.00
-6.91
1.75
-1.41
6.91
-1.37
-1.91
0.30
0.79
1.27
0.00
-0.81
6.91
0.00
0.00
6.91
0.08
0.17
0.17
-1.35
0.00
0.00
-0.79
-3.13
-6.91
2.22
0.82
-6.91
1.05
-1.26
-6.91
-1.21
-0.69
0.00
-3.20
-0.73
0.00
-1.37
-1.45
0.00
3.40
-2.11
0.00
0.31
-1.19
-1.38
-0.59
2.07
-1.47
0.00
0.00
-0.87
-1.53
-0.24
-0.45
0.00
0.00
0.00
0.00
0.00
0.00
0.00
0.00
0.00
0.00
0.00
0.00
0.00
0.00
0.00
0.00
0.00
0.00
-2.55
0.00
-1.72
0.63
-2.68
0.00
-2.71
0.09
-2.13
0.00
1.76
-6.91
0.00
-0.51
-1.51
-0.95
-1.68
-1.54
-1.42
-1.19
0.19
-1.83
-2.82
0.00
0.12
-3.61
-1.76
0.00
0.00
0.92
-6.91
6.91
-1.62
-6.91
-0.71
-1.45
-0.93
-0.66
0.00
-3.48
0.00
3.10
0.00
0.33
-6.91
0.92
-1.64
1.58
-0.74
-1.53
-2.19
-0.88
0.00
0.00
-2.79
-6.91
-0.72
-6.91
1.47
0.31
-2.00
0.00
-2.51
4.24
-2.64
0.00
-2.87
0.97
1.39
-1.13
-0.14
-1.59
-0.41
0.00
-6.91
-1.44
-0.60
-1.73
-0.80
-0.74
-0.57
-1.72
0.00
0.00
-0.93
0.13
-0.46
0.00
0.00
0.04
0.00
0.47
-1.61
-3.24
0.93
0.00
-0.58
0.33
0.00
-1.46
-0.37
0.00
0.00
-0.36
0.00
0.00
0.69
-1.04
0.88
0.00
-0.70
0.00
0.00
0.24
-2.87
-0.03
1.01
0.00
0.00
0.00
0.00
0.00
0.00
0.00
0.00
0.00
0.00
0.00
0.00
0.00
0.00
0.00
0.00
0.00
0.00
-1.16
0.00
-1.06
0.00
0.03
0.00
0.11
0.00
-0.24
0.00
0.00
0.02
0.00
1.30
-6.91
-1.61
-1.59
-0.75
0.42
-0.07
1.58
0.49
-0.97
0.00
0.00
-0.89
-0.53
0.00
0.00
0.00
-0.06
0.00
0.25
-0.43
0.81
0.66
0.67
-1.66
0.00
-0.85
0.00
0.00
0.00
-6.91
-0.55
0.00
-1.74
0.00
-6.91
-0.83
-0.46
-1.76
0.00
0.00
-2.75
-1.15
-0.55
-1.07
0.00
-0.94
-5.47
0.00
-1.73
0.00
0.17
0.00
-3.82
0.00
0.00
-1.01
1.15
-1.80
-6.91
0.00
-1.95
-2.53
-0.09
-1.09
1.49
0.69
0.33
-0.67
1.81
1.33
0.21
-1.68
-0.42
-0.03
0.03
-0.82
1.01
-1.52
-1.29
0.17
-6.91
6.91
-1.25
-6.91
1.08
-0.38
-1.25
0.53
-0.33
-1.18
6.91
-0.61
-1.60
-0.04
-1.70
-0.34
-0.06
0.93
2.55
-1.66
0.91
-1.91
-1.39
0.00
0.00
0.00
0.00
0.00
0.00
0.00
0.00
0.00
0.00
0.00
0.00
0.00
0.00
0.00
0.00
0.00
0.00
-0.44
0.71
0.39
-0.23
-1.48
6.91
-0.34
-0.97
-0.86
1.24
-0.67
-0.03
1.97
-6.91
0.93
1.13
1.67
-1.17
-6.91
-3.02
-2.63
-6.91
0.04
2.84
-1.51
-0.43
0.16
4.15
6.91
0.53
-0.99
0.03
-1.25
0.51
-1.23
-2.02
-0.84
0.36
0.87
-0.68
0.81
-0.55
6.91
0.47
-1.24
0.28
-0.29
-0.82
1.07
0.31
-0.38
0.92
1.65
6.91
0.32
-1.06
-0.31
-1.77
0.61
0.40
-0.06
1.10
-0.19
0.46
-1.75
1.77
0.05
-0.21
-1.07
-1.46
-4.52
-1.32
1.83
2.50
-1.47
-0.04
1.63
0.12
-1.49
-6.91
-1.44
-1.03
0.00
0.00
-1.02
-0.13
-2.28
0.00
6.91
0.24
0.00
0.21
-1.03
-6.91
0.59
0.00
-2.05
-0.21
0.00
-1.35
-1.52
0.00
0.00
-1.74
0.00
6.91
-0.62
-0.54
0.43
0.00
-1.49
0.00
0.00
0.61
-1.90
0.10
0.63
0.00
0.00
0.00
0.00
0.00
0.00
0.00
0.00
0.00
0.00
0.00
0.00
0.00
0.00
0.00
0.00
0.00
0.00
-1.91
0.00
-1.74
6.91
-1.06
0.00
-1.08
1.86
-0.32
0.00
0.00
-3.65
0.00
0.04
-0.18
-6.91
-3.60
-0.69
0.25
-0.04
0.55
0.21
-4.05
0.00
2.70
-0.49
-6.91
0.00
0.00
1.77
-0.44
0.00
-1.59
-0.70
0.38
0.22
1.44
-0.85
0.00
-1.60
0.00
0.00
0.00
-0.60
-1.58
6.91
-1.34
1.12
-1.60
-1.38
-0.92
-0.91
0.00
0.00
-2.14
-2.33
-2.04
-0.91
0.00
-1.19
-1.38
0.00
-3.45
0.00
-1.89
0.00
-0.99
1.18
6.91
-0.40
-0.63
-0.41
-0.57
0.00
-0.52
-0.72
0.17
-2.57
0.08
0.52
-0.20
-0.81
0.00
0.00
-1.40
-1.27
-3.66
1.11
2.29
-1.39
1.83
-1.76
-1.08
-1.14
-0.37
0.00
-2.21
0.31
0.00
-0.93
-6.91
0.00
6.91
-1.69
0.00
0.44
-0.85
-1.89
-1.42
6.91
-1.52
0.00
0.00
-0.71
-2.20
-1.29
-0.81
0.00
0.00
0.00
0.00
0.00
0.00
0.00
0.00
0.00
0.00
0.00
0.00
0.00
0.00
0.00
0.00
0.00
0.00
-2.18
0.00
-6.91
0.73
-0.61
0.00
-2.45
2.28
-0.57
0.00
6.91
-1.86
0.00
-0.87
-1.33
-3.55
-1.46
-1.87
0.44
-1.91
-0.68
-0.72
-6.91
0.00
0.28
-0.70
-6.50
0.00
0.00
0.85
-6.91
2.54
-1.73
-1.83
-1.23
-0.44
0.72
-0.98
0.00
-0.73
0.00
1.76
0.00
-0.70
-1.22
0.70
-6.91
2.03
-1.86
-1.60
-1.10
-4.39
0.00
0.00
-1.47
-2.38
-3.55
-3.83
2.20
-0.43
-0.33
0.00
-1.96
1.73
-1.13
0.00
-2.14
0.58
1.25
-1.07
-1.41
-6.91
0.13
0.00
-1.08
-1.07
1.33
-2.39
-0.25
-1.33
-0.80
0.00
-1.64
-6.91
0.00
0.00
0.00
-0.01
-0.59
0.00
-0.04
6.91
0.00
0.00
2.38
-1.44
0.00
2.08
-0.72
0.00
0.00
-2.23
-0.14
0.00
-4.05
0.73
0.00
0.00
1.63
-0.34
0.00
-1.38
-1.26
1.46
0.00
1.47
0.85
0.00
0.00
0.00
0.00
0.00
0.00
0.00
0.00
0.00
0.00
0.00
0.00
0.00
0.00
0.00
0.00
0.00
0.00
0.00
-3.03
0.00
-0.01
0.00
-3.69
0.00
-0.40
0.00
-1.65
0.12
0.00
-6.91
6.91
0.00
0.00
0.00
0.00
6.91
0.00
0.49
6.91
0.00
-5.28
0.43
0.00
0.00
-4.60
-1.93
0.69
0.00
-0.84
0.00
0.00
1.39
6.91
1.17
0.00
-6.91
0.00
-6.91
0.19
-1.95
0.00
0.00
0.02
0.00
0.81
0.00
0.00
0.00
0.00
-3.94
-3.44
0.00
0.00
0.00
0.00
-0.85
0.00
0.00
-1.58
0.00
-0.40
0.00
-1.35
0.00
0.03
-0.58
0.00
6.91
0.00
0.00
-6.91
0.00
0.00
0.00
0.00
2.75
0.00
3.87
-1.21
0.00
0.00
-1.50
-0.81
-0.52
6.91
2.16
-1.55
2.03
-1.43
-1.35
-1.33
-1.28
0.00
-4.48
-0.58
0.00
-6.91
-1.84
0.00
1.11
-1.60
0.00
0.32
-1.18
-2.24
-0.37
2.20
-1.01
0.00
0.00
-1.23
-1.81
-0.12
-0.60
0.00
0.00
0.00
0.00
0.00
0.00
0.00
0.00
0.00
0.00
0.00
0.00
0.00
0.00
0.00
0.00
0.00
0.00
-2.82
0.00
-0.67
1.97
-1.99
0.00
-4.59
0.48
-0.43
0.00
6.91
-0.98
0.00
-0.74
-0.01
-0.99
-0.27
-3.12
-0.75
-0.57
0.22
-0.60
-1.45
0.00
2.47
-2.16
-2.30
0.00
0.00
1.23
-1.81
1.67
-2.49
-6.91
-1.04
0.16
-0.03
-0.51
0.00
-6.91
0.00
6.91
0.00
-0.81
-2.30
6.91
-2.66
1.05
-1.20
-6.91
-1.12
-1.06
0.00
0.00
-0.63
-6.91
-2.62
-1.66
2.12
-0.72
-0.91
0.00
-1.47
3.57
-0.87
0.00
-3.08
0.64
2.59
-0.68
-0.51
-1.37
-0.11
0.00
-0.86
-0.80
-0.47
-1.25
0.25
-0.37
-0.88
-0.36
0.00
0.00
-2.07
-2.89
-0.50
0.26
0.84
-2.56
6.91
-1.55
-1.65
-0.70
-1.35
0.00
-0.35
0.13
0.00
-1.61
-2.00
0.00
1.06
-1.51
0.00
0.68
-6.91
-2.84
-0.11
1.20
-4.46
0.00
0.00
-0.51
0.25
-1.09
-0.49
0.00
0.00
0.00
0.00
0.00
0.00
0.00
0.00
0.00
0.00
0.00
0.00
0.00
0.00
0.00
0.00
0.00
0.00
0.00
0.00
-0.71
0.51
-1.88
0.00
-0.56
1.17
-6.91
0.00
0.97
-0.93
0.00
-0.08
0.35
-0.37
-0.07
-2.39
-1.50
-0.49
-0.59
-0.30
-1.14
0.00
0.30
-1.39
-0.98
0.00
0.00
1.90
-6.91
2.24
-1.18
-0.92
-1.30
-0.25
-0.72
-0.14
0.00
-1.34
0.00
2.50
0.00
0.44
-2.30
1.51
-0.48
0.36
-1.39
-0.91
-3.32
-0.58
0.00
0.00
-0.28
-5.43
-1.63
-6.91
0.45
0.17
-0.35
0.00
-0.83
0.75
-2.00
0.00
-0.19
0.34
0.98
-1.43
-0.54
-1.84
-0.16
0.00
-0.74
-0.00
-0.78
-1.01
-0.55
-0.92
-0.17
-0.55
3.14
0.00
-0.50
-0.73
-0.79
1.08
0.33
-6.91
0.77
-1.44
-0.61
-0.21
-1.87
0.00
-1.07
-1.38
1.82
0.28
-1.62
2.09
0.15
-0.66
0.00
0.41
-1.02
-0.36
-1.65
0.90
-0.81
1.06
0.00
-1.16
0.94
-1.59
-0.70
0.00
0.00
0.00
0.00
0.00
0.00
0.00
0.00
0.00
0.00
0.00
0.00
0.00
0.00
0.00
0.00
0.00
0.00
0.28
1.81
-0.85
0.51
-0.92
6.91
-0.89
-0.12
-1.14
1.13
1.09
-0.29
2.00
-2.93
0.90
0.41
0.08
-0.06
-1.07
-6.91
-2.08
-1.63
-0.03
2.02
-0.54
-2.10
0.12
2.32
6.91
-0.74
-1.09
0.80
-1.91
-1.08
-5.21
-2.80
-0.46
-0.48
0.68
-2.13
1.65
0.55
2.62
0.70
-1.88
0.29
0.30
-0.82
0.58
-0.64
-1.15
0.58
1.23
2.49
-0.08
-1.85
-1.20
-2.17
0.29
0.52
-0.46
1.39
-0.28
-0.14
-0.35
6.91
-1.39
-0.23
0.84
-1.16
-1.32
-1.34
0.33
6.91
-0.95
-0.60
0.79
-0.99
-2.20
-1.45
-6.91
-1.92
0.00
0.00
-2.09
-1.18
-0.83
0.00
6.91
-0.46
0.00
0.54
-0.70
-1.58
0.06
0.00
-0.71
0.09
0.00
-3.05
-1.46
0.00
0.00
0.09
0.00
1.84
0.00
-0.58
0.05
0.00
-0.74
0.00
0.00
0.84
-3.20
0.30
-0.12
-2.42
-1.59
0.00
0.00
1.16
0.00
-0.20
-1.73
0.00
-1.72
-0.76
-0.57
-3.92
-1.12
0.00
-0.82
-0.09
-0.16
0.00
0.00
0.00
0.00
0.00
0.00
0.00
0.00
0.00
0.00
0.00
0.00
0.00
0.00
0.00
0.00
0.00
0.00
0.00
0.00
0.00
0.00
-1.91
0.00
2.48
-1.33
-4.01
0.00
0.00
6.91
-0.41
0.00
0.14
-1.04
1.01
0.83
0.47
-1.93
0.00
-0.78
0.00
0.00
0.00
-1.51
-0.42
6.91
-2.30
6.91
-2.03
-1.55
-0.88
-6.91
0.00
0.00
-2.14
-1.71
-1.10
-1.12
0.00
-0.40
-2.12
0.00
-6.91
0.00
-0.54
0.00
-6.91
3.05
1.38
-1.03
-0.80
-1.28
-1.43
0.00
-2.44
-6.91
0.85
-0.41
-0.55
-0.43
0.90
0.00
-6.91
-3.18
0.00
6.91
0.00
-1.73
0.19
1.39
-2.68
0.66
0.00
0.00
0.60
-1.21
0.00
0.59
-1.79
0.00
0.00
-6.91
-0.18
2.24
-1.67
-0.18
6.91
0.00
0.44
-0.91
0.00
-6.91
-2.56
1.84
0.00
3.95
1.76
0.00
0.00
-6.91
-3.10
-0.03
-0.24
6.91
0.00
-0.22
0.00
0.00
0.46
0.00
0.00
-0.74
0.00
0.00
6.91
0.00
0.00
0.00
0.00
0.00
0.00
0.00
0.00
0.00
0.00
0.00
0.00
0.00
0.00
0.00
0.00
0.00
0.00
0.00
0.00
0.00
0.00
0.00
-6.91
0.60
0.00
0.00
-1.69
-1.74
-0.34
0.00
-0.16
3.07
0.00
0.32
6.91
0.71
0.00
-1.33
0.00
-1.45
-0.22
-3.40
0.00
0.00
-0.42
0.00
0.32
0.00
0.00
1.42
0.00
-1.87
-2.92
0.00
0.00
0.00
0.00
-0.87
0.00
0.00
-6.91
0.00
-1.69
0.00
-4.20
0.00
0.65
-1.31
0.00
2.15
0.00
0.00
-1.14
0.00
0.00
0.00
0.00
1.10
6.91
3.04
-6.91
0.00
0.00
-2.35
-0.96
-1.46
1.80
1.81
-0.73
6.91
-1.20
-1.69
-3.43
0.15
0.00
-3.28
-0.44
0.00
-1.44
-6.91
0.00
1.96
-1.62
0.00
2.20
-0.33
-1.17
-0.36
2.33
-1.40
0.00
0.00
-0.04
-0.32
-0.82
-0.45
-3.10
-6.91
0.00
0.00
1.04
2.21
-1.23
-6.91
1.33
-1.69
-1.50
-0.09
-1.14
-6.91
0.00
-2.01
-0.28
-1.29
0.00
0.00
0.00
0.00
0.00
0.00
0.00
0.00
0.00
0.00
0.00
0.00
0.00
0.00
0.00
0.00
0.00
0.00
0.00
0.00
0.00
0.00
-1.93
0.00
0.98
-1.56
-1.30
0.00
0.00
2.58
-6.91
6.91
-0.45
-1.21
-0.37
-0.08
0.78
-2.07
0.00
-1.74
0.00
2.57
0.00
-2.06
-6.91
6.91
-6.91
1.37
-2.58
-1.49
-2.58
-0.88
0.00
0.00
-4.59
-3.77
-1.50
-0.99
1.91
-0.58
-2.25
0.00
-6.91
6.91
-2.81
0.00
-6.91
1.27
0.64
-1.29
-0.16
-6.91
-1.56
0.00
-2.77
-1.16
0.48
-0.60
0.13
-0.23
0.12
6.91
-1.06
0.50
3.94
0.52
0.63
-1.73
-1.99
0.92
-6.91
-0.07
1.15
6.91
-0.75
0.11
1.40
-1.11
-0.17
6.91
5.22
-0.15
-1.95
-0.02
-0.18
-6.91
0.21
0.91
0.41
-6.91
1.16
0.26
-0.47
0.27
0.00
-0.34
-0.19
2.41
6.91
-0.14
0.37
-6.91
-6.91
0.63
0.52
-1.66
1.04
0.00
0.56
6.91
1.63
-0.82
0.72
1.36
0.10
0.00
0.00
0.00
0.00
0.00
0.00
0.00
0.00
0.00
0.00
0.00
0.00
0.00
0.00
0.00
0.00
0.00
0.00
0.00
0.00
0.00
0.00
6.91
-0.66
-1.53
0.72
6.91
0.10
-0.08
-2.19
2.58
-6.91
1.48
1.00
0.21
-0.39
-1.55
0.00
0.03
0.34
0.18
-6.91
0.29
0.00
2.28
-2.31
3.13
-2.87
0.00
1.40
-0.05
0.00
-1.62
-0.73
6.91
0.82
3.71
1.41
-2.62
0.00
0.00
0.10
0.00
-6.91
0.68
0.29
6.91
-0.89
-3.56
1.45
-0.43
0.48
0.00
0.28
1.43
0.00
6.91
2.93
0.62
1.06
-1.11
-0.30
0.00
0.00
-2.33
-6.91
-6.91
1.27
0.33
-3.15
2.15
-2.41
-6.91
-1.65
-2.45
0.00
-1.22
-1.01
0.00
-1.33
-1.84
0.00
0.48
-6.91
0.00
0.49
-3.85
-1.32
-0.22
1.40
-1.53
0.00
0.00
-0.90
-0.61
-3.24
-1.01
-0.55
-2.44
0.00
0.00
1.13
1.50
-6.91
-6.91
1.96
-6.91
0.40
-1.05
-1.23
-1.66
0.00
-5.03
-3.83
-0.88
0.00
0.00
0.00
0.00
0.00
0.00
0.00
0.00
0.00
0.00
0.00
0.00
0.00
0.00
0.00
0.00
0.00
0.00
0.00
0.00
0.00
0.00
-1.89
0.00
-0.08
-6.91
-2.31
0.00
0.00
1.13
-6.91
2.56
-1.95
-0.87
-2.06
-1.03
-0.18
-0.58
0.00
-2.30
0.00
2.15
0.00
0.13
-1.42
0.54
-1.40
1.30
-0.36
-3.43
-6.91
-1.71
0.00
0.00
-1.08
-3.80
-0.97
-6.91
0.71
-0.58
-1.60
0.00
-1.43
0.46
-1.17
0.00
-1.26
-0.34
0.53
-1.28
-2.80
-1.06
0.11
0.00
-0.76
-1.09
0.78
-0.85
-2.83
-1.25
-0.45
0.00
-1.82
-6.91
0.00
0.00
0.00
-0.07
0.61
0.00
-1.38
2.63
0.00
0.00
1.09
-0.50
0.00
0.81
-1.73
0.00
0.00
-1.21
-0.77
0.00
-2.04
0.01
0.00
0.00
4.69
-0.09
0.00
-4.03
-0.75
2.01
0.00
3.06
0.93
0.00
0.00
-0.99
-6.91
0.25
-0.90
0.00
0.00
-0.14
0.00
0.00
1.01
0.00
0.00
-2.29
0.00
0.00
6.91
0.00
0.00
0.00
0.00
0.00
0.00
0.00
0.00
0.00
0.00
0.00
0.00
0.00
0.00
0.00
0.00
0.00
0.00
0.00
0.00
0.00
0.00
0.00
-2.81
0.37
0.00
0.00
-6.91
-1.96
-0.58
0.00
-1.21
0.00
0.00
0.96
1.18
0.57
0.00
-1.05
0.00
-6.91
0.36
-3.84
0.00
0.00
-0.80
0.00
0.76
0.00
0.00
0.00
0.00
-3.28
-6.91
0.00
0.00
0.00
0.00
-0.24
0.00
0.00
-6.91
0.00
-0.61
0.00
-6.91
0.00
0.73
0.40
0.00
1.93
0.00
0.00
-1.42
0.00
0.00
0.00
0.00
2.06
0.00
6.91
-1.60
0.00
0.00
-6.91
-1.94
-1.46
1.10
0.26
-0.79
0.94
-0.30
-4.12
-1.19
-0.80
0.00
-1.45
0.08
0.00
-1.26
-6.91
0.00
2.05
-6.91
0.00
0.08
-0.83
-2.32
-1.94
2.16
-3.16
0.00
0.00
0.07
-0.35
-1.67
-0.71
-2.84
-2.59
0.00
0.00
-0.04
0.34
-1.09
-2.61
2.18
-2.08
0.25
-1.21
-1.81
-1.15
0.00
-0.59
-3.20
-2.13
0.00
0.00
0.00
0.00
0.00
0.00
0.00
0.00
0.00
0.00
0.00
0.00
0.00
0.00
0.00
0.00
0.00
0.00
0.00
0.00
0.00
0.00
-0.74
0.00
-0.10
-2.83
-3.08
0.00
0.00
0.88
-6.91
2.04
-1.76
-1.11
-0.31
-0.76
0.38
-0.74
0.00
-0.99
0.00
2.40
0.00
-0.77
-1.29
1.04
-0.84
1.05
-2.27
-0.40
-2.03
-0.29
0.00
0.00
-0.94
-6.91
-1.71
-3.00
1.75
-0.67
-1.26
0.00
-0.64
0.49
-6.91
0.00
-3.17
0.59
0.41
-1.88
-0.49
-6.91
-0.56
0.00
-2.71
-0.85
-0.06
-2.02
-1.25
-1.18
-0.86
2.47
-0.58
0.01
0.50
1.32
0.67
-2.03
-2.66
-0.25
-0.46
-1.27
1.06
4.05
0.02
0.06
0.54
-1.85
-0.83
0.75
0.87
-0.47
-1.92
0.16
0.36
-1.59
-0.11
0.64
-0.21
-1.91
1.08
0.23
0.87
-0.01
0.00
0.10
-0.25
3.13
0.79
0.33
0.45
-2.76
-6.91
-0.17
1.42
-0.78
0.40
0.00
-0.30
0.91
1.87
0.16
0.53
1.23
-0.81
0.00
0.00
0.00
0.00
0.00
0.00
0.00
0.00
0.00
0.00
0.00
0.00
0.00
0.00
0.00
0.00
0.00
0.00
0.00
0.00
0.00
0.00
2.71
0.16
-2.37
0.21
1.65
-0.05
1.08
-1.73
0.98
-1.52
0.93
0.93
-0.25
-0.64
-1.18
6.91
-0.91
1.29
-0.61
-1.23
0.19
0.00
1.70
-6.91
6.91
-6.91
1.95
1.65
0.33
2.46
0.15
-0.24
0.52
1.41
3.04
1.61
-1.04
0.00
3.05
-0.54
6.91
-4.37
1.27
0.86
1.09
-6.06
-1.66
-0.20
-0.25
0.96
0.00
0.21
2.30
1.86
2.79
0.52
-0.34
0.07
-1.32
-0.53
1.58
0.00
-1.34
-5.00
-2.41
0.19
0.36
-6.91
0.79
-1.73
-3.52
-0.37
-1.64
0.00
-1.27
-2.59
6.91
-0.62
-1.09
4.51
0.28
-2.59
0.00
0.38
-2.29
-3.44
-1.55
2.44
-2.42
6.91
0.00
-3.14
-0.57
-2.40
-1.29
-0.66
-1.41
2.12
0.00
0.10
1.41
-6.91
-1.07
1.04
-1.11
-0.33
-2.22
-1.12
-1.63
0.00
-7.71
-2.22
-3.10
0.00
0.00
0.00
0.00
0.00
0.00
0.00
0.00
0.00
0.00
0.00
0.00
0.00
0.00
0.00
0.00
0.00
0.00
0.00
0.00
0.00
0.00
-0.77
3.15
0.14
-6.91
0.03
0.00
0.00
0.51
-0.63
0.88
-1.30
-1.01
-0.35
-0.29
-1.25
0.03
6.91
-1.35
0.00
0.53
0.00
-0.04
-0.84
1.26
-0.72
-0.06
-0.40
-1.00
-2.45
-0.14
1.81
0.00
-0.59
-0.63
-0.71
-2.25
1.41
-0.33
-1.22
2.16
0.06
0.49
-1.48
0.00
-1.66
-0.08
0.84
-2.61
-0.75
-2.67
0.77
0.00
-0.95
-0.25
-0.20
-1.24
-0.68
-0.89
-1.52
0.00
-3.44
-2.85
0.00
0.00
0.00
-1.14
0.04
2.11
-0.96
6.91
0.00
0.00
2.95
-1.75
0.00
0.79
-6.91
0.00
0.00
-6.91
0.07
0.00
-2.42
-0.36
1.49
0.00
0.84
-1.81
0.00
-6.91
-6.91
2.02
0.00
1.45
0.54
0.00
0.00
-6.91
-2.02
-0.12
-1.29
1.93
0.00
-0.16
0.00
0.00
3.16
0.00
0.00
-2.14
0.00
0.00
6.91
0.00
0.00
0.00
0.00
0.00
0.00
0.00
0.00
0.00
0.00
0.00
0.00
0.00
0.00
0.00
0.00
0.00
0.00
0.00
0.00
0.00
0.00
0.00
-1.58
-0.50
0.00
0.00
-1.92
-2.06
-0.08
0.00
-1.30
1.38
0.00
0.55
6.91
0.07
0.00
-1.62
0.00
-1.10
-0.86
-1.46
0.00
0.00
-0.10
0.00
-0.27
0.00
0.00
6.91
0.00
-3.12
-0.70
0.00
0.00
0.00
0.00
-0.36
0.00
0.00
-1.00
0.00
-0.96
0.00
-0.96
0.00
0.18
-0.71
0.00
0.82
0.00
0.00
-4.07
0.00
0.00
0.00
0.00
6.91
6.91
0.59
0.00
-1.63
-1.18
1.37
1.14
4.09
-6.91
-1.37
1.21
-1.60
0.53
1.84
0.00
-0.63
-0.86
6.91
-0.46
-0.83
0.00
1.94
-1.51
-6.91
1.58
-0.62
-1.91
0.40
1.21
0.80
-6.91
3.34
-1.39
0.19
0.51
0.00
0.98
-0.34
0.00
6.91
-0.33
-0.75
-1.28
-6.91
0.39
6.91
-6.91
3.48
0.00
0.09
0.00
3.22
-0.36
2.90
1.54
1.12
0.00
0.00
0.00
0.00
0.00
0.00
0.00
0.00
0.00
0.00
0.00
0.00
0.00
0.00
0.00
0.00
0.00
0.00
0.00
0.00
0.00
0.00
0.00
-1.25
-6.91
2.24
3.27
-1.38
-0.88
-0.96
1.33
-1.49
0.72
1.41
0.45
1.26
-0.11
0.00
-1.27
0.80
-0.20
-4.30
-1.10
0.00
1.07
-2.15
2.49
-1.37
0.00
6.91
1.10
0.00
-0.46
-0.87
1.81
1.82
6.91
1.90
-6.91
0.00
0.00
-2.17
0.00
-1.36
5.28
0.04
2.06
-1.32
-2.43
1.31
0.49
1.73
0.00
-0.73
1.02
0.00
0.00
4.79
-0.36
0.56
-0.40
-1.41
0.00
0.00
-6.91
-0.86
-6.91
0.60
0.14
-3.94
1.91
-1.56
-6.91
-0.89
-0.81
0.00
-1.58
0.27
0.00
-0.47
-6.91
0.00
4.04
-6.91
0.00
0.53
-6.91
-1.89
-1.13
3.01
-6.91
0.00
0.00
-0.37
-1.06
-1.97
-0.28
-1.51
-3.96
0.00
0.00
0.64
2.11
-1.47
-3.38
1.12
-6.91
-0.94
-1.47
-1.02
-2.70
0.00
-1.25
-1.28
-1.63
0.00
0.00
0.00
0.00
0.00
0.00
0.00
0.00
0.00
0.00
0.00
0.00
0.00
0.00
0.00
0.00
0.00
0.00
0.00
0.00
0.00
0.00
-0.87
0.00
1.82
-6.91
-1.95
0.00
0.00
2.04
-6.91
5.09
-1.40
-1.54
-1.25
-0.33
-0.30
-1.25
0.00
-1.01
0.00
3.64
0.00
-0.26
-1.45
0.31
-1.22
-0.06
-0.62
-1.09
-2.37
-3.05
0.00
0.00
-1.94
-6.91
-1.67
-4.76
1.45
-0.25
-0.45
0.00
-0.26
1.44
-2.03
0.00
-3.15
0.51
1.30
-6.91
-0.44
-4.42
0.06
0.00
-3.27
-0.61
0.32
-0.69
-1.55
-2.59
0.03
0.00
-1.75
-6.91
0.00
0.00
0.00
-0.72
-0.40
0.00
0.21
1.92
0.00
0.00
2.63
-6.91
0.00
0.97
-1.00
0.00
0.00
-6.91
0.51
0.00
-6.91
-0.44
0.00
0.00
1.23
-0.90
0.00
-0.99
-1.20
3.16
0.00
2.02
4.49
0.00
0.00
-6.91
-6.91
0.92
-0.74
0.00
0.00
0.07
0.00
0.00
6.91
0.00
0.00
-6.91
0.00
0.00
6.91
0.00
0.00
0.00
0.00
0.00
0.00
0.00
0.00
0.00
0.00
0.00
0.00
0.00
0.00
0.00
0.00
0.00
0.00
0.00
0.00
0.00
0.00
0.00
-2.34
0.01
0.00
0.00
-2.22
-1.67
0.55
0.00
-1.07
0.00
0.00
3.89
1.67
1.49
0.00
-0.65
0.00
-2.30
-1.09
-6.91
0.00
0.00
0.64
0.00
-0.15
0.00
0.00
0.00
0.00
-0.79
-2.33
0.00
0.00
0.00
0.00
0.15
0.00
0.00
-6.91
0.00
-0.41
0.00
-1.16
0.00
1.31
0.26
0.00
1.35
0.00
0.00
-1.27
0.00
0.00
0.00
0.00
1.61
0.00
2.54
0.01
3.31
3.20
-0.44
-1.14
-1.30
0.12
0.11
-1.45
-0.32
-1.25
-0.67
-0.35
-4.04
2.24
-0.69
-1.84
7.53
0.25
-0.11
1.18
-0.87
-0.25
6.91
-0.15
-1.58
-1.03
-6.79
0.99
-0.28
1.27
6.91
-6.91
0.89
-6.91
-2.12
0.22
-0.10
0.63
6.91
-1.24
0.35
-0.51
-1.93
0.84
-1.68
1.66
-1.35
1.12
-0.23
6.91
0.39
-1.11
-1.60
0.00
0.00
0.00
0.00
0.00
0.00
0.00
0.00
0.00
0.00
0.00
0.00
0.00
0.00
0.00
0.00
0.00
0.00
0.00
0.00
0.00
0.00
0.93
1.96
-0.09
-1.73
0.07
0.96
1.33
0.27
-0.90
0.11
-0.31
0.28
-5.14
-2.16
-3.23
0.34
1.02
-1.90
1.05
0.20
2.04
1.46
-0.29
-0.51
-0.04
-0.79
0.16
0.45
-1.88
-0.05
2.15
1.26
-0.52
-1.10
0.37
-1.33
-0.32
1.07
0.93
0.61
0.43
0.87
-0.84
1.38
-0.62
-0.86
-0.89
-1.16
-2.36
-0.76
0.15
0.94
-0.02
-0.15
0.97
0.16
-4.62
-6.91
-2.37
-2.14
0.00
0.00
-0.20
0.28
-0.17
0.00
0.00
0.78
0.00
-0.13
-0.06
-0.10
0.99
0.00
-0.50
0.22
0.00
-2.39
-1.53
0.00
0.00
0.12
0.00
0.00
0.43
-0.25
0.92
0.00
-0.69
0.00
0.00
1.04
-1.59
-0.34
2.84
-2.46
-1.37
0.00
0.00
0.00
0.00
-0.37
-1.13
0.00
-0.11
-0.87
0.45
-0.64
-0.96
0.00
-0.20
-0.35
1.09
0.00
0.00
0.00
0.00
0.00
0.00
0.00
0.00
0.00
0.00
0.00
0.00
0.00
0.00
0.00
0.00
0.00
0.00
0.00
0.00
0.00
0.00
-2.82
0.00
0.00
0.46
-1.95
0.00
0.00
0.00
0.13
0.00
0.18
-0.01
0.09
0.24
6.91
-2.02
0.00
-0.94
0.00
0.00
0.00
-6.91
0.18
0.00
-3.37
0.00
-0.40
0.17
0.42
-6.91
0.00
0.00
-0.72
-0.58
-1.50
-0.83
0.00
-0.34
-0.70
0.00
-3.11
0.00
-0.97
0.00
-2.03
0.00
0.00
-0.04
1.20
-0.49
-3.03
0.00
-0.33
-2.04
1.09
-0.44
-0.01
-0.14
1.06
-0.86
0.00
0.00
-1.27
-0.22
-1.03
0.00
1.23
0.06
0.00
-0.08
-0.98
-3.68
0.97
0.00
-1.14
0.99
0.00
-1.44
-0.79
0.00
0.00
-1.02
0.00
2.79
-0.52
-2.02
0.73
0.00
-6.91
0.00
0.00
-0.40
-6.91
0.68
0.95
-0.80
-0.75
0.00
0.00
3.56
1.95
-0.26
-1.97
0.00
-0.81
-1.63
0.52
-2.29
-4.49
0.00
-0.74
-1.14
-0.02
0.00
0.00
0.00
0.00
0.00
0.00
0.00
0.00
0.00
0.00
0.00
0.00
0.00
0.00
0.00
0.00
0.00
0.00
0.00
0.00
0.00
0.00
-1.90
0.00
1.64
-0.06
-2.15
0.00
0.00
6.91
-3.23
0.00
-1.07
-2.25
0.72
0.03
0.43
-0.74
0.00
-2.31
0.00
0.00
0.00
-1.98
-0.60
1.50
-3.49
1.25
-6.91
-1.99
-0.73
-1.57
0.00
0.00
-0.80
-1.56
-1.74
-1.09
0.00
-0.48
-6.91
0.00
-1.71
0.00
-2.03
0.00
-3.60
2.24
3.34
-0.95
0.35
-1.17
-1.73
0.00
-3.56
-2.49
-0.45
-1.72
-0.42
0.52
0.02
-0.61
0.00
0.00
-1.21
0.36
-0.70
0.00
0.00
0.46
0.00
0.53
-0.07
-2.42
1.42
0.00
-0.59
0.83
0.00
-1.40
-2.06
0.00
0.00
0.12
0.00
0.00
0.32
-0.08
0.41
0.00
-1.54
0.00
0.00
0.96
-1.56
0.90
0.64
-1.68
-2.31
0.00
0.00
0.00
0.00
-0.53
-0.08
0.00
-1.03
-2.23
1.93
-0.70
-1.04
0.00
-0.01
-0.74
-0.11
0.00
0.00
0.00
0.00
0.00
0.00
0.00
0.00
0.00
0.00
0.00
0.00
0.00
0.00
0.00
0.00
0.00
0.00
0.00
0.00
0.00
0.00
-3.14
0.00
0.00
-0.89
-2.56
0.00
0.00
0.00
-0.18
0.00
0.32
-0.55
0.50
0.67
1.64
-1.21
0.00
-0.67
0.00
0.00
0.00
-1.25
-1.03
0.00
-0.37
0.00
-2.98
-1.44
-0.11
-1.17
0.00
0.00
-0.50
-1.87
-1.98
-1.01
0.00
-1.91
-3.29
0.00
-6.91
0.00
-0.16
0.00
-0.78
0.00
0.00
-1.08
1.61
-1.16
-4.12
0.00
-2.01
-0.94
0.68
-0.59
-0.12
0.17
0.93
-0.51
0.00
0.00
-2.58
-3.39
-1.98
1.05
0.72
-2.61
6.91
0.18
-6.91
-6.91
-0.82
0.00
-0.93
-0.03
0.00
-2.12
-2.16
0.00
6.91
-2.44
0.00
1.64
-0.66
-0.82
-0.72
1.75
-6.91
0.00
0.00
-0.67
-2.01
0.23
-0.88
-1.24
-1.20
0.00
0.00
3.36
1.21
-0.94
-0.90
6.91
-1.67
-0.82
-0.39
-1.39
-1.70
0.00
-1.77
-0.74
-0.73
0.00
0.00
0.00
0.00
0.00
0.00
0.00
0.00
0.00
0.00
0.00
0.00
0.00
0.00
0.00
0.00
0.00
0.00
0.00
0.00
0.00
0.00
-0.40
0.00
0.50
-0.57
-2.36
0.00
0.00
0.83
-0.75
0.99
-1.89
-6.91
-0.07
-0.51
-0.21
-0.52
0.00
-2.40
0.00
6.91
0.00
-0.13
-1.05
1.86
-1.36
1.89
-1.20
-1.54
-1.88
-0.99
0.00
0.00
-1.65
-6.91
-6.91
-0.77
6.91
-1.54
-2.37
0.00
-0.82
3.79
-0.64
0.00
-6.91
0.25
2.10
-1.42
-1.21
-5.17
-0.29
0.00
-5.48
-1.80
-0.10
-4.23
-0.83
-0.70
0.36
0.36
0.30
6.91
-0.17
-0.83
-0.05
-1.07
0.22
-3.28
0.27
-1.04
0.22
-0.32
-1.92
6.91
0.16
-6.91
0.49
0.10
0.44
1.95
-0.63
-2.08
1.14
0.08
-1.33
-0.58
-6.91
0.85
-0.16
3.08
6.91
-2.65
0.91
-1.05
-2.76
-0.57
-0.52
0.20
0.97
-0.62
0.19
-1.55
-1.27
0.07
-1.10
0.38
-6.91
-0.22
0.06
0.83
-0.89
-1.21
-6.91
0.00
0.00
0.00
0.00
0.00
0.00
0.00
0.00
0.00
0.00
0.00
0.00
0.00
0.00
0.00
0.00
0.00
0.00
0.00
0.00
0.00
0.00
0.17
0.97
-0.85
-1.73
-0.75
1.29
0.94
0.14
-0.10
0.12
-1.59
0.47
-6.91
-3.80
-6.91
-0.42
1.78
-1.04
2.82
0.27
1.53
0.90
-1.36
-0.54
0.50
-0.68
1.08
-0.09
-1.71
1.24
0.80
1.72
-0.39
-0.62
-0.78
-1.01
-0.28
4.01
0.90
0.37
0.47
0.31
-1.67
6.91
-0.07
-0.37
-0.50
-1.32
-1.94
-1.42
1.50
0.84
0.02
0.73
1.25
-0.10
-2.62
-1.54
-6.91
-0.70
1.20
0.00
-0.96
-0.52
-1.23
-0.06
-0.98
-2.51
1.27
-6.91
-0.37
0.26
-2.81
0.00
-0.67
-1.07
1.12
0.28
-0.59
1.60
0.54
-1.79
0.00
0.61
-2.52
-2.41
-2.23
0.01
-1.62
6.91
0.00
-2.37
0.27
-1.64
-1.43
-0.00
-1.30
2.25
0.00
0.37
0.01
-1.33
-1.53
-0.28
-2.03
-0.19
-6.91
-0.31
-0.59
0.00
0.15
-0.83
-6.91
0.00
0.00
0.00
0.00
0.00
0.00
0.00
0.00
0.00
0.00
0.00
0.00
0.00
0.00
0.00
0.00
0.00
0.00
0.00
0.00
0.00
0.00
-0.46
1.24
-0.17
-0.79
-0.78
1.27
0.00
0.13
-1.85
1.25
-0.38
0.18
-3.37
-3.17
-2.00
-0.91
3.98
-2.21
2.56
-0.30
0.00
0.78
-0.84
-0.51
-0.79
-0.11
-0.00
-0.93
-2.23
0.38
6.91
1.48
0.03
-0.43
-0.62
-0.57
1.04
0.38
-0.49
0.83
-0.49
0.33
-0.39
6.91
-0.04
-0.79
0.74
-1.08
-6.91
-0.38
0.15
6.91
-0.67
-0.66
1.28
0.10
-2.61
-6.91
-1.48
-0.05
1.86
1.23
0.69
-1.45
-0.19
-1.38
-0.11
-0.55
0.44
-0.89
-0.79
0.40
-0.78
2.07
0.30
-6.91
1.23
0.04
0.45
0.03
0.14
-1.16
0.95
-0.47
-0.92
-0.92
-3.47
-0.62
0.08
0.67
0.78
-6.91
0.66
-0.34
-1.98
0.58
-0.00
1.81
1.28
-0.51
-0.11
-0.42
0.50
-0.81
-0.44
0.72
-1.62
0.81
-0.55
0.98
-0.22
-0.85
-2.04
0.00
0.00
0.00
0.00
0.00
0.00
0.00
0.00
0.00
0.00
0.00
0.00
0.00
0.00
0.00
0.00
0.00
0.00
0.00
0.00
0.00
0.00
-0.04
0.90
-0.24
-0.53
0.92
1.81
0.55
-1.23
-0.56
-0.93
-0.16
0.74
-3.96
-0.44
-1.81
1.60
0.00
-0.31
2.56
0.49
0.65
0.98
-0.89
0.14
0.93
-0.92
1.17
0.64
-0.27
0.68
0.12
0.81
0.25
-0.60
0.42
-0.68
0.12
1.18
1.05
0.36
0.84
-1.15
-1.50
0.90
-0.47
-0.76
-1.46
-1.88
-1.90
-0.30
3.79
1.48
-0.63
1.59
-0.22
-0.07
-6.91
-2.13
-1.06
0.26
1.95
1.65
-0.07
-2.24
-0.27
-0.65
-0.56
-4.82
-0.29
-2.45
-0.16
-0.44
-6.91
6.91
-0.21
-1.85
2.46
0.10
-0.14
1.12
0.17
-1.02
6.91
-0.00
-0.62
-0.82
-6.91
0.31
0.02
0.97
4.65
-6.91
1.11
-1.96
-2.79
-0.32
-0.81
0.67
2.34
-0.25
-0.13
-0.76
-1.24
0.03
-0.67
1.57
-6.91
0.55
0.21
6.91
-0.61
-0.49
-1.40
0.00
0.00
0.00
0.00
0.00
0.00
0.00
0.00
0.00
0.00
0.00
0.00
0.00
0.00
0.00
0.00
0.00
0.00
0.00
0.00
0.00
0.00
0.11
1.33
-0.48
-0.27
0.31
1.10
2.84
-0.48
-1.15
0.19
-0.60
-0.53
-6.91
-2.09
-0.55
0.73
1.48
-1.89
1.00
0.97
1.79
1.59
-0.75
-0.56
-0.67
-1.07
0.47
0.09
-1.17
-0.41
2.88
6.91
-0.03
-0.64
0.27
-0.27
-0.09
1.39
0.80
1.68
-0.62
-0.03
-2.55
1.90
0.41
-0.68
0.52
-1.03
-2.35
-0.11
0.52
1.53
-0.85
1.16
1.78
0.49
-1.48
-1.19
-6.91
-6.91
0.00
0.00
-0.69
-1.06
-0.41
0.00
4.11
0.33
0.00
-0.49
-0.41
-1.76
0.62
0.00
-2.36
0.37
0.00
-2.12
-6.46
0.00
0.00
-0.16
0.00
1.76
-0.67
-1.98
0.08
0.00
-4.63
0.00
0.00
-0.46
-6.91
-0.36
0.23
-6.91
-0.89
0.00
0.00
1.11
0.00
-0.80
-0.33
0.00
-1.19
-0.75
0.58
-0.88
-3.69
0.00
-0.93
-0.55
-0.11
-3.73
0.00
-2.97
1.96
-0.15
0.00
-0.71
2.20
0.26
0.00
0.00
-2.64
0.00
0.36
-0.56
-6.91
-3.05
-0.91
-0.02
-0.60
-0.17
-0.70
0.00
0.00
0.00
0.00
0.00
0.00
0.00
0.00
0.00
0.00
0.00
0.00
0.00
0.00
0.00
-1.40
0.00
-1.30
0.00
0.00
0.00
-0.91
-0.56
1.58
-6.91
2.27
-2.88
-0.64
-0.14
-6.91
0.00
0.00
-3.22
-0.74
-0.80
-2.04
0.00
-1.12
-0.91
0.00
-6.91
0.00
-1.68
0.00
-6.91
1.52
6.76
-1.53
-0.10
-0.32
-1.99
0.00
-2.80
-6.91
0.25
-0.60
0.56
-0.98
-0.30
0.00
-6.91
-1.52
0.00
1.50
0.00
-1.98
0.01
1.26
-0.54
1.41
0.00
0.00
0.95
-1.44
0.00
0.80
-2.14
0.00
0.00
-1.78
-1.81
1.45
-2.46
-0.22
6.91
0.00
1.29
-3.03
0.00
-5.26
-0.56
2.26
0.00
1.22
0.19
0.00
0.00
-1.32
-0.89
-0.57
0.01
2.78
0.00
-1.94
0.00
0.00
1.24
0.00
0.00
-1.27
0.00
0.00
2.07
0.00
-6.91
0.00
-0.48
0.00
-2.30
0.00
-1.06
1.46
-5.03
-1.23
0.00
-6.91
0.54
0.00
0.00
0.00
0.00
1.71
1.16
1.18
1.33
0.00
0.00
0.00
0.00
0.00
0.00
0.00
0.00
0.00
0.00
0.00
0.00
0.00
0.00
0.00
0.00
-2.30
0.00
-6.91
-0.82
-6.91
0.00
0.00
-0.39
0.00
-0.27
0.00
0.00
3.35
0.00
-2.63
-2.20
0.00
0.00
0.00
0.00
-1.16
0.00
0.00
-4.56
0.00
-1.73
0.00
-1.76
0.00
-0.77
-1.11
0.00
0.94
0.00
0.00
-1.49
0.00
0.00
0.00
0.00
1.76
1.77
1.30
1.11
-0.97
0.88
2.01
0.26
0.97
-2.26
-3.38
0.75
-0.47
-0.09
0.97
1.93
-0.07
-0.27
0.67
-0.95
-0.16
2.52
0.35
0.14
-6.91
0.97
0.68
-2.14
-0.50
0.23
-0.75
-2.14
1.52
0.53
1.48
-0.32
6.91
-0.31
-1.07
1.65
0.47
-0.48
0.94
-1.27
-2.44
0.57
0.56
-1.42
1.63
0.00
-0.09
3.46
0.89
1.21
0.84
0.30
0.41
2.24
0.03
0.81
-2.55
0.43
0.30
1.57
-6.91
0.24
-0.11
-0.85
0.94
1.18
-0.87
0.00
6.91
0.00
0.58
-1.36
-1.15
-0.34
-0.70
0.00
0.00
0.00
0.00
0.00
0.00
0.00
0.00
0.00
0.00
0.00
0.00
0.00
0.00
0.00
3.09
0.56
0.58
0.62
-1.59
0.76
0.00
2.07
-4.62
1.85
-6.91
1.06
0.53
0.77
3.35
-0.40
0.00
0.37
0.75
1.41
-0.04
-1.30
0.00
1.80
-0.18
1.15
-6.91
0.64
0.84
0.88
-2.77
-6.91
0.26
-1.05
0.10
0.00
0.41
0.73
1.41
1.06
2.82
-0.40
-0.43
0.09
-1.27
0.00
0.00
-1.70
-6.91
-1.69
0.20
1.66
-6.91
1.61
-2.65
-6.91
-1.50
-2.13
0.00
-6.91
-0.45
0.00
-0.46
-2.08
0.00
0.39
-2.21
0.00
1.41
-2.17
-1.67
-1.65
3.92
-1.40
0.00
0.00
-1.00
-0.71
-3.20
-0.08
-1.26
-1.71
0.00
0.00
-0.27
1.08
-6.91
-6.91
0.47
-1.88
-1.16
-1.72
-1.71
-0.76
0.00
-3.77
-0.95
-3.04
-1.20
0.00
-0.75
0.68
-3.85
0.00
-1.00
0.88
-2.34
0.00
2.03
-2.40
0.00
-1.86
0.27
-1.97
0.01
-1.48
-0.46
-0.77
-1.65
-1.09
0.00
0.00
0.00
0.00
0.00
0.00
0.00
0.00
0.00
0.00
0.00
0.00
0.00
0.00
0.00
0.03
0.00
-6.91
0.00
1.55
0.00
-0.50
-2.18
1.59
-3.57
0.39
-1.90
-1.46
-6.13
-0.54
0.00
0.00
-1.72
-0.93
-2.22
-1.04
0.81
0.60
-1.62
0.00
-0.13
0.70
-2.22
0.00
-3.65
0.04
0.62
-2.26
-3.26
-6.91
0.67
0.00
-1.05
-0.27
1.11
-2.05
-2.36
-2.65
-0.33
-6.91
0.00
0.00
-2.20
-1.04
-3.55
1.96
5.16
-0.18
0.00
0.03
-2.24
-1.90
-0.36
0.00
-6.40
0.49
0.00
-1.34
-3.29
0.00
2.14
-0.51
0.00
2.00
-1.02
-0.83
-0.25
3.98
-0.98
0.00
0.00
-0.15
-0.64
-0.41
-0.10
-3.65
-3.51
0.00
0.00
0.63
6.91
-0.20
-1.00
1.75
-2.82
-0.54
-0.10
-0.63
-3.01
0.00
-1.29
-0.05
0.28
-1.34
0.00
-6.91
1.40
-0.36
0.00
-3.03
6.91
-0.21
0.00
6.91
-0.89
0.00
-0.29
-3.14
-2.10
-2.84
-1.19
0.06
0.22
0.03
-0.48
0.00
0.00
0.00
0.00
0.00
0.00
0.00
0.00
0.00
0.00
0.00
0.00
0.00
0.00
0.00
-2.24
0.00
-1.02
0.00
6.91
0.00
-0.37
-1.52
2.46
-1.92
0.91
-0.77
-0.39
-0.25
-3.25
0.00
0.00
-6.91
-1.24
-3.16
-1.86
1.63
-1.25
-0.64
0.00
-1.54
6.91
-1.87
0.00
-6.91
1.81
0.74
-2.40
-0.98
-0.83
-0.79
0.00
-6.91
-1.45
-0.17
-0.65
-0.03
-0.64
-0.16
0.00
-2.15
-6.91
0.00
0.00
0.00
-1.26
-0.44
0.00
-0.40
1.05
0.00
0.00
1.03
-2.50
0.00
0.85
-2.95
0.00
0.00
-6.91
0.38
0.00
-2.40
-0.49
0.00
0.00
2.70
-1.23
0.00
-2.20
-0.43
3.54
0.00
2.19
2.25
0.00
0.00
-0.94
-6.91
0.82
-0.43
0.00
0.00
-0.62
0.00
0.00
2.43
0.00
0.00
-1.78
0.00
0.00
2.32
0.00
-1.63
0.00
0.26
0.00
-1.70
0.00
0.75
0.00
-3.01
-1.10
0.00
-6.87
1.50
0.00
0.00
0.00
0.00
3.41
6.91
0.84
3.45
0.00
0.00
0.00
0.00
0.00
0.00
0.00
0.00
0.00
0.00
0.00
0.00
0.00
0.00
0.00
0.00
-2.79
0.00
-6.91
-0.16
-0.89
0.00
0.00
-0.09
0.00
0.39
0.00
0.00
0.00
0.00
-4.64
-2.05
0.00
0.00
0.00
0.00
-0.30
0.00
0.00
-1.47
0.00
-0.42
0.00
-1.31
0.00
0.06
-0.29
0.00
1.00
0.00
0.00
-1.55
0.00
0.00
0.00
0.00
6.91
1.60
1.46
0.00
-5.47
-0.79
0.00
0.00
0.00
-0.44
-0.14
0.00
-0.16
4.36
0.00
0.00
1.07
-6.91
0.00
2.42
-2.31
0.00
0.00
-6.91
0.42
0.00
-1.34
0.22
0.00
0.00
6.91
-0.65
0.00
-2.78
-1.41
1.53
0.00
1.76
1.46
0.00
0.00
-2.55
-3.10
-0.16
0.21
0.00
0.00
-0.41
0.00
0.00
1.95
0.00
0.00
-1.05
0.00
0.00
6.91
0.00
-1.35
0.00
0.07
0.00
-1.04
0.00
-0.12
0.00
-6.91
-0.48
0.00
-1.69
6.91
0.00
0.00
0.00
0.00
2.35
0.00
0.41
6.91
0.00
0.00
0.00
0.00
0.00
0.00
0.00
0.00
0.00
0.00
0.00
0.00
0.00
0.00
0.00
0.00
-6.91
0.00
-1.09
-0.53
-6.91
0.00
0.00
-0.18
0.00
0.80
0.00
0.00
0.00
0.00
-0.75
-1.05
0.00
0.00
0.00
0.00
0.39
0.00
0.00
-3.33
0.00
-0.96
0.00
-2.94
0.00
1.00
-0.19
0.00
6.91
0.00
0.00
-1.70
0.00
0.00
0.00
0.00
3.88
0.00
2.82
1.26
-0.01
0.82
1.52
0.96
0.66
-6.91
-6.91
0.18
-7.43
-0.22
1.23
2.69
-0.27
0.88
1.33
-0.72
0.06
1.17
1.44
-0.41
-2.11
0.61
0.08
-1.86
0.18
1.25
0.36
-1.68
3.09
0.38
-0.12
0.33
0.00
-0.49
-1.14
1.81
2.12
-0.67
0.67
-2.30
-1.48
1.32
1.29
-1.96
1.26
0.00
-0.36
1.46
2.52
0.01
0.68
0.96
-0.08
6.91
-1.36
1.39
-2.02
0.88
0.29
2.38
-3.28
0.01
-0.30
-3.14
0.74
0.60
-0.25
0.00
6.91
0.00
6.91
0.08
0.50
-0.29
0.34
0.00
0.00
0.00
0.00
0.00
0.00
0.00
0.00
0.00
0.00
0.00
0.00
0.00
0.00
0.00
6.91
-1.00
2.09
0.12
-6.91
0.06
0.00
0.63
-6.91
6.91
-2.20
6.91
2.10
1.57
0.00
-0.25
-0.37
6.91
0.94
2.12
0.17
-1.60
0.00
0.00
-0.01
0.00
-6.91
0.16
-1.15
1.48
-1.15
-6.91
0.55
-0.36
0.63
0.00
-0.06
1.06
0.00
2.09
1.30
-0.28
-0.37
-0.12
-1.36
0.00
0.00
-2.10
-1.34
-6.91
1.01
0.88
-2.39
3.96
-1.02
-6.91
-0.85
-0.96
0.00
-1.70
-1.01
0.00
-0.58
-5.14
0.00
0.62
-1.87
0.00
0.69
-1.96
-6.91
-1.02
1.70
-1.53
0.00
0.00
-0.11
-1.81
-0.22
-0.57
-0.70
-1.03
0.00
0.00
1.34
1.34
-0.75
-5.19
1.09
-6.91
-0.53
-0.83
-2.97
-1.26
0.00
-2.45
-4.02
-1.35
-1.26
0.00
-6.91
0.71
-1.26
0.00
-6.91
0.77
-3.59
0.00
1.10
-6.91
0.00
-0.52
-0.99
-3.39
-0.32
-2.08
-0.56
-1.41
0.27
-0.52
0.00
0.00
0.00
0.00
0.00
0.00
0.00
0.00
0.00
0.00
0.00
0.00
0.00
0.00
0.00
-0.31
0.00
-6.91
0.00
0.83
0.00
-0.67
-1.47
0.71
-0.94
0.06
-1.60
-3.78
-0.62
-1.87
0.00
0.00
-6.91
-6.91
-0.87
-6.91
2.06
-0.74
-0.36
0.00
-0.49
2.22
-1.80
0.00
-1.44
0.42
0.53
-1.60
-0.59
-2.03
-0.41
0.00
-1.71
-0.94
1.15
-2.40
-2.34
-1.33
-1.05
0.00
-0.72
0.44
6.91
1.27
0.77
-3.13
-3.18
1.76
-2.23
-0.53
0.65
0.00
-0.78
0.30
1.56
0.42
-0.17
0.00
3.10
-0.11
-6.91
1.45
-0.14
-2.05
0.61
1.31
-0.31
-2.71
6.91
-1.74
-0.40
-0.44
0.00
0.11
0.22
0.00
2.33
-1.34
0.04
-1.34
-6.16
2.13
1.81
-6.91
2.04
0.00
-0.03
0.00
1.00
-0.97
2.21
0.94
0.07
0.00
-1.08
1.05
-1.40
2.69
-0.03
0.49
-2.28
1.36
-0.70
-6.91
0.95
-0.85
-0.53
0.00
0.00
0.00
1.67
-0.76
-0.30
0.25
0.54
0.00
0.00
0.00
0.00
0.00
0.00
0.00
0.00
0.00
0.00
0.00
0.00
0.00
0.00
0.00
0.00
-1.16
0.38
-0.96
-2.07
-0.72
0.00
0.87
-2.45
1.57
-3.00
0.00
6.91
0.47
0.00
-0.18
0.02
2.92
1.68
1.43
0.34
-6.91
0.00
0.00
-0.95
0.00
-6.91
2.01
-0.05
6.91
-2.58
-6.91
2.58
-0.00
4.10
0.00
-0.16
1.04
0.00
0.00
2.14
0.20
0.51
-0.39
-1.94
2.67
0.00
-0.73
-6.91
-2.18
0.60
0.47
-6.91
1.73
-1.18
-0.92
-0.33
-2.49
0.00
-2.03
-0.66
1.56
-0.14
-2.86
1.84
0.63
-1.82
0.00
0.29
-1.31
-2.39
-1.89
0.54
-0.64
1.64
0.00
-1.03
-0.45
-0.44
0.05
0.09
-0.35
6.91
0.00
1.11
1.10
-1.81
-0.65
0.47
-3.29
0.47
-1.63
-1.96
-1.51
0.00
-2.18
-6.91
-1.58
-0.28
3.28
-0.43
1.07
-1.16
0.00
-1.09
0.85
-6.91
6.91
2.33
-1.14
0.00
-0.74
0.52
-1.39
-0.69
-3.02
-1.20
-0.54
-0.83
-1.63
0.00
0.00
0.00
0.00
0.00
0.00
0.00
0.00
0.00
0.00
0.00
0.00
0.00
0.00
0.00
0.00
6.91
-3.95
0.00
1.64
0.00
-0.45
-1.96
0.60
-1.65
-0.13
-0.93
-2.77
-2.43
-0.22
6.91
0.00
-0.38
-0.74
-0.61
-1.43
1.01
-0.21
-0.83
3.64
0.07
1.22
-6.91
0.00
-2.21
0.72
0.24
-6.91
-0.24
-1.90
0.20
0.00
-0.99
-0.98
-0.70
-0.95
-2.04
-1.44
-0.58
-1.15
0.00
0.00
-1.12
-0.56
-3.16
2.24
0.68
-0.16
1.67
-0.43
-2.02
-1.24
-0.97
0.00
-6.53
0.17
0.00
-0.79
-1.22
0.00
2.14
-1.02
0.00
1.43
-0.91
-0.45
0.21
6.91
-4.04
0.00
0.00
-0.00
-0.69
-0.58
0.75
-1.74
-1.22
0.00
0.00
0.58
1.58
-3.47
-0.36
6.91
-3.56
-1.88
0.62
-1.97
-4.35
0.00
-6.91
-2.23
0.12
-0.59
0.00
-1.90
3.77
-0.98
0.00
-0.63
0.74
-0.86
0.00
6.91
-0.89
0.00
-0.59
-0.75
-2.35
-0.59
-6.91
-0.35
-0.86
0.44
-0.44
0.00
0.00
0.00
0.00
0.00
0.00
0.00
0.00
0.00
0.00
0.00
0.00
0.00
0.00
0.00
-1.71
0.00
-3.01
0.00
2.07
0.00
-1.30
-1.66
1.24
-1.98
1.45
-2.84
-2.03
-0.64
-1.86
0.00
0.00
-2.47
-0.80
-3.10
-2.95
1.04
-1.32
-0.78
0.00
-0.55
1.58
-0.97
0.00
-1.38
0.54
6.91
-2.11
0.06
-2.98
-0.90
0.00
-0.97
-0.91
0.36
-1.73
-0.83
-0.60
0.32
0.66
0.38
6.91
-0.40
-1.43
-1.89
-0.42
-1.29
-1.97
0.83
-6.91
0.14
0.06
-6.91
2.93
-0.02
-6.91
0.38
-0.03
0.46
0.48
-0.30
-1.50
6.91
-0.97
-1.76
-0.10
-1.66
-0.14
0.17
0.72
2.24
-6.91
1.43
-1.30
-1.44
0.66
-0.50
0.85
6.91
-0.63
-0.77
-1.30
-1.84
0.91
-1.22
0.86
-1.57
-0.58
-0.64
2.18
-0.16
-1.27
-1.93
1.05
2.36
-0.25
-0.84
-0.52
0.99
-0.61
-1.14
-0.45
1.68
-0.52
-0.34
1.98
-1.43
0.15
-0.39
0.82
-0.23
-6.91
-2.87
-0.85
-6.91
0.00
0.00
0.00
0.00
0.00
0.00
0.00
0.00
0.00
0.00
0.00
0.00
0.00
0.00
0.00
0.81
1.88
-0.49
1.03
0.38
6.91
0.64
-0.19
0.41
0.13
-0.42
-0.01
0.20
-1.19
0.41
1.43
0.88
-0.71
-1.12
-0.09
-0.24
0.60
3.21
1.32
0.42
-0.18
0.73
-0.51
1.99
0.44
-0.75
0.13
-0.58
-2.10
-1.26
1.95
6.91
-0.76
-0.07
0.09
-0.24
-2.56
-0.72
-1.50
0.01
1.38
6.91
-0.61
-0.68
-0.54
0.91
-0.56
-3.61
1.23
-6.91
-1.29
0.51
-1.21
0.00
0.11
-0.79
1.39
-0.92
-1.40
1.40
-0.31
-0.83
1.49
0.35
-0.61
-0.12
-5.49
-0.24
-0.68
1.45
0.00
-1.72
0.39
-6.91
-1.85
-0.02
-0.94
1.15
6.91
-0.91
-0.09
-1.62
-0.20
-0.27
-0.16
-0.02
-6.91
-0.17
0.11
3.18
-1.06
-1.04
-6.91
-0.48
1.14
-1.19
0.29
-1.68
6.91
-1.07
-1.08
-0.18
1.75
-0.09
-1.58
1.69
-1.22
1.28
0.86
0.32
-0.85
-1.24
-6.91
-1.11
-3.83
0.00
0.00
0.00
0.00
0.00
0.00
0.00
0.00
0.00
0.00
0.00
0.00
0.00
0.00
0.00
0.23
0.99
-1.30
2.74
0.64
2.92
1.26
-1.66
0.71
-0.07
-0.76
0.50
0.12
-1.43
0.81
0.99
2.12
0.32
-1.03
-0.93
-0.89
0.67
0.39
0.09
6.91
0.06
0.47
-1.97
1.32
-0.83
-0.26
-0.73
-2.02
-6.91
-0.34
-0.06
1.70
0.18
0.37
0.16
0.01
-1.83
-2.56
-6.91
1.55
0.74
1.44
0.65
-1.66
0.30
0.15
-0.75
-0.10
-0.82
-1.03
0.00
0.44
-1.79
0.77
-0.61
-1.12
0.66
0.58
0.48
0.07
-0.92
-0.78
4.17
-2.52
-0.14
-0.30
-2.37
0.14
-0.50
-0.08
0.92
-1.55
0.53
-1.02
-6.91
0.15
0.43
0.44
1.26
-0.80
-0.47
-1.23
0.61
-0.01
0.34
1.29
-0.63
0.52
0.24
1.64
0.43
-0.88
-2.13
0.72
-0.02
-0.31
-1.33
-0.64
0.50
-0.58
-0.32
-0.65
1.12
-0.63
-0.77
0.71
-2.55
2.12
0.01
2.19
-0.55
-1.27
-2.64
-1.41
-2.15
0.00
0.00
0.00
0.00
0.00
0.00
0.00
0.00
0.00
0.00
0.00
0.00
0.00
0.00
0.00
0.67
0.77
-0.00
0.82
-0.82
0.32
1.08
-0.96
-0.27
-0.09
-0.30
1.62
0.81
-1.00
0.53
0.70
2.11
0.63
-0.10
0.97
0.23
-1.46
3.65
0.98
1.04
0.21
-1.53
-0.04
1.00
0.12
-1.61
-0.14
-1.33
-1.62
0.38
0.84
0.78
-0.19
0.77
1.02
-0.41
-2.90
-0.46
-1.09
-2.95
0.00
0.00
-1.76
-0.69
-0.78
0.00
1.95
0.10
0.00
0.25
-1.79
-6.91
0.53
0.00
-0.63
-0.31
0.00
-6.91
-1.15
0.00
0.00
-0.27
0.00
6.91
-0.51
-0.59
-0.45
0.00
-1.94
0.00
0.00
-0.13
-6.91
0.63
0.11
-6.91
-1.28
0.00
0.00
1.36
0.00
0.30
-1.53
0.00
-1.09
-1.00
0.70
-1.12
-1.39
0.00
-1.46
-0.58
-0.64
-1.82
0.00
-0.89
0.00
-1.59
0.00
-0.81
6.91
-0.52
0.00
0.00
-0.57
0.00
-0.23
-0.67
-6.91
-4.48
-1.12
1.10
-0.10
0.83
0.90
-4.66
0.00
2.22
-1.11
-2.71
0.00
0.00
2.54
-0.71
0.00
-1.32
-2.00
0.82
-0.39
0.24
0.00
0.00
0.00
0.00
0.00
0.00
0.00
0.00
0.00
0.00
0.00
0.00
0.00
0.00
-6.91
0.00
0.00
-0.79
-1.29
-1.17
-0.53
0.00
-1.66
-2.27
0.00
-6.91
0.00
-1.07
0.00
-4.61
1.88
1.35
-0.42
-0.13
-1.35
-1.17
0.00
-0.42
-1.63
0.65
-1.59
-0.00
0.29
0.67
0.00
-6.91
-2.08
0.00
2.94
0.00
-0.09
-0.37
2.15
-0.63
0.69
0.00
0.00
2.00
-0.47
0.00
0.96
-6.91
0.00
0.00
-1.35
-0.17
1.49
-1.02
-0.68
1.41
0.00
3.50
-1.94
0.00
-2.09
-1.73
0.63
0.00
6.91
1.27
0.00
0.00
-1.86
-0.66
-0.78
-0.53
3.74
0.00
-0.23
0.00
0.00
1.94
0.00
0.00
-0.85
0.00
0.00
0.83
0.00
-6.91
0.00
-1.35
0.00
-6.91
0.00
0.33
1.23
-6.91
-0.57
0.00
-3.64
1.30
0.00
0.00
0.00
0.00
0.61
1.49
0.78
1.14
0.00
-2.01
0.52
0.00
0.00
-4.01
-0.93
-0.09
0.00
-0.66
6.91
0.00
2.50
3.37
0.48
0.00
0.00
0.00
0.00
0.00
0.00
0.00
0.00
0.00
0.00
0.00
0.00
0.00
0.00
0.00
-1.43
-4.23
0.00
0.00
0.00
0.00
-0.45
0.00
0.00
-6.91
0.00
-0.56
0.00
-1.63
0.00
-0.22
-0.39
0.00
1.97
0.00
0.00
-1.20
0.00
0.00
0.00
0.00
2.06
1.35
0.78
-2.70
0.00
0.00
-2.52
-6.91
-6.91
1.34
0.98
-0.98
0.57
-2.80
-6.91
-2.43
-0.61
0.00
-1.58
-0.20
0.00
-2.03
-0.99
0.00
0.41
-6.91
0.00
0.59
-6.91
-6.91
-0.89
1.27
-6.91
0.00
0.00
-1.49
-0.36
-1.83
-0.48
-0.41
-1.75
0.00
0.00
0.15
1.93
-1.23
-3.37
1.52
-6.91
-1.28
-1.40
-1.98
-1.34
0.00
-4.73
-6.91
-2.92
-1.22
0.00
-6.91
1.01
-6.91
0.00
-6.91
-0.27
-3.75
0.00
0.82
-1.63
0.00
-1.02
-0.49
-2.39
-1.10
-1.24
-1.86
-0.53
-0.24
-1.13
-0.69
0.00
-0.10
-1.22
-1.13
0.00
0.00
1.26
-6.91
0.83
-0.97
-1.70
-0.17
-0.82
-1.20
0.00
0.00
0.00
0.00
0.00
0.00
0.00
0.00
0.00
0.00
0.00
0.00
0.00
0.00
-0.15
0.00
0.00
-1.05
-1.77
-6.73
-6.91
1.91
0.28
-1.16
0.00
-1.07
0.62
-1.44
0.00
-1.34
1.07
0.96
-6.91
-0.32
-6.91
-0.10
0.00
-1.33
-0.05
-0.60
-1.42
-3.49
-3.49
-1.75
0.00
-2.08
-1.12
0.00
0.00
0.00
-1.15
0.57
0.00
-0.14
1.32
0.00
0.00
6.91
-1.97
0.00
6.91
-1.49
0.00
0.00
-2.09
-0.50
0.00
-1.52
-0.00
0.00
0.00
4.19
-1.59
0.00
-0.52
-0.56
1.03
0.00
6.91
0.35
0.00
0.00
-1.21
-1.34
-0.17
0.38
0.00
0.00
-1.64
0.00
0.00
2.13
0.00
0.00
-2.11
0.00
0.00
3.68
0.00
-0.99
0.00
-0.94
0.00
-6.91
0.00
0.24
0.00
-1.22
-1.41
0.00
-2.89
5.45
0.00
0.00
0.00
0.00
2.54
6.91
1.31
6.91
0.00
-1.83
0.28
0.00
0.00
-6.91
-2.32
-1.00
0.00
-0.61
0.00
0.00
0.92
1.17
1.13
0.00
0.00
0.00
0.00
0.00
0.00
0.00
0.00
0.00
0.00
0.00
0.00
0.00
0.00
0.00
-1.25
-1.44
0.00
0.00
0.00
0.00
0.08
0.00
0.00
-4.76
0.00
-0.21
0.00
-2.01
0.00
-0.17
-0.58
0.00
6.91
0.00
0.00
-3.28
0.00
0.00
0.00
0.00
1.16
6.91
1.10
0.00
-1.24
-0.16
1.58
1.23
1.14
-2.02
-0.98
-0.09
-6.91
0.61
2.99
0.00
-0.12
-0.78
3.92
0.21
-1.26
0.00
1.32
-1.05
-3.33
0.42
-0.98
-1.40
0.30
1.82
-0.63
-1.81
1.39
-1.27
0.28
-0.40
0.00
0.38
-0.86
0.00
6.91
-0.85
-0.93
-6.91
-6.91
0.25
1.19
-3.22
0.71
0.00
0.52
0.00
1.51
-0.94
3.35
1.48
0.14
0.00
-0.34
1.73
-6.91
0.23
-0.59
0.91
-6.91
0.44
-0.31
-6.91
1.58
0.03
0.57
0.00
0.00
0.00
1.08
0.28
0.57
-0.65
0.86
0.00
-0.10
-1.00
0.43
6.91
-0.11
-0.08
-3.05
1.89
-6.91
0.56
2.15
0.45
-0.39
-1.39
0.00
0.00
0.00
0.00
0.00
0.00
0.00
0.00
0.00
0.00
0.00
0.00
0.00
0.00
0.00
-0.39
-1.53
1.70
1.50
3.87
0.43
-6.91
0.00
0.00
-1.86
0.00
-4.38
1.37
-1.57
2.06
-0.83
-1.20
1.29
0.98
4.18
0.00
0.13
4.35
0.00
0.00
6.91
-0.47
0.10
0.62
0.00
-6.15
-2.45
0.00
0.00
0.00
-0.52
0.92
0.00
0.13
3.02
0.00
0.00
6.91
-1.98
0.00
2.18
-1.27
0.00
0.00
-6.91
-0.15
0.00
-0.99
0.19
0.00
0.00
2.00
-1.23
0.00
-6.28
-3.08
0.94
0.00
1.89
0.53
0.00
0.00
-0.85
-2.76
-0.27
-0.44
0.00
0.00
-0.38
0.00
0.00
1.51
0.00
0.00
-7.86
0.00
0.00
2.19
0.00
-2.04
0.00
-0.66
0.00
-2.83
0.00
0.07
0.00
-6.91
0.28
0.00
-6.91
1.34
0.00
0.00
0.00
0.00
2.46
0.00
2.77
2.41
0.00
-3.43
0.21
0.00
0.00
-6.91
-2.10
-0.07
0.00
-1.07
0.00
0.00
1.67
6.91
2.40
0.00
0.00
0.00
0.00
0.00
0.00
0.00
0.00
0.00
0.00
0.00
0.00
0.00
0.00
0.00
-1.37
-1.20
0.00
0.00
0.00
0.00
0.31
0.00
0.00
-1.48
0.00
-0.08
0.00
-2.20
0.00
0.01
0.73
0.00
3.52
0.00
0.00
-6.91
0.00
0.00
0.00
0.00
3.94
0.00
1.28
-0.42
0.00
0.00
-1.64
-0.77
-1.17
0.00
0.00
1.14
0.00
-0.18
-1.29
-1.51
1.04
0.00
-0.48
0.87
0.00
-1.19
-0.33
0.00
0.00
0.54
0.00
0.00
-0.05
-0.70
1.30
0.00
-0.73
0.00
0.00
1.20
-1.41
-0.02
1.09
-1.93
-0.87
0.00
0.00
0.00
0.00
0.83
-0.08
0.00
-1.35
-1.49
0.18
-0.62
-0.43
0.00
0.29
-0.69
0.43
-2.34
0.00
-1.44
0.00
-0.48
0.00
-0.56
0.00
-0.44
0.00
0.00
-0.13
0.00
1.39
-3.37
-0.97
-1.71
-0.75
1.07
0.14
0.81
1.24
-1.00
0.00
0.00
0.62
-0.29
0.00
0.00
0.00
-0.45
0.00
-0.61
0.02
1.00
0.30
4.17
0.00
0.00
0.00
0.00
0.00
0.00
0.00
0.00
0.00
0.00
0.00
0.00
0.00
0.00
-2.47
0.00
0.00
-2.57
-0.18
-0.53
0.52
0.00
-1.77
-0.67
0.00
-2.20
0.00
0.48
0.00
-0.98
0.00
0.00
0.48
0.77
-0.03
-6.91
0.00
0.17
-2.23
3.32
0.14
0.11
0.63
0.84
-0.75
0.00
0.00
-1.82
-1.43
-1.34
0.82
0.77
-1.43
3.26
-2.02
-1.52
-4.27
-1.10
0.00
-1.35
-0.91
0.00
-3.04
-0.96
0.00
0.66
-1.74
0.00
0.60
-1.46
-6.91
-0.53
2.00
-6.91
0.00
0.00
0.21
-1.53
-1.35
-0.76
-3.24
-6.91
0.00
0.00
2.01
0.65
-2.16
-1.36
3.45
-6.91
-1.81
0.06
-2.62
-1.86
0.00
-1.01
-1.33
-0.05
-1.46
0.00
-2.00
1.04
-0.89
0.00
-4.74
1.64
-1.49
0.00
3.03
-6.91
0.00
-0.82
-0.69
-1.75
0.06
-3.11
-0.54
-0.58
-0.07
-1.14
-0.99
0.00
0.78
-6.91
-2.65
0.00
0.00
0.85
-3.24
6.91
-0.59
-6.91
-1.53
0.02
-0.77
0.00
0.00
0.00
0.00
0.00
0.00
0.00
0.00
0.00
0.00
0.00
0.00
0.00
0.00
-2.53
0.00
0.00
-3.38
-3.31
-1.35
-6.91
6.91
-1.05
-1.99
0.00
-0.59
1.44
-3.79
0.00
-2.08
0.41
0.45
-6.09
-0.72
-2.18
-1.18
0.00
-2.96
-0.16
0.75
-1.50
-0.78
-0.31
-0.10
2.25
-0.29
0.06
0.65
0.70
0.11
-6.91
-6.91
0.51
-0.91
-0.44
0.96
6.91
0.04
-0.53
6.91
-0.91
0.31
2.33
1.03
0.21
-6.91
0.95
-0.64
-1.69
1.29
2.21
-0.56
-6.91
0.94
0.02
0.21
0.30
0.00
-0.64
-0.06
6.91
1.89
-0.47
-0.48
-2.90
-6.91
0.18
0.44
-6.91
1.51
0.00
0.50
1.45
0.90
0.64
2.28
2.26
-0.06
2.99
-0.22
0.96
-2.05
0.05
0.44
1.28
-3.45
0.78
-0.89
-1.11
1.00
-0.32
-0.92
0.00
6.91
0.00
6.91
-0.34
-0.21
-0.32
-0.33
6.91
-1.38
-6.91
1.34
3.80
-0.10
-0.12
-6.91
0.44
-1.01
1.76
1.72
-0.31
-0.65
-1.09
0.00
0.00
0.00
0.00
0.00
0.00
0.00
0.00
0.00
0.00
0.00
0.00
0.00
0.00
1.97
-1.11
-0.22
1.76
2.96
0.82
0.88
-1.59
0.00
0.00
0.12
6.91
-6.91
0.39
0.17
1.01
-6.91
-1.36
0.37
0.28
2.65
0.00
-0.63
1.57
0.00
6.91
1.00
-0.14
0.46
0.22
-2.75
0.00
0.00
-1.19
-1.13
-1.66
1.60
6.91
-1.84
0.00
0.20
-1.30
-1.13
0.01
0.00
-1.98
-0.69
0.00
-6.91
-6.98
0.00
1.23
-0.23
0.00
1.94
-1.73
-2.82
-0.67
6.91
-2.67
0.00
0.00
0.30
-1.38
-1.31
0.50
-1.58
-6.91
0.00
0.00
1.45
1.32
-1.92
-2.42
6.91
-1.14
-3.25
-0.25
-2.37
-6.91
0.00
-1.09
-1.33
0.09
-1.26
0.00
-1.99
6.91
-0.77
0.00
-2.26
0.57
-1.22
0.00
6.91
-1.34
0.00
-0.31
-0.43
-0.80
-0.83
-0.67
-0.74
-0.07
0.10
0.19
-1.31
0.00
0.43
-1.38
-6.91
0.00
0.00
6.91
-1.44
2.03
-1.84
-0.33
-0.50
0.31
0.28
0.00
0.00
0.00
0.00
0.00
0.00
0.00
0.00
0.00
0.00
0.00
0.00
0.00
0.00
-1.70
0.00
0.00
-2.12
-2.86
-0.90
-0.70
6.91
-1.37
-1.51
0.00
-6.91
6.91
-1.99
0.00
-6.91
1.49
0.99
-1.91
-0.30
-1.00
-2.30
0.00
-2.39
-3.85
0.75
-0.85
-1.13
-1.58
-0.52
0.69
-0.11
1.17
2.75
1.19
0.61
-2.43
-1.69
-0.68
-1.46
0.28
1.29
0.98
-0.03
1.12
0.67
-0.83
0.57
1.03
1.77
-0.72
-0.96
0.58
-0.07
-1.32
-0.17
0.49
-0.14
-0.74
1.43
0.36
1.50
-1.37
1.94
-0.10
-1.81
1.25
0.93
-1.00
0.43
-4.56
-2.93
0.18
0.68
-0.62
0.61
0.00
-0.65
2.01
1.78
0.61
1.15
-0.16
-0.95
1.35
0.05
0.95
-3.85
0.80
0.56
0.22
-6.91
-0.12
0.32
-2.15
0.59
0.33
0.11
0.00
3.61
0.00
1.28
-0.24
-0.65
-0.49
-0.07
1.95
0.26
-6.91
0.80
3.55
0.83
-0.35
-5.67
0.06
-1.90
-0.15
0.35
-0.24
-0.20
-2.63
0.00
0.00
0.00
0.00
0.00
0.00
0.00
0.00
0.00
0.00
0.00
0.00
0.00
0.00
6.91
-0.69
-0.60
1.44
0.61
1.19
0.24
-1.39
0.00
1.41
-0.78
1.26
-6.91
-0.28
-0.40
2.57
-6.91
-6.91
0.79
-0.90
1.58
0.00
-0.48
1.28
1.44
0.97
1.45
-1.35
-0.29
-1.37
-6.91
0.00
0.00
-3.03
-0.02
-2.10
0.00
1.54
-0.52
0.00
0.89
-1.63
-0.94
-0.14
0.00
-2.07
-0.04
0.00
-1.25
-1.21
0.00
0.00
-1.00
0.00
3.38
0.14
-2.03
0.21
0.00
-2.21
0.00
0.00
0.89
-6.91
-0.29
1.66
-6.91
-2.05
0.00
0.00
2.63
0.00
-0.68
-1.15
0.00
-1.85
-2.40
0.56
-6.91
-1.18
0.00
-1.45
-1.54
0.43
-3.26
0.00
-1.02
0.00
-0.58
0.00
-1.13
1.30
0.28
0.00
0.00
-0.81
0.00
-0.30
-2.66
-1.20
-0.82
-1.38
-0.16
-0.40
1.13
0.54
-1.40
0.00
6.91
-1.59
-1.52
0.00
0.00
1.95
-0.71
0.00
-1.30
-1.12
-0.42
0.84
0.04
0.00
0.00
0.00
0.00
0.00
0.00
0.00
0.00
0.00
0.00
0.00
0.00
0.00
0.00
-6.91
0.00
0.00
-1.49
-2.16
-0.58
-0.02
0.00
-1.27
-1.32
0.00
-3.78
0.00
-0.08
0.00
-6.91
3.16
6.91
-1.30
0.96
-2.37
-2.56
0.00
-2.61
-1.39
0.62
-0.80
0.49
-0.98
0.93
-0.46
0.00
0.00
-1.48
-1.58
-0.60
0.88
0.55
-0.31
6.91
-0.10
-6.91
-1.67
-0.77
0.00
-1.72
0.72
0.00
-0.64
-6.91
0.00
6.91
-2.09
0.00
0.71
-2.10
-1.00
0.06
1.23
-2.10
0.00
0.00
0.20
-0.46
-0.35
0.24
-0.84
-0.53
0.00
0.00
1.58
3.37
-2.51
-0.95
5.86
-8.88
-0.88
0.53
-3.02
-0.56
0.00
-3.55
-2.13
-0.50
-1.46
0.00
-0.91
6.91
-0.41
0.00
-1.98
0.51
-2.35
0.00
1.49
-1.05
0.00
-0.19
-0.48
-1.25
-0.49
-1.52
0.18
-0.76
0.01
-0.97
-1.58
0.00
0.63
-3.84
-0.56
0.00
0.00
0.85
-0.72
1.92
-1.41
-7.18
-0.33
0.25
0.92
0.00
0.00
0.00
0.00
0.00
0.00
0.00
0.00
0.00
0.00
0.00
0.00
0.00
0.00
-2.27
0.00
0.00
-0.69
-2.73
-6.91
-0.61
1.66
-0.79
-1.68
0.00
-1.84
2.48
-1.65
0.00
-1.24
1.03
2.30
-6.91
0.54
-0.54
0.31
0.00
-1.99
-2.17
0.51
-1.40
-0.26
-1.56
-0.76
-0.91
1.73
0.00
-2.30
-1.27
-0.68
1.50
0.97
-2.41
0.81
-1.04
-1.37
-0.04
-2.28
0.00
-1.04
-1.56
1.60
-1.23
-0.83
2.30
0.00
-2.97
0.00
0.32
-3.18
-0.61
-0.30
1.01
-1.19
2.43
0.00
-1.32
-0.87
-2.17
-1.89
-0.91
-1.49
6.91
0.00
1.02
1.02
-3.47
-0.58
2.61
-6.91
0.52
-1.03
-1.01
-2.45
0.00
-2.34
-2.25
-1.64
-1.39
6.91
-1.13
1.73
-2.38
0.00
-0.75
0.33
-1.49
1.64
0.33
-2.50
0.00
-0.84
0.83
-1.47
-0.54
-0.86
-0.81
-0.80
-0.03
-1.41
-1.09
5.77
-0.23
-1.21
-0.95
0.00
0.00
0.05
-1.54
0.95
-2.85
-0.98
-0.96
-1.05
-0.77
0.00
0.00
0.00
0.00
0.00
0.00
0.00
0.00
0.00
0.00
0.00
0.00
0.00
0.00
-0.18
6.91
0.00
-1.05
-0.64
-0.42
-1.97
1.97
0.08
-0.67
3.29
-0.10
0.89
-4.41
0.00
-1.61
0.49
0.08
-1.37
-2.60
-2.27
0.03
0.00
-2.34
-0.90
0.55
-1.27
-1.13
-1.08
-1.89
0.00
0.00
0.00
0.00
0.00
0.00
0.00
0.00
0.00
0.00
0.00
0.00
0.00
0.00
0.00
0.00
0.00
0.00
-3.44
-1.55
0.00
0.00
-1.40
0.00
2.37
-0.42
-0.47
0.46
0.00
-1.42
0.00
0.00
-0.44
-1.75
-0.52
0.99
-6.91
-6.91
0.00
0.00
1.23
0.00
-0.79
-1.71
0.00
-0.53
-6.91
0.98
-1.67
-1.09
0.00
-1.18
-0.24
-0.70
-6.91
0.00
-0.69
0.00
-1.06
0.00
-1.08
6.91
-0.06
0.00
0.00
-2.63
0.00
0.65
-0.75
-6.91
-3.78
-1.43
0.21
0.37
0.88
-0.41
-6.91
0.00
1.59
0.03
-2.35
0.00
0.00
0.00
-1.24
0.00
0.05
-0.76
0.81
0.73
1.34
-2.02
0.00
-1.78
0.00
0.00
0.00
-2.11
-0.45
6.91
-6.91
6.91
-3.23
-0.70
0.30
0.00
0.00
0.00
0.00
0.00
0.00
0.00
0.00
0.00
0.00
0.00
-6.91
0.00
-0.26
0.00
-3.60
6.91
2.67
-0.48
0.69
-0.79
-1.82
0.00
-0.48
-6.91
1.25
-0.69
-0.71
-0.19
0.03
0.00
0.00
0.00
0.00
0.00
0.00
0.00
0.00
0.00
0.00
0.00
0.00
0.00
0.00
0.00
0.00
0.00
0.00
0.00
0.00
-1.53
-0.74
2.08
-1.21
-0.43
1.53
0.00
0.73
-0.41
0.00
-2.25
-0.64
1.75
0.00
6.91
1.62
0.00
0.00
-2.16
-1.46
-0.60
-0.67
1.80
0.00
-0.65
0.00
0.00
0.67
0.00
0.00
-2.67
0.00
0.00
1.04
0.00
-6.91
0.00
-0.47
0.00
-3.72
0.00
-0.45
3.76
-3.00
-0.21
0.00
-1.02
1.16
0.00
0.00
0.00
0.00
1.72
3.23
0.58
2.15
0.00
-1.33
0.27
0.00
0.00
-2.41
-0.78
-1.33
0.00
-1.42
2.55
0.00
2.31
1.73
0.68
0.00
-6.91
0.00
-1.00
-0.27
-0.85
0.00
0.00
-0.12
0.00
0.27
0.00
0.00
6.91
0.00
0.00
0.00
0.00
0.00
0.00
0.00
0.00
0.00
0.00
-1.36
0.00
-1.80
0.00
-6.91
0.00
0.62
0.04
0.00
1.76
0.00
0.00
-2.23
0.00
0.00
0.00
0.00
1.34
5.62
0.48
0.00
0.00
0.00
0.00
0.00
0.00
0.00
0.00
0.00
0.00
0.00
0.00
0.00
0.00
0.00
0.00
0.00
0.00
0.00
0.00
-0.83
0.12
0.00
-2.64
-0.73
0.00
0.00
6.91
0.04
0.00
-1.06
-0.99
3.19
0.00
6.91
3.77
0.00
0.00
-1.86
-4.85
0.34
-0.93
0.00
0.00
-1.21
0.00
0.00
2.01
0.00
0.00
-1.89
0.00
0.00
2.27
0.00
-2.35
0.00
-1.12
0.00
-2.27
0.00
0.74
0.00
-1.38
-0.37
0.00
-0.93
1.18
0.00
0.00
0.00
0.00
6.91
1.28
0.83
2.28
0.00
-1.25
0.25
0.00
0.00
-6.91
-1.14
-0.55
0.00
-0.32
0.00
0.00
0.72
1.45
0.45
0.00
-2.24
0.00
-6.91
-0.60
-1.62
0.00
0.00
0.38
0.00
-0.35
0.00
0.00
0.00
0.00
0.00
0.00
0.00
0.00
0.00
0.00
0.00
0.00
0.00
-1.37
0.00
-1.35
0.00
-6.91
0.00
-0.38
0.29
0.00
2.94
0.00
0.00
-1.72
0.00
0.00
0.00
0.00
6.91
6.91
1.96
0.00
0.00
0.00
0.00
0.00
0.00
0.00
0.00
0.00
0.00
0.00
0.00
0.00
0.00
0.00
0.00
0.00
0.00
-1.58
-2.34
0.00
1.67
-1.43
0.00
2.21
-0.87
-1.01
0.37
2.05
-6.91
0.00
0.00
-0.93
-1.15
-0.78
-0.03
-6.91
-6.91
0.00
0.00
3.22
1.37
-2.18
-1.12
3.36
-6.91
-0.39
-0.18
-1.05
-1.16
0.00
-1.17
-1.31
-0.64
-1.83
0.00
-6.91
2.65
-2.46
0.00
-6.91
1.81
-1.20
0.00
3.69
-0.68
0.00
-0.03
-0.68
-3.21
-1.14
-1.63
0.60
-0.32
-0.10
-0.08
-1.24
0.00
4.32
-4.12
-6.91
0.00
0.00
2.09
-2.37
3.10
-0.48
-0.92
-0.31
-1.15
0.15
-0.85
0.00
-0.70
0.00
6.91
0.00
-1.94
-2.97
1.35
-2.87
1.16
-0.78
-1.58
-0.75
0.00
0.00
0.00
0.00
0.00
0.00
0.00
0.00
0.00
0.00
0.00
-1.77
6.91
-2.04
0.00
-1.83
0.92
6.91
-0.61
-1.09
-6.91
-1.27
0.00
-6.91
-7.93
0.67
-1.22
-0.59
-0.80
0.12
0.00
0.00
0.00
0.00
0.00
0.00
0.00
0.00
0.00
0.00
0.00
0.00
0.00
0.00
0.00
0.00
0.00
0.00
-1.61
-6.91
0.00
1.22
-6.91
0.00
0.66
-2.89
-3.47
-0.55
1.35
-1.72
0.00
0.00
-1.16
-1.24
-1.08
0.17
-0.62
-6.91
0.00
0.00
1.94
1.36
-1.27
-3.02
2.81
-2.89
-0.01
-0.31
-3.25
-2.01
0.00
-3.75
-6.91
-1.68
-0.41
0.00
-2.10
3.34
-6.91
0.00
-6.91
1.01
-1.32
0.00
1.35
-2.05
0.00
-0.02
0.24
-1.73
-0.36
-2.40
-1.14
-0.70
-0.53
-0.20
-4.37
0.00
1.64
-6.91
-1.32
0.00
0.00
2.51
-1.33
2.37
-1.50
-2.19
-0.62
-0.61
0.72
-1.29
0.00
-2.86
0.00
0.94
0.00
-0.29
-3.45
0.72
-6.91
0.38
-2.31
-5.83
-2.46
0.00
0.00
0.00
0.00
0.00
0.00
0.00
0.00
0.00
0.00
0.00
-2.31
6.91
-1.27
0.00
-0.75
0.40
0.86
-3.25
-1.86
-6.91
-0.69
0.00
-4.30
-0.80
0.67
-1.77
-0.51
-0.53
-1.13
0.00
0.00
0.00
0.00
0.00
0.00
0.00
0.00
0.00
0.00
0.00
0.00
0.00
0.00
0.00
0.00
0.00
0.00
-0.62
-2.34
0.00
0.98
-0.66
0.00
1.87
-1.14
-1.63
-0.87
4.56
-0.91
0.00
0.00
-0.95
-0.34
-0.52
-0.66
-0.61
-1.40
0.00
0.00
0.74
1.13
-1.89
-1.12
3.09
-2.81
-1.68
-0.10
-3.15
-1.21
0.00
-3.47
-1.98
-0.20
-0.72
0.00
-1.19
3.18
-1.81
0.00
-2.93
2.63
-1.87
0.00
1.75
-0.84
0.00
-1.06
-0.83
-2.80
-0.90
-1.88
0.14
-0.64
0.04
-0.01
-1.23
0.00
0.58
-1.65
-1.72
0.00
0.00
0.78
-6.91
6.91
-2.95
-6.91
0.19
0.05
0.87
-1.48
0.00
-3.08
0.00
6.91
0.00
0.19
-6.91
2.86
-0.80
1.34
-1.02
-1.59
-0.69
0.00
0.00
0.00
0.00
0.00
0.00
0.00
0.00
0.00
0.00
0.00
-0.55
1.11
-1.72
0.00
-2.27
2.03
0.84
-1.48
0.51
-1.06
-1.07
0.00
-1.99
-1.80
-0.30
-6.91
-0.73
-0.37
-0.25
0.00
0.00
0.00
0.00
0.00
0.00
0.00
0.00
0.00
0.00
0.00
0.00
0.00
0.00
0.00
0.00
0.00
0.00
-2.14
-0.61
0.00
1.28
-6.91
0.00
1.06
-6.91
-1.81
-0.85
0.93
-3.80
0.00
0.00
-0.37
0.06
-0.53
0.23
-0.27
-0.51
0.00
0.00
1.22
1.68
-3.77
-0.72
3.42
-1.25
0.07
-1.63
-0.50
-6.91
0.00
-1.54
-6.91
-1.03
-1.83
0.00
-0.76
0.82
-6.91
0.00
-0.82
0.34
-1.19
0.00
1.58
-6.91
0.00
-0.15
-0.18
-0.60
0.28
-1.11
-1.81
-0.51
-0.58
-0.34
-0.18
0.00
0.38
-3.62
-0.47
0.00
0.00
0.53
-6.91
0.98
-1.95
-1.14
-2.10
-1.71
-1.20
-0.44
0.00
-6.91
0.00
1.81
0.00
-0.26
-3.41
0.24
-2.64
-0.26
-0.23
-6.91
-1.78
0.00
0.00
0.00
0.00
0.00
0.00
0.00
0.00
0.00
0.00
0.00
-1.69
1.00
-1.30
0.00
-1.15
0.48
1.90
-1.54
-0.42
-1.73
-0.53
0.00
-1.24
-0.71
0.75
-1.71
-0.93
-0.97
-0.33
0.00
0.00
0.00
0.00
0.00
0.00
0.00
0.00
0.00
0.00
0.00
0.00
0.00
0.00
0.00
0.00
0.00
0.00
0.00
1.11
-0.52
-2.43
0.53
-0.10
-2.36
1.81
6.91
0.27
-6.91
0.80
-1.34
0.78
-0.72
0.00
0.12
-0.08
0.00
1.94
-1.01
-0.31
-0.92
-4.43
1.10
0.70
-6.91
1.27
0.00
0.30
0.00
1.50
-0.69
2.99
1.93
0.16
0.00
-1.00
2.42
-6.91
0.99
-0.44
1.71
-6.91
0.56
-1.53
-2.00
1.20
-1.15
-0.71
0.00
0.00
0.00
1.50
-0.56
-0.21
-0.65
-0.12
0.00
-0.90
-0.96
0.82
6.91
0.11
-0.79
-1.46
3.42
-3.49
1.45
6.91
0.23
1.11
-0.18
0.00
-1.31
1.60
-1.13
-6.91
-0.81
0.00
3.27
-1.76
6.91
-6.91
0.00
1.10
0.84
0.00
0.00
0.00
0.00
0.00
0.00
0.00
0.00
0.00
0.00
-1.47
0.00
-6.91
1.95
-0.58
6.91
-1.91
-1.57
0.86
-0.11
1.14
0.00
-0.86
1.75
0.00
0.00
1.95
-0.45
-0.03
0.11
0.00
0.00
0.00
0.00
0.00
0.00
0.00
0.00
0.00
0.00
0.00
0.00
0.00
0.00
0.00
0.00
0.00
0.00
-1.96
-0.18
0.00
0.00
-0.49
0.00
0.00
0.85
-0.62
3.07
0.00
-1.18
0.00
0.00
0.61
-1.11
0.11
0.85
-0.84
-0.24
0.00
0.00
0.00
0.00
1.16
0.51
0.00
-0.52
-6.91
3.48
-2.32
-0.06
0.00
-0.99
0.42
1.88
-1.60
0.00
-0.47
0.00
-0.63
0.00
0.49
0.00
0.20
0.00
0.00
-0.91
0.00
2.44
-0.62
-2.90
-1.34
-1.09
1.00
0.71
1.44
0.84
-1.01
0.00
0.00
0.87
-0.57
0.00
0.00
0.00
-0.08
0.00
0.82
-1.39
2.40
2.63
3.00
-0.72
0.00
-0.17
0.00
0.00
0.00
-0.61
-0.95
0.00
-1.20
0.00
-1.24
-1.57
-0.18
0.00
0.00
0.00
0.00
0.00
0.00
0.00
0.00
0.00
0.00
0.00
-1.22
0.00
0.82
0.00
-0.01
0.00
0.00
0.43
0.61
0.49
-1.78
0.00
-0.49
-3.63
1.30
-1.28
0.25
1.46
0.99
0.00
0.00
0.00
0.00
0.00
0.00
0.00
0.00
0.00
0.00
0.00
0.00
0.00
0.00
0.00
0.00
0.00
0.00
-6.91
-1.38
0.00
0.00
-1.62
0.00
5.64
-0.59
-1.23
0.54
0.00
-0.68
0.00
0.00
0.66
-1.30
-0.34
1.41
-0.96
-0.99
0.00
0.00
1.49
0.00
-0.41
-0.37
0.00
-0.63
-6.91
0.29
-6.91
-0.37
0.00
-2.75
-1.31
0.63
-3.02
0.00
-1.25
0.00
-1.20
0.00
-1.39
1.97
-1.28
0.00
0.00
-0.44
0.00
0.02
-0.15
-6.91
-1.02
-5.22
0.98
-0.50
0.70
0.15
-1.37
0.00
1.31
-0.26
-1.74
0.00
0.00
0.00
-1.51
0.00
-1.65
-1.81
0.41
-0.39
1.41
-1.18
0.00
0.04
0.00
0.00
0.00
-0.61
-1.99
0.00
-1.79
6.91
-2.63
-0.63
-1.15
0.00
0.00
0.00
0.00
0.00
0.00
0.00
0.00
0.00
0.00
0.00
-1.73
0.00
-0.67
0.00
-1.32
2.99
0.00
-0.24
0.97
-0.33
-1.30
0.00
-0.91
-2.22
-0.31
-1.00
-0.33
-0.48
-0.30
0.00
0.00
0.00
0.00
0.00
0.00
0.00
0.00
0.00
0.00
0.00
0.00
0.00
0.00
0.00
0.00
0.00
0.00
0.00
0.00
0.00
0.00
0.00
0.00
0.00
0.00
0.00
0.00
0.00
0.00
0.00
0.00
0.00
0.00
0.00
0.00
0.00
0.00
-6.91
-1.23
-0.29
-0.30
1.58
0.00
-1.19
0.00
0.00
1.42
0.00
0.00
-3.23
0.00
0.00
3.42
0.00
-2.29
0.00
-0.28
0.00
-1.47
0.00
-0.74
6.91
-2.11
-1.81
0.00
-1.53
2.87
0.00
0.00
0.00
0.00
0.56
1.27
1.47
0.75
0.00
-6.91
0.22
0.00
0.00
-2.48
-3.18
-1.10
0.00
-2.38
6.91
0.00
1.33
1.17
0.64
0.00
-6.91
0.00
-2.84
-0.85
-6.91
0.00
0.00
-0.98
0.00
-0.35
0.00
0.00
6.91
0.00
-6.91
-6.91
0.00
0.00
0.00
0.00
-1.38
0.00
0.00
0.00
0.00
0.00
0.00
0.00
0.00
0.00
0.00
0.00
0.00
0.00
0.00
0.00
0.00
0.00
0.00
0.00
0.00
0.00
0.00
0.00
0.00
0.00
0.00
0.00
0.00
0.00
0.00
0.00
0.00
0.00
0.00
0.00
0.00
0.00
0.00
0.00
0.00
0.00
0.00
0.00
0.00
0.00
0.00
0.00
0.00
0.00
0.00
0.00
0.00
0.00
0.00
0.00
0.00
0.00
0.00
-6.91
-0.83
0.00
0.00
3.44
0.00
-0.11
-2.52
0.00
-0.23
-1.23
-0.22
-1.65
-1.26
0.00
-0.90
-0.18
-0.02
-1.43
0.00
-0.70
0.00
-1.46
0.00
-1.31
6.91
-0.10
0.00
0.00
-0.74
0.00
-0.26
-0.90
-1.11
-0.96
-1.31
1.07
-0.72
1.45
-0.04
-1.87
0.00
1.05
-0.19
-2.78
0.00
0.00
0.00
-0.38
0.00
-1.02
-1.90
-0.10
0.71
0.38
-2.43
0.00
-0.03
0.00
0.00
0.00
-1.32
-0.64
6.91
-6.91
1.85
-3.63
-2.05
-0.54
-6.91
0.00
0.00
-3.57
-3.08
-2.48
-1.76
0.00
-3.39
-0.69
0.00
0.00
0.00
0.00
0.00
0.00
0.00
0.00
0.00
0.00
0.00
0.00
0.00
0.00
0.00
0.00
0.00
0.00
0.00
0.00
0.00
0.00
0.00
0.00
0.00
0.00
0.00
0.00
0.00
0.00
0.00
0.00
0.00
0.00
0.00
0.00
0.00
0.00
0.00
0.00
0.00
0.00
0.00
0.00
0.00
0.00
0.00
0.00
0.00
0.00
0.00
0.00
0.00
0.00
0.00
0.00
0.00
6.91
-1.41
-0.09
-1.17
-1.24
0.30
2.51
-6.91
0.78
0.00
-0.23
0.00
1.45
-0.16
1.67
0.32
1.13
0.00
-1.23
6.91
-2.43
1.80
-0.81
0.50
-0.98
1.14
-0.69
-3.83
0.57
-0.46
-0.18
0.00
0.00
0.00
6.91
-0.18
1.23
0.20
0.79
0.00
-1.29
-2.15
0.90
6.91
0.07
0.21
-1.55
1.76
-6.91
1.10
6.91
0.21
-0.43
-1.31
0.00
-1.25
1.10
-1.23
-3.58
-0.72
0.00
6.91
-2.57
1.78
-5.30
0.00
1.57
1.35
0.00
-0.18
-0.66
6.91
1.73
2.56
0.79
-4.46
0.00
0.00
0.00
0.00
0.00
0.00
0.00
0.00
0.00
0.00
0.00
0.00
0.00
0.00
0.00
0.00
0.00
0.00
0.00
0.00
0.00
0.00
0.00
0.00
0.00
0.00
0.00
0.00
0.00
0.00
0.00
0.00
0.00
0.00
0.00
0.00
0.00
0.00
0.00
0.00
0.00
0.00
0.00
0.00
0.00
0.00
0.00
0.00
0.00
0.00
0.00
0.00
0.00
0.00
0.00
0.00
0.00
0.00
-1.01
-1.37
0.00
0.00
1.16
2.51
-1.40
-1.52
0.77
-6.91
0.38
-0.88
-0.57
-0.86
0.00
-6.91
-1.79
-0.65
-2.02
0.00
-1.83
0.40
-6.91
0.00
-6.91
-0.09
-1.46
0.00
4.53
-6.91
0.00
-1.20
-0.42
-0.45
-0.12
-6.91
-0.06
-0.45
-0.91
-0.22
-0.14
0.00
1.14
-6.91
-0.69
0.00
0.00
1.92
-2.34
0.34
-1.23
-1.09
-2.29
-0.57
-0.90
-1.14
0.00
-6.91
0.00
3.60
0.00
-0.71
-1.13
0.94
-0.62
0.10
-1.27
-2.13
-0.87
-1.33
0.00
0.00
-0.63
-6.91
-0.86
-0.99
0.74
0.65
-0.44
0.00
0.00
0.00
0.00
0.00
0.00
0.00
0.00
0.00
0.00
0.00
0.00
0.00
0.00
0.00
0.00
0.00
0.00
0.00
0.00
0.00
0.00
0.00
0.00
0.00
0.00
0.00
0.00
0.00
0.00
0.00
0.00
0.00
0.00
0.00
0.00
0.00
0.00
0.00
0.00
0.00
0.00
0.00
0.00
0.00
0.00
0.00
0.00
0.00
0.00
0.00
0.00
0.00
0.00
0.00
0.00
0.00
0.00
-6.91
-2.65
-0.06
0.10
0.00
0.00
-0.43
0.00
0.00
1.35
0.00
0.00
-3.37
0.00
0.00
6.91
0.00
-6.91
0.00
-0.50
0.00
-6.91
0.00
-0.51
0.00
-1.54
-0.83
0.00
-2.52
2.14
0.00
0.00
0.00
0.00
2.36
6.91
2.71
6.91
0.00
-5.46
-0.22
0.00
0.00
-6.91
-2.16
-0.39
0.00
-0.20
0.00
0.00
1.93
6.91
1.50
0.00
-1.08
0.00
-4.45
-1.45
-2.42
0.00
0.00
-0.64
0.00
0.47
0.00
0.00
0.00
0.00
-2.38
-1.99
0.00
0.00
0.00
0.00
-1.16
0.00
0.00
0.00
0.00
0.00
0.00
0.00
0.00
0.00
0.00
0.00
0.00
0.00
0.00
0.00
0.00
0.00
0.00
0.00
0.00
0.00
0.00
0.00
0.00
0.00
0.00
0.00
0.00
0.00
0.00
0.00
0.00
0.00
0.00
0.00
0.00
0.00
0.00
0.00
0.00
0.00
0.00
0.00
0.00
0.00
0.00
0.00
0.00
0.00
0.00
0.00
0.00
0.00
0.00
0.00
0.00
0.00
0.00
-6.91
-1.59
0.00
0.00
1.34
1.34
-0.43
-3.72
3.03
-0.90
-2.17
0.14
-1.20
-1.91
0.00
-0.70
-0.42
0.02
-1.49
0.00
-6.91
1.27
-2.57
0.00
-3.48
3.84
-0.52
0.00
1.64
-2.89
0.00
-0.39
-1.52
-2.36
-0.90
-1.90
-0.56
-1.38
0.67
0.24
-6.91
0.00
1.41
-1.76
-3.69
0.00
0.00
0.93
-1.83
1.86
-2.27
-2.68
-0.44
-1.11
0.88
-1.29
0.00
-1.50
0.00
3.07
0.00
-0.41
-6.91
3.04
-2.88
0.48
-1.60
-0.56
-2.34
-6.91
0.00
0.00
-6.91
-0.74
-1.38
-1.52
1.34
-0.94
-0.60
0.00
0.00
0.00
0.00
0.00
0.00
0.00
0.00
0.00
0.00
0.00
0.00
0.00
0.00
0.00
0.00
0.00
0.00
0.00
0.00
0.00
0.00
0.00
0.00
0.00
0.00
0.00
0.00
0.00
0.00
0.00
0.00
0.00
0.00
0.00
0.00
0.00
0.00
0.00
0.00
0.00
0.00
0.00
0.00
0.00
0.00
0.00
0.00
0.00
0.00
0.00
0.00
0.00
0.00
0.00
0.00
0.78
1.35
-0.36
-0.01
-2.05
-6.91
-0.48
0.21
-1.83
-0.01
0.00
-1.33
1.18
1.95
0.47
2.01
1.36
-1.35
2.25
-0.88
2.91
-1.31
0.19
0.89
0.37
-2.76
-0.53
0.89
-1.12
1.52
0.63
-0.65
0.00
6.91
0.00
0.90
-1.77
0.36
-0.30
-0.20
0.83
-0.08
-6.91
-0.07
2.51
0.68
0.11
-1.96
-0.02
-1.97
0.09
0.55
-1.52
0.04
-3.46
2.63
0.40
-0.25
-0.31
-2.65
0.25
0.00
1.05
-6.91
3.78
-1.47
6.91
3.04
0.62
1.63
-0.01
-0.31
0.86
1.44
2.46
0.03
-1.16
0.00
1.44
0.00
0.00
0.00
0.00
0.00
0.00
0.00
0.00
0.00
0.00
0.00
0.00
0.00
0.00
0.00
0.00
0.00
0.00
0.00
0.00
0.00
0.00
0.00
0.00
0.00
0.00
0.00
0.00
0.00
0.00
0.00
0.00
0.00
0.00
0.00
0.00
0.00
0.00
0.00
0.00
0.00
0.00
0.00
0.00
0.00
0.00
0.00
0.00
0.00
0.00
0.00
0.00
0.00
0.00
0.00
0.00
1.22
0.89
0.03
0.15
-1.50
-6.91
0.17
0.50
-6.91
0.81
0.00
-0.44
1.45
2.91
-0.09
0.89
0.21
-0.21
3.34
0.21
6.91
-1.81
0.60
-0.76
0.17
-1.99
0.16
-0.22
-1.04
0.45
0.85
-0.67
0.00
1.90
0.00
2.84
-0.95
0.01
-1.34
-0.14
1.70
-0.24
-1.37
1.57
1.76
-0.36
0.38
-2.11
1.51
-3.21
0.72
2.10
-0.67
-0.32
-0.37
6.91
-0.03
0.12
0.17
-6.91
0.18
0.00
1.06
-1.84
1.47
-6.91
2.38
2.94
0.68
6.91
-0.06
-0.31
6.91
0.41
6.91
1.96
-1.65
0.00
0.00
0.00
0.00
0.00
0.00
0.00
0.00
0.00
0.00
0.00
0.00
0.00
0.00
0.00
0.00
0.00
0.00
0.00
0.00
0.00
0.00
0.00
0.00
0.00
0.00
0.00
0.00
0.00
0.00
0.00
0.00
0.00
0.00
0.00
0.00
0.00
0.00
0.00
0.00
0.00
0.00
0.00
0.00
0.00
0.00
0.00
0.00
0.00
0.00
0.00
0.00
0.00
0.00
0.00
0.00
0.00
0.00
-0.45
-1.95
0.00
0.00
0.82
0.77
-6.91
-1.12
1.19
-6.91
-0.35
-1.40
-1.80
-2.19
0.00
-2.22
-2.39
-1.46
-0.37
0.00
-0.56
0.87
-2.07
0.00
-0.96
1.17
-2.61
0.00
0.46
-2.24
0.00
-0.56
-0.68
-0.43
-1.06
-2.84
-1.80
-0.43
-1.61
-0.73
-1.77
0.00
0.18
-1.70
-1.27
0.00
0.00
0.22
-1.57
0.33
-6.91
-1.08
-0.34
-1.64
-0.54
-0.15
0.00
-6.91
0.00
0.92
0.00
-0.03
-1.44
1.16
-0.20
0.62
-0.48
-1.21
-6.91
0.02
0.00
0.00
-1.82
-1.68
-0.70
-1.34
0.41
0.17
-1.13
0.00
0.00
0.00
0.00
0.00
0.00
0.00
0.00
0.00
0.00
0.00
0.00
0.00
0.00
0.00
0.00
0.00
0.00
0.00
0.00
0.00
0.00
0.00
0.00
0.00
0.00
0.00
0.00
0.00
0.00
0.00
0.00
0.00
0.00
0.00
0.00
0.00
0.00
0.00
0.00
0.00
0.00
0.00
0.00
0.00
0.00
0.00
0.00
0.00
0.00
0.00
0.00
0.00
0.00
0.00
0.00
-0.87
-0.24
1.27
1.45
-1.20
0.61
-0.46
-1.22
0.86
-0.08
0.23
-2.57
-0.23
-0.73
6.91
0.02
-0.63
-6.91
0.32
1.25
-0.22
-0.57
-0.71
6.91
-2.37
-0.59
-2.37
1.45
0.75
-0.02
4.82
-2.10
-0.24
0.08
0.05
-0.98
-1.33
-6.91
-0.71
-6.13
0.03
1.94
0.36
-1.16
0.01
3.01
4.85
0.65
-1.74
-0.28
-0.26
-1.02
-6.91
-6.91
-0.40
-0.66
1.89
-1.03
3.61
-0.38
1.50
0.99
-0.46
0.67
-1.33
-0.88
0.07
0.26
-1.89
0.61
1.75
1.96
0.21
-0.20
-1.06
-2.34
-0.23
1.94
0.43
0.00
0.00
0.00
0.00
0.00
0.00
0.00
0.00
0.00
0.00
0.00
0.00
0.00
0.00
0.00
0.00
0.00
0.00
0.00
0.00
0.00
0.00
0.00
0.00
0.00
0.00
0.00
0.00
0.00
0.00
0.00
0.00
0.00
0.00
0.00
0.00
0.00
0.00
0.00
0.00
0.00
0.00
0.00
0.00
0.00
0.00
0.00
0.00
0.00
0.00
0.00
0.00
0.00
0.00
0.00
0.00
-0.84
-1.41
0.00
0.00
0.68
1.76
-2.43
-6.91
6.91
-6.91
-0.44
-0.18
-1.93
-6.91
0.00
-2.95
-2.13
-0.99
-1.71
0.00
-1.07
1.43
-5.81
0.00
-1.23
1.31
-0.70
0.00
2.47
-1.88
0.00
-1.01
-1.58
-1.17
0.05
-2.88
-0.22
-2.07
-0.16
-1.26
-2.48
0.00
1.34
-6.91
-1.33
0.00
0.00
0.44
-6.91
1.37
-0.81
-0.52
-0.47
-0.22
-0.10
-1.71
0.00
-6.91
0.00
1.21
0.00
0.25
-1.15
1.25
-6.91
0.22
-1.55
-0.98
-2.76
-2.41
0.00
0.00
-1.38
-2.35
-0.44
-3.41
0.72
-0.82
-1.60
0.00
0.00
0.00
0.00
0.00
0.00
0.00
0.00
0.00
0.00
0.00
0.00
0.00
0.00
0.00
0.00
0.00
0.00
0.00
0.00
0.00
0.00
0.00
0.00
0.00
0.00
0.00
0.00
0.00
0.00
0.00
0.00
0.00
0.00
0.00
0.00
0.00
0.00
0.00
0.00
0.00
0.00
0.00
0.00
0.00
0.00
0.00
0.00
0.00
0.00
0.00
0.00
0.00
0.00
0.00
0.00
-0.91
-0.73
0.00
0.00
0.00
0.00
1.07
-0.77
0.00
-0.53
-6.91
0.95
-0.38
-0.53
0.00
-0.81
0.72
1.57
-3.16
0.00
-0.32
0.00
-0.67
0.00
0.04
0.00
-0.16
0.00
0.00
-0.46
0.00
0.27
-6.91
-2.09
-1.97
0.22
1.25
-0.10
1.06
1.40
-1.24
0.00
0.00
0.12
-0.67
0.00
0.00
0.00
-0.12
0.00
-0.02
0.32
0.40
0.85
2.21
-0.81
0.00
0.65
0.00
0.00
0.00
-1.36
0.21
0.00
-0.66
0.00
-2.10
-0.72
-0.07
-1.87
0.00
0.00
-0.57
-0.94
-0.21
0.14
0.00
-1.19
-1.53
0.00
0.00
0.00
0.00
0.00
0.00
0.00
0.00
0.00
0.00
0.00
0.00
0.00
0.00
0.00
0.00
0.00
0.00
0.00
0.00
0.00
0.00
0.00
0.00
0.00
0.00
0.00
0.00
0.00
0.00
0.00
0.00
0.00
0.00
0.00
0.00
0.00
0.00
0.00
0.00
0.00
0.00
0.00
0.00
0.00
0.00
0.00
0.00
0.00
0.00
0.00
0.00
0.00
0.00
0.00
0.00
0.00
0.00
-1.73
-6.91
-0.64
-0.70
0.00
0.00
0.25
0.00
0.00
1.18
0.00
0.00
-6.91
0.00
0.00
6.91
0.00
-1.95
0.00
-1.08
0.00
-1.81
0.00
-0.38
0.00
-1.14
-0.77
0.00
-1.78
1.86
0.00
0.00
0.00
0.00
1.05
6.91
2.49
2.87
0.00
-3.57
-0.18
0.00
0.00
-1.14
-6.91
-0.08
0.00
-0.91
0.00
0.00
0.73
1.14
1.93
0.00
-6.91
0.00
-1.20
0.29
-6.91
0.00
0.00
-0.10
0.00
0.68
0.00
0.00
0.00
0.00
-2.03
-4.08
0.00
0.00
0.00
0.00
-0.34
0.00
0.00
0.00
0.00
0.00
0.00
0.00
0.00
0.00
0.00
0.00
0.00
0.00
0.00
0.00
0.00
0.00
0.00
0.00
0.00
0.00
0.00
0.00
0.00
0.00
0.00
0.00
0.00
0.00
0.00
0.00
0.00
0.00
0.00
0.00
0.00
0.00
0.00
0.00
0.00
0.00
0.00
0.00
0.00
0.00
0.00
0.00
0.00
0.00
0.00
0.00
0.00
0.00
0.00
0.00
0.00
0.00
0.00
-0.96
-1.32
0.00
0.00
1.15
2.23
-3.75
-1.14
1.53
-1.21
-0.40
-1.15
-6.91
-2.72
0.00
-2.51
-0.59
-0.07
-2.20
0.00
-1.22
6.91
-0.93
0.00
-1.27
0.42
-1.99
0.00
6.91
-6.91
0.00
-0.61
-0.23
-0.75
-0.48
-1.11
-1.25
-0.90
-0.76
-0.46
-0.79
0.00
0.23
-3.18
-2.13
0.00
0.00
1.84
-6.91
6.91
-2.46
-3.44
-1.28
-1.09
-0.74
-4.12
0.00
-0.88
0.00
1.78
0.00
-1.01
-6.91
0.69
-5.49
0.42
-1.91
-0.92
-1.36
-2.29
0.00
0.00
-2.71
-2.45
-1.07
-1.14
0.72
-0.60
-3.09
0.00
0.00
0.00
0.00
0.00
0.00
0.00
0.00
0.00
0.00
0.00
0.00
0.00
0.00
0.00
0.00
0.00
0.00
0.00
0.00
0.00
0.00
0.00
0.00
0.00
0.00
0.00
0.00
0.00
0.00
0.00
0.00
0.00
0.00
0.00
0.00
0.00
0.00
0.00
0.00
0.00
0.00
0.00
0.00
0.00
0.00
0.00
0.00
0.00
0.00
0.00
0.00
0.00
0.00
0.00
0.00
-2.89
-5.92
0.00
0.00
6.91
0.00
-1.13
-0.89
0.00
-0.06
-3.06
1.14
-0.69
-1.94
0.00
-0.60
-0.40
0.37
-1.09
0.00
-3.67
0.00
-0.38
0.00
-0.90
6.91
-0.07
0.00
0.00
-0.83
0.00
1.11
-1.04
-6.91
-1.50
-0.93
-0.25
-0.37
0.69
0.89
-6.91
0.00
2.80
-1.02
-2.07
0.00
0.00
0.00
-0.35
0.00
0.32
-0.19
-0.14
0.40
1.17
-1.33
0.00
-1.00
0.00
0.00
0.00
-1.81
-0.47
0.00
-4.50
1.55
-6.91
-1.40
-0.54
-6.91
0.00
0.00
-3.26
-0.17
-1.19
-0.98
0.00
-0.53
-1.87
0.00
0.00
0.00
0.00
0.00
0.00
0.00
0.00
0.00
0.00
0.00
0.00
0.00
0.00
0.00
0.00
0.00
0.00
0.00
0.00
0.00
0.00
0.00
0.00
0.00
0.00
0.00
0.00
0.00
0.00
0.00
0.00
0.00
0.00
0.00
0.00
0.00
0.00
0.00
0.00
0.00
0.00
0.00
0.00
0.00
0.00
0.00
0.00
0.00
0.00
0.00
0.00
0.00
0.00
0.00
0.00
0.48
0.13
0.00
0.00
1.92
2.00
-0.33
1.44
0.00
1.10
0.75
1.23
-0.44
-0.19
0.00
0.48
-1.25
0.47
0.88
0.00
-0.25
6.91
0.01
0.00
-0.12
3.88
0.06
0.00
0.00
-0.52
0.00
0.19
2.10
0.45
1.51
-0.60
0.56
0.29
1.28
1.47
1.22
0.00
1.57
0.39
1.40
0.00
0.00
1.46
0.09
0.00
-0.57
-0.49
1.59
1.41
0.06
1.05
0.00
-0.36
0.00
0.00
0.00
2.39
-0.10
1.74
0.71
6.91
-0.08
-0.91
0.53
0.88
0.00
0.00
1.07
0.18
-0.87
-0.51
0.00
0.25
0.23
0.00
0.00
0.00
0.00
0.00
0.00
0.00
0.00
0.00
0.00
0.00
0.00
0.00
0.00
0.00
0.00
0.00
0.00
0.00
0.00
0.00
0.00
0.00
0.00
0.00
0.00
0.00
0.00
0.00
0.00
0.00
0.00
0.00
0.00
0.00
0.00
0.00
0.00
0.00
0.00
0.00
0.00
0.00
0.00
0.00
0.00
0.00
0.00
0.00
0.00
0.00
0.00
0.00
0.00
0.00
0.00
-1.22
-1.93
0.00
0.00
3.58
1.55
-0.79
-2.53
1.86
-3.75
-1.27
-0.68
-2.05
-3.66
0.00
-1.90
-1.21
-0.86
-0.88
0.00
-0.82
1.66
-0.59
0.00
-3.00
1.49
-1.23
0.00
6.91
-2.07
0.00
0.39
-1.59
-2.42
-0.77
-1.46
-0.74
0.02
-0.63
0.27
-0.76
0.00
4.76
-1.89
-1.71
0.00
0.00
6.91
-1.05
2.60
-1.66
-3.39
-0.37
-0.12
-0.15
-1.94
0.00
-0.44
0.00
6.91
0.00
-0.92
-2.62
3.96
-3.77
1.27
-6.91
-1.99
-2.07
-1.88
0.00
0.00
-1.55
-6.91
-6.91
-1.83
6.91
-0.89
-2.36
0.00
0.00
0.00
0.00
0.00
0.00
0.00
0.00
0.00
0.00
0.00
0.00
0.00
0.00
0.00
0.00
0.00
0.00
0.00
0.00
0.00
0.00
0.00
0.00
0.00
0.00
0.00
0.00
0.00
0.00
0.00
0.00
0.00
0.00
0.00
0.00
0.00
0.00
0.00
0.00
0.00
0.00
0.00
0.00
0.00
0.00
0.00
0.00
0.00
0.00
0.00
0.00
0.00
0.00
0.00
0.00
-0.67
-1.02
1.32
2.97
-0.47
-0.51
-3.53
-0.21
0.23
-1.30
0.70
-2.25
0.32
-1.46
6.91
-0.23
-0.78
-6.91
0.04
1.35
-1.10
-0.34
-3.17
2.26
-0.83
-1.19
-0.78
1.74
0.56
-2.19
6.91
-2.31
0.42
-0.07
0.16
-0.39
-2.14
-1.78
-1.31
-1.68
-0.40
1.59
-0.02
-0.91
0.17
2.39
1.33
-0.20
-0.38
0.68
-1.46
-1.02
-2.33
-1.09
-0.95
0.67
1.62
-1.40
3.19
0.08
1.64
0.79
-0.10
-0.60
0.12
-0.78
0.84
-0.33
-2.20
0.84
0.82
6.91
-0.52
-0.22
-0.90
-0.31
0.77
0.23
0.85
0.00
0.00
0.00
0.00
0.00
0.00
0.00
0.00
0.00
0.00
0.00
0.00
0.00
0.00
0.00
0.00
0.00
0.00
0.00
0.00
0.00
0.00
0.00
0.00
0.00
0.00
0.00
0.00
0.00
0.00
0.00
0.00
0.00
0.00
0.00
0.00
0.00
0.00
0.00
0.00
0.00
0.00
0.00
0.00
0.00
0.00
0.00
0.00
0.00
0.00
0.00
0.00
0.00
0.00
0.00
0.00
-0.72
-1.79
2.49
0.00
-0.06
-0.34
-1.39
-1.25
0.89
-0.90
-0.11
-2.72
0.07
-0.82
0.00
-0.57
-1.49
-2.09
0.35
1.55
-1.01
0.16
-0.80
0.00
-0.93
0.09
-1.37
6.91
1.03
-0.74
0.00
-1.34
0.62
0.48
-0.30
-0.21
-1.76
-1.33
-0.73
-1.08
-1.09
1.08
-0.68
-1.17
-1.63
1.85
0.00
1.01
-1.39
1.41
-0.90
-1.03
-1.42
-0.99
-1.27
0.61
0.95
-0.94
1.56
1.18
0.00
1.10
-2.47
-0.08
-0.57
-0.29
0.12
-0.73
-2.13
0.17
1.12
4.09
-0.06
-0.60
-0.79
-1.73
1.01
1.40
-0.34
0.00
0.00
0.00
0.00
0.00
0.00
0.00
0.00
0.00
0.00
0.00
0.00
0.00
0.00
0.00
0.00
0.00
0.00
0.00
0.00
0.00
0.00
0.00
0.00
0.00
0.00
0.00
0.00
0.00
0.00
0.00
0.00
0.00
0.00
0.00
0.00
0.00
0.00
0.00
0.00
0.00
0.00
0.00
0.00
0.00
0.00
0.00
0.00
0.00
0.00
0.00
0.00
0.00
0.00
0.00
0.00
0.34
-0.69
0.40
2.36
0.20
0.10
-1.42
-1.27
0.51
-0.70
1.62
-1.07
0.31
-0.08
4.42
-0.60
-0.57
-3.58
0.40
1.90
0.52
0.09
-0.53
5.44
-0.01
-1.68
-1.68
1.00
0.20
-0.55
2.95
-1.70
0.10
1.05
0.10
-0.99
-6.91
-1.22
-6.91
-6.91
0.26
0.86
-0.57
-0.23
0.41
2.45
1.78
-0.65
-0.89
0.13
-1.31
-0.75
-6.91
-6.91
-4.46
0.04
1.80
-1.10
1.52
-0.11
6.91
1.84
-1.00
-0.70
-0.21
-0.33
0.73
0.20
-1.45
-0.25
1.18
3.21
-0.43
-0.76
0.49
-2.11
0.80
0.67
-0.26
0.00
0.00
0.00
0.00
0.00
0.00
0.00
0.00
0.00
0.00
0.00
0.00
0.00
0.00
0.00
0.00
0.00
0.00
0.00
0.00
